IEC 61083-2 TDG Version 2.1.0
Data File Version  2.1.0
02 LI-A2
8 bits, 10000 samples at 10ns
1.000000e-008
0
0
0
0
0
0
0
0
0
0
0
0
0
0
0
0
0
0
0
0
0
0
0
0
0
0
0
0
0
0
0
0
0
0
0
0
0
0
0
0
0
0
0
0
0
0
0
0
0
0
0
0
0
0
0
0
0
0
0
0
0
0
0
0
0
0
0
0
0
0
0
0
0
0
0
0
0
0
0
0
0
0
0
0
0
0
0
0
0
0
0
0
0
0
0
0
0
0
0
0
0
0
0
0
0
0
0
0
0
0
0
0
0
0
0
0
0
0
0
0
0
0
0
0
0
0
0
0
0
0
0
0
0
0
0
0
0
0
0
0
0
0
0
0
0
0
0
0
0
0
0
0
0
0
0
0
0
0
0
0
0
0
0
0
0
0
0
0
0
0
0
0
0
0
0
0
0
0
0
0
0
0
0
0
0
0
0
0
0
0
0
0
0
0
0
0
0
0
0
0
0
0
0
0
0
0
0
0
0
0
0
0
0
0
0
0
0
0
0
0
0
0
0
0
0
0
0
0
0
0
0
0
0
0
0
0
0
0
0
0
0
0
0
0
0
0
0
0
0
0
0
0
0
0
0
0
0
0
0
0
0
0
0
0
0
0
0
0
0
0
0
0
0
0
0
0
0
0
0
0
0
0
0
0
0
0
0
0
0
0
0
0
0
0
0
0
0
0
0
0
0
0
0
0
0
0
0
0
0
0
0
0
0
0
0
0
0
0
0
0
0
0
0
0
0
0
0
0
0
0
0
0
0
0
0
0
0
0
0
0
0
0
0
0
0
0
0
0
0
0
0
0
0
0
0
0
0
0
0
0
0
0
0
0
0
0
0
0
0
0
0
0
0
0
0
0
0
0
0
0
0
0
0
0
0
0
0
0
0
0
0
0
0
0
0
0
0
0
0
0
0
0
0
0
0
0
0
0
0
0
0
0
0
0
0
0
0
0
0
0
0
0
0
0
0
0
0
0
0
0
0
0
0
0
0
0
0
0
0
0
0
0
0
0
0
0
0
0
0
0
0
0
0
0
0
0
0
0
0
0
0
0
0
0
0
0
0
0
0
0
0
0
0
0
0
0
0
0
0
0
0
0
0
0
0
0
0
0
0
0
0
0
0
0
0
0
0
0
0
0
0
0
0
0
0
0
0
0
0
0
0
0
0
0
0
0
0
0
0
0
0
0
0
0
0
0
0
0
0
0
0
0
0
0
0
0
0
0
0
0
0
0
0
0
0
0
0
0
0
0
0
0
0
0
0
0
0
0
0
0
0
0
0
0
0
0
0
0
0
0
0
0
0
0
0
0
0
0
0
0
0
0
0
0
0
0
0
0
0
0
0
0
0
0
0
0
0
0
0
0
0
0
0
0
0
0
0
0
0
0
0
0
0
0
0
0
0
0
0
0
0
0
0
0
0
0
0
0
0
0
0
0
0
0
0
0
0
0
0
0
0
0
0
0
0
0
0
0
0
0
0
0
0
0
0
0
0
0
0
0
0
0
0
0
0
0
0
0
0
0
0
0
0
0
0
0
0
0
0
0
0
0
0
0
0
0
0
0
0
0
0
0
0
0
0
0
0
0
0
0
0
0
0
0
0
0
0
0
0
0
0
0
0
0
0
0
0
0
0
0
0
0
0
0
0
0
0
0
0
0
0
0
0
0
0
0
0
0
0
0
0
0
0
0
0
0
0
0
0
0
0
0
0
0
0
0
0
0
0
0
0
0
0
0
0
0
0
0
0
0
0
0
0
0
0
0
0
0
0
0
0
0
0
0
0
0
0
0
0
0
0
0
0
0
0
0
0
0
0
0
0
0
0
0
0
0
0
0
0
0
0
0
0
0
0
0
0
0
0
0
0
0
0
0
0
0
0
0
0
0
0
0
0
0
0
0
0
0
0
0
0
0
0
0
0
0
0
0
0
0
0
0
0
0
0
0
0
0
0
0
0
0
0
0
0
0
0
0
0
0
0
0
0
0
0
0
0
0
0
0
0
0
0
0
0
0
0
0
0
0
0
0
0
0
0
0
0
0
0
0
0
0
0
0
0
0
0
0
0
0
0
0
0
0
0
0
0
0
0
0
0
0
0
0
0
0
0
0
0
0
0
0
0
0
0
0
0
0
0
0
0
0
0
0
0
0
0
0
0
0
0
0
0
0
0
0
0
0
0
0
0
0
0
0
0
0
0
0
0
0
0
0
0
0
0
0
0
0
0
0
0
0
0
0
0
0
0
0
0
0
0
0
0
0
0
0
0
0
0
0
0
24706
45294
65882
86471
107059
127647
148235
164706
185294
201765
218235
234706
251176
267647
280000
296471
308824
325294
337647
350000
362353
374706
387059
395294
407647
420000
428235
440588
448824
461176
469412
477647
485882
494118
502353
510588
518824
527059
535294
543529
551765
560000
564118
572353
580588
584706
592941
601176
605294
613529
617647
625882
630000
634118
642353
646471
654706
658824
662941
671176
675294
679412
687647
691765
695882
700000
708235
712353
716471
720588
724706
732941
737059
741176
745294
749412
753529
761765
765882
770000
774118
778235
782353
786471
790588
798824
802941
807059
811176
815294
819412
823529
827647
831765
835882
840000
844118
848235
852353
856471
860588
864706
868824
872941
877059
881176
885294
889412
893529
897647
901765
905882
905882
910000
914118
918235
922353
926471
930588
930588
934706
938824
942941
947059
947059
951176
955294
959412
959412
963529
967647
971765
971765
975882
980000
980000
984118
988235
988235
992353
992353
996471
1000588
1000588
1004706
1004706
1008824
1008824
1012941
1012941
1017059
1017059
1017059
1021176
1021176
1025294
1025294
1025294
1029412
1029412
1033529
1033529
1033529
1033529
1037647
1037647
1037647
1041765
1041765
1041765
1041765
1041765
1045882
1045882
1045882
1045882
1045882
1045882
1045882
1050000
1050000
1050000
1050000
1050000
1050000
1050000
1050000
1050000
1050000
1050000
1050000
1050000
1050000
1050000
1050000
1050000
1050000
1050000
1050000
1045882
1045882
1045882
1045882
1045882
1045882
1045882
1045882
1041765
1041765
1041765
1041765
1041765
1041765
1037647
1037647
1037647
1037647
1037647
1037647
1033529
1033529
1033529
1033529
1029412
1029412
1029412
1029412
1029412
1025294
1025294
1025294
1025294
1021176
1021176
1021176
1021176
1017059
1017059
1017059
1017059
1012941
1012941
1012941
1012941
1008824
1008824
1008824
1008824
1004706
1004706
1004706
1004706
1000588
1000588
1000588
1000588
996471
996471
996471
996471
992353
992353
992353
992353
992353
988235
988235
988235
988235
988235
984118
984118
984118
984118
984118
980000
980000
980000
980000
980000
980000
975882
975882
975882
975882
975882
975882
975882
971765
971765
971765
971765
971765
971765
971765
971765
971765
967647
967647
967647
967647
967647
967647
967647
967647
967647
967647
967647
967647
967647
967647
967647
967647
967647
967647
967647
967647
967647
963529
963529
963529
963529
963529
963529
963529
967647
967647
967647
967647
967647
967647
967647
967647
967647
967647
967647
967647
967647
967647
967647
967647
967647
967647
967647
967647
967647
967647
967647
967647
971765
971765
971765
971765
971765
971765
971765
971765
971765
971765
971765
971765
971765
971765
971765
975882
975882
975882
975882
975882
975882
975882
975882
975882
975882
975882
975882
975882
975882
980000
980000
980000
980000
980000
980000
980000
980000
980000
980000
980000
980000
980000
980000
980000
980000
980000
984118
984118
984118
984118
984118
984118
984118
984118
984118
984118
984118
984118
984118
984118
984118
984118
984118
984118
984118
984118
984118
984118
984118
984118
984118
984118
984118
984118
984118
984118
984118
984118
984118
984118
984118
984118
984118
984118
984118
984118
984118
984118
984118
984118
984118
984118
984118
984118
984118
984118
984118
984118
984118
984118
980000
980000
980000
980000
980000
980000
980000
980000
980000
980000
980000
980000
980000
980000
980000
980000
980000
975882
975882
975882
975882
975882
975882
975882
975882
975882
975882
975882
975882
975882
975882
971765
971765
971765
971765
971765
971765
971765
971765
971765
971765
971765
971765
971765
967647
967647
967647
967647
967647
967647
967647
967647
967647
967647
967647
967647
963529
963529
963529
963529
963529
963529
963529
963529
963529
963529
963529
963529
963529
959412
959412
959412
959412
959412
959412
959412
959412
959412
959412
959412
959412
959412
959412
955294
955294
955294
955294
955294
955294
955294
955294
955294
955294
955294
955294
955294
955294
955294
955294
955294
955294
951176
951176
951176
951176
951176
951176
951176
951176
951176
951176
951176
951176
951176
951176
951176
951176
951176
951176
951176
951176
951176
951176
951176
951176
951176
947059
947059
947059
947059
947059
947059
947059
947059
947059
947059
947059
947059
947059
947059
947059
947059
947059
947059
947059
947059
947059
947059
947059
947059
947059
947059
947059
947059
947059
947059
947059
947059
947059
947059
947059
947059
947059
947059
947059
947059
947059
947059
947059
947059
947059
947059
947059
947059
947059
947059
947059
947059
947059
947059
942941
942941
942941
942941
942941
942941
942941
942941
942941
942941
942941
942941
942941
942941
942941
942941
942941
942941
942941
942941
942941
942941
942941
942941
942941
942941
942941
942941
942941
942941
942941
942941
942941
942941
942941
942941
942941
942941
942941
942941
942941
942941
942941
942941
942941
942941
942941
942941
942941
942941
942941
942941
938824
938824
938824
938824
938824
938824
938824
938824
938824
938824
938824
938824
938824
938824
938824
938824
938824
938824
938824
938824
938824
938824
938824
938824
938824
938824
938824
938824
938824
938824
938824
934706
934706
934706
934706
934706
934706
934706
934706
934706
934706
934706
934706
934706
934706
934706
934706
934706
934706
934706
934706
934706
934706
934706
934706
934706
930588
930588
930588
930588
930588
930588
930588
930588
930588
930588
930588
930588
930588
930588
930588
930588
930588
930588
930588
930588
930588
930588
930588
930588
926471
926471
926471
926471
926471
926471
926471
926471
926471
926471
926471
926471
926471
926471
926471
926471
926471
926471
926471
926471
926471
926471
926471
926471
922353
922353
922353
922353
922353
922353
922353
922353
922353
922353
922353
922353
922353
922353
922353
922353
922353
922353
922353
922353
922353
922353
922353
922353
922353
922353
922353
918235
918235
918235
918235
918235
918235
918235
918235
918235
918235
918235
918235
918235
918235
918235
918235
918235
918235
918235
918235
918235
918235
918235
918235
918235
918235
918235
918235
918235
918235
914118
914118
914118
914118
914118
914118
914118
914118
914118
914118
914118
914118
914118
914118
914118
914118
914118
914118
914118
914118
914118
914118
914118
914118
914118
914118
914118
914118
914118
914118
914118
914118
914118
914118
910000
910000
910000
910000
910000
910000
910000
910000
910000
910000
910000
910000
910000
910000
910000
910000
910000
910000
910000
910000
910000
910000
910000
910000
910000
910000
910000
910000
910000
910000
910000
910000
910000
910000
910000
905882
905882
905882
905882
905882
905882
905882
905882
905882
905882
905882
905882
905882
905882
905882
905882
905882
905882
905882
905882
905882
905882
905882
905882
905882
905882
905882
905882
905882
905882
905882
905882
905882
901765
901765
901765
901765
901765
901765
901765
901765
901765
901765
901765
901765
901765
901765
901765
901765
901765
901765
901765
901765
901765
901765
901765
901765
901765
901765
901765
901765
901765
901765
897647
897647
897647
897647
897647
897647
897647
897647
897647
897647
897647
897647
897647
897647
897647
897647
897647
897647
897647
897647
897647
897647
897647
897647
897647
897647
897647
897647
897647
897647
893529
893529
893529
893529
893529
893529
893529
893529
893529
893529
893529
893529
893529
893529
893529
893529
893529
893529
893529
893529
893529
893529
893529
893529
893529
893529
893529
893529
893529
893529
889412
889412
889412
889412
889412
889412
889412
889412
889412
889412
889412
889412
889412
889412
889412
889412
889412
889412
889412
889412
889412
889412
889412
889412
889412
889412
889412
889412
889412
889412
889412
885294
885294
885294
885294
885294
885294
885294
885294
885294
885294
885294
885294
885294
885294
885294
885294
885294
885294
885294
885294
885294
885294
885294
885294
885294
885294
885294
885294
885294
885294
885294
881176
881176
881176
881176
881176
881176
881176
881176
881176
881176
881176
881176
881176
881176
881176
881176
881176
881176
881176
881176
881176
881176
881176
881176
881176
881176
881176
881176
881176
881176
881176
881176
877059
877059
877059
877059
877059
877059
877059
877059
877059
877059
877059
877059
877059
877059
877059
877059
877059
877059
877059
877059
877059
877059
877059
877059
877059
877059
877059
877059
877059
877059
877059
877059
877059
872941
872941
872941
872941
872941
872941
872941
872941
872941
872941
872941
872941
872941
872941
872941
872941
872941
872941
872941
872941
872941
872941
872941
872941
872941
872941
872941
872941
872941
872941
872941
872941
872941
868824
868824
868824
868824
868824
868824
868824
868824
868824
868824
868824
868824
868824
868824
868824
868824
868824
868824
868824
868824
868824
868824
868824
868824
868824
868824
868824
868824
868824
868824
868824
868824
864706
864706
864706
864706
864706
864706
864706
864706
864706
864706
864706
864706
864706
864706
864706
864706
864706
864706
864706
864706
864706
864706
864706
864706
864706
864706
864706
864706
864706
864706
864706
864706
860588
860588
860588
860588
860588
860588
860588
860588
860588
860588
860588
860588
860588
860588
860588
860588
860588
860588
860588
860588
860588
860588
860588
860588
860588
860588
860588
860588
860588
860588
860588
860588
856471
856471
856471
856471
856471
856471
856471
856471
856471
856471
856471
856471
856471
856471
856471
856471
856471
856471
856471
856471
856471
856471
856471
856471
856471
856471
856471
856471
856471
856471
856471
856471
856471
852353
852353
852353
852353
852353
852353
852353
852353
852353
852353
852353
852353
852353
852353
852353
852353
852353
852353
852353
852353
852353
852353
852353
852353
852353
852353
852353
852353
852353
852353
852353
852353
852353
848235
848235
848235
848235
848235
848235
848235
848235
848235
848235
848235
848235
848235
848235
848235
848235
848235
848235
848235
848235
848235
848235
848235
848235
848235
848235
848235
848235
848235
848235
848235
848235
848235
844118
844118
844118
844118
844118
844118
844118
844118
844118
844118
844118
844118
844118
844118
844118
844118
844118
844118
844118
844118
844118
844118
844118
844118
844118
844118
844118
844118
844118
844118
844118
844118
844118
840000
840000
840000
840000
840000
840000
840000
840000
840000
840000
840000
840000
840000
840000
840000
840000
840000
840000
840000
840000
840000
840000
840000
840000
840000
840000
840000
840000
840000
840000
840000
840000
840000
840000
835882
835882
835882
835882
835882
835882
835882
835882
835882
835882
835882
835882
835882
835882
835882
835882
835882
835882
835882
835882
835882
835882
835882
835882
835882
835882
835882
835882
835882
835882
835882
835882
835882
831765
831765
831765
831765
831765
831765
831765
831765
831765
831765
831765
831765
831765
831765
831765
831765
831765
831765
831765
831765
831765
831765
831765
831765
831765
831765
831765
831765
831765
831765
831765
831765
831765
831765
827647
827647
827647
827647
827647
827647
827647
827647
827647
827647
827647
827647
827647
827647
827647
827647
827647
827647
827647
827647
827647
827647
827647
827647
827647
827647
827647
827647
827647
827647
827647
827647
827647
823529
823529
823529
823529
823529
823529
823529
823529
823529
823529
823529
823529
823529
823529
823529
823529
823529
823529
823529
823529
823529
823529
823529
823529
823529
823529
823529
823529
823529
823529
823529
823529
823529
823529
819412
819412
819412
819412
819412
819412
819412
819412
819412
819412
819412
819412
819412
819412
819412
819412
819412
819412
819412
819412
819412
819412
819412
819412
819412
819412
819412
819412
819412
819412
819412
819412
819412
819412
819412
815294
815294
815294
815294
815294
815294
815294
815294
815294
815294
815294
815294
815294
815294
815294
815294
815294
815294
815294
815294
815294
815294
815294
815294
815294
815294
815294
815294
815294
815294
815294
815294
815294
815294
811176
811176
811176
811176
811176
811176
811176
811176
811176
811176
811176
811176
811176
811176
811176
811176
811176
811176
811176
811176
811176
811176
811176
811176
811176
811176
811176
811176
811176
811176
811176
811176
811176
811176
807059
807059
807059
807059
807059
807059
807059
807059
807059
807059
807059
807059
807059
807059
807059
807059
807059
807059
807059
807059
807059
807059
807059
807059
807059
807059
807059
807059
807059
807059
807059
807059
807059
807059
807059
802941
802941
802941
802941
802941
802941
802941
802941
802941
802941
802941
802941
802941
802941
802941
802941
802941
802941
802941
802941
802941
802941
802941
802941
802941
802941
802941
802941
802941
802941
802941
802941
802941
802941
802941
798824
798824
798824
798824
798824
798824
798824
798824
798824
798824
798824
798824
798824
798824
798824
798824
798824
798824
798824
798824
798824
798824
798824
798824
798824
798824
798824
798824
798824
798824
798824
798824
798824
798824
798824
794706
794706
794706
794706
794706
794706
794706
794706
794706
794706
794706
794706
794706
794706
794706
794706
794706
794706
794706
794706
794706
794706
794706
794706
794706
794706
794706
794706
794706
794706
794706
794706
794706
794706
794706
790588
790588
790588
790588
790588
790588
790588
790588
790588
790588
790588
790588
790588
790588
790588
790588
790588
790588
790588
790588
790588
790588
790588
790588
790588
790588
790588
790588
790588
790588
790588
790588
790588
790588
790588
790588
786471
786471
786471
786471
786471
786471
786471
786471
786471
786471
786471
786471
786471
786471
786471
786471
786471
786471
786471
786471
786471
786471
786471
786471
786471
786471
786471
786471
786471
786471
786471
786471
786471
786471
786471
782353
782353
782353
782353
782353
782353
782353
782353
782353
782353
782353
782353
782353
782353
782353
782353
782353
782353
782353
782353
782353
782353
782353
782353
782353
782353
782353
782353
782353
782353
782353
782353
782353
782353
782353
782353
778235
778235
778235
778235
778235
778235
778235
778235
778235
778235
778235
778235
778235
778235
778235
778235
778235
778235
778235
778235
778235
778235
778235
778235
778235
778235
778235
778235
778235
778235
778235
778235
778235
778235
778235
778235
774118
774118
774118
774118
774118
774118
774118
774118
774118
774118
774118
774118
774118
774118
774118
774118
774118
774118
774118
774118
774118
774118
774118
774118
774118
774118
774118
774118
774118
774118
774118
774118
774118
774118
774118
774118
770000
770000
770000
770000
770000
770000
770000
770000
770000
770000
770000
770000
770000
770000
770000
770000
770000
770000
770000
770000
770000
770000
770000
770000
770000
770000
770000
770000
770000
770000
770000
770000
770000
770000
770000
770000
770000
765882
765882
765882
765882
765882
765882
765882
765882
765882
765882
765882
765882
765882
765882
765882
765882
765882
765882
765882
765882
765882
765882
765882
765882
765882
765882
765882
765882
765882
765882
765882
765882
765882
765882
765882
765882
761765
761765
761765
761765
761765
761765
761765
761765
761765
761765
761765
761765
761765
761765
761765
761765
761765
761765
761765
761765
761765
761765
761765
761765
761765
761765
761765
761765
761765
761765
761765
761765
761765
761765
761765
761765
761765
757647
757647
757647
757647
757647
757647
757647
757647
757647
757647
757647
757647
757647
757647
757647
757647
757647
757647
757647
757647
757647
757647
757647
757647
757647
757647
757647
757647
757647
757647
757647
757647
757647
757647
757647
757647
757647
753529
753529
753529
753529
753529
753529
753529
753529
753529
753529
753529
753529
753529
753529
753529
753529
753529
753529
753529
753529
753529
753529
753529
753529
753529
753529
753529
753529
753529
753529
753529
753529
753529
753529
753529
753529
753529
749412
749412
749412
749412
749412
749412
749412
749412
749412
749412
749412
749412
749412
749412
749412
749412
749412
749412
749412
749412
749412
749412
749412
749412
749412
749412
749412
749412
749412
749412
749412
749412
749412
749412
749412
749412
749412
745294
745294
745294
745294
745294
745294
745294
745294
745294
745294
745294
745294
745294
745294
745294
745294
745294
745294
745294
745294
745294
745294
745294
745294
745294
745294
745294
745294
745294
745294
745294
745294
745294
745294
745294
745294
745294
745294
741176
741176
741176
741176
741176
741176
741176
741176
741176
741176
741176
741176
741176
741176
741176
741176
741176
741176
741176
741176
741176
741176
741176
741176
741176
741176
741176
741176
741176
741176
741176
741176
741176
741176
741176
741176
741176
741176
737059
737059
737059
737059
737059
737059
737059
737059
737059
737059
737059
737059
737059
737059
737059
737059
737059
737059
737059
737059
737059
737059
737059
737059
737059
737059
737059
737059
737059
737059
737059
737059
737059
737059
737059
737059
737059
737059
732941
732941
732941
732941
732941
732941
732941
732941
732941
732941
732941
732941
732941
732941
732941
732941
732941
732941
732941
732941
732941
732941
732941
732941
732941
732941
732941
732941
732941
732941
732941
732941
732941
732941
732941
732941
732941
732941
728824
728824
728824
728824
728824
728824
728824
728824
728824
728824
728824
728824
728824
728824
728824
728824
728824
728824
728824
728824
728824
728824
728824
728824
728824
728824
728824
728824
728824
728824
728824
728824
728824
728824
728824
728824
728824
728824
724706
724706
724706
724706
724706
724706
724706
724706
724706
724706
724706
724706
724706
724706
724706
724706
724706
724706
724706
724706
724706
724706
724706
724706
724706
724706
724706
724706
724706
724706
724706
724706
724706
724706
724706
724706
724706
724706
724706
720588
720588
720588
720588
720588
720588
720588
720588
720588
720588
720588
720588
720588
720588
720588
720588
720588
720588
720588
720588
720588
720588
720588
720588
720588
720588
720588
720588
720588
720588
720588
720588
720588
720588
720588
720588
720588
720588
720588
716471
716471
716471
716471
716471
716471
716471
716471
716471
716471
716471
716471
716471
716471
716471
716471
716471
716471
716471
716471
716471
716471
716471
716471
716471
716471
716471
716471
716471
716471
716471
716471
716471
716471
716471
716471
716471
716471
716471
712353
712353
712353
712353
712353
712353
712353
712353
712353
712353
712353
712353
712353
712353
712353
712353
712353
712353
712353
712353
712353
712353
712353
712353
712353
712353
712353
712353
712353
712353
712353
712353
712353
712353
712353
712353
712353
712353
712353
708235
708235
708235
708235
708235
708235
708235
708235
708235
708235
708235
708235
708235
708235
708235
708235
708235
708235
708235
708235
708235
708235
708235
708235
708235
708235
708235
708235
708235
708235
708235
708235
708235
708235
708235
708235
708235
708235
708235
708235
704118
704118
704118
704118
704118
704118
704118
704118
704118
704118
704118
704118
704118
704118
704118
704118
704118
704118
704118
704118
704118
704118
704118
704118
704118
704118
704118
704118
704118
704118
704118
704118
704118
704118
704118
704118
704118
704118
704118
704118
700000
700000
700000
700000
700000
700000
700000
700000
700000
700000
700000
700000
700000
700000
700000
700000
700000
700000
700000
700000
700000
700000
700000
700000
700000
700000
700000
700000
700000
700000
700000
700000
700000
700000
700000
700000
700000
700000
700000
700000
695882
695882
695882
695882
695882
695882
695882
695882
695882
695882
695882
695882
695882
695882
695882
695882
695882
695882
695882
695882
695882
695882
695882
695882
695882
695882
695882
695882
695882
695882
695882
695882
695882
695882
695882
695882
695882
695882
695882
695882
691765
691765
691765
691765
691765
691765
691765
691765
691765
691765
691765
691765
691765
691765
691765
691765
691765
691765
691765
691765
691765
691765
691765
691765
691765
691765
691765
691765
691765
691765
691765
691765
691765
691765
691765
691765
691765
691765
691765
691765
687647
687647
687647
687647
687647
687647
687647
687647
687647
687647
687647
687647
687647
687647
687647
687647
687647
687647
687647
687647
687647
687647
687647
687647
687647
687647
687647
687647
687647
687647
687647
687647
687647
687647
687647
687647
687647
687647
687647
687647
687647
683529
683529
683529
683529
683529
683529
683529
683529
683529
683529
683529
683529
683529
683529
683529
683529
683529
683529
683529
683529
683529
683529
683529
683529
683529
683529
683529
683529
683529
683529
683529
683529
683529
683529
683529
683529
683529
683529
683529
683529
683529
679412
679412
679412
679412
679412
679412
679412
679412
679412
679412
679412
679412
679412
679412
679412
679412
679412
679412
679412
679412
679412
679412
679412
679412
679412
679412
679412
679412
679412
679412
679412
679412
679412
679412
679412
679412
679412
679412
679412
679412
679412
675294
675294
675294
675294
675294
675294
675294
675294
675294
675294
675294
675294
675294
675294
675294
675294
675294
675294
675294
675294
675294
675294
675294
675294
675294
675294
675294
675294
675294
675294
675294
675294
675294
675294
675294
675294
675294
675294
675294
675294
675294
675294
671176
671176
671176
671176
671176
671176
671176
671176
671176
671176
671176
671176
671176
671176
671176
671176
671176
671176
671176
671176
671176
671176
671176
671176
671176
671176
671176
671176
671176
671176
671176
671176
671176
671176
671176
671176
671176
671176
671176
671176
671176
667059
667059
667059
667059
667059
667059
667059
667059
667059
667059
667059
667059
667059
667059
667059
667059
667059
667059
667059
667059
667059
667059
667059
667059
667059
667059
667059
667059
667059
667059
667059
667059
667059
667059
667059
667059
667059
667059
667059
667059
667059
667059
662941
662941
662941
662941
662941
662941
662941
662941
662941
662941
662941
662941
662941
662941
662941
662941
662941
662941
662941
662941
662941
662941
662941
662941
662941
662941
662941
662941
662941
662941
662941
662941
662941
662941
662941
662941
662941
662941
662941
662941
662941
662941
662941
658824
658824
658824
658824
658824
658824
658824
658824
658824
658824
658824
658824
658824
658824
658824
658824
658824
658824
658824
658824
658824
658824
658824
658824
658824
658824
658824
658824
658824
658824
658824
658824
658824
658824
658824
658824
658824
658824
658824
658824
658824
658824
654706
654706
654706
654706
654706
654706
654706
654706
654706
654706
654706
654706
654706
654706
654706
654706
654706
654706
654706
654706
654706
654706
654706
654706
654706
654706
654706
654706
654706
654706
654706
654706
654706
654706
654706
654706
654706
654706
654706
654706
654706
654706
654706
650588
650588
650588
650588
650588
650588
650588
650588
650588
650588
650588
650588
650588
650588
650588
650588
650588
650588
650588
650588
650588
650588
650588
650588
650588
650588
650588
650588
650588
650588
650588
650588
650588
650588
650588
650588
650588
650588
650588
650588
650588
650588
650588
646471
646471
646471
646471
646471
646471
646471
646471
646471
646471
646471
646471
646471
646471
646471
646471
646471
646471
646471
646471
646471
646471
646471
646471
646471
646471
646471
646471
646471
646471
646471
646471
646471
646471
646471
646471
646471
646471
646471
646471
646471
646471
646471
642353
642353
642353
642353
642353
642353
642353
642353
642353
642353
642353
642353
642353
642353
642353
642353
642353
642353
642353
642353
642353
642353
642353
642353
642353
642353
642353
642353
642353
642353
642353
642353
642353
642353
642353
642353
642353
642353
642353
642353
642353
642353
642353
642353
638235
638235
638235
638235
638235
638235
638235
638235
638235
638235
638235
638235
638235
638235
638235
638235
638235
638235
638235
638235
638235
638235
638235
638235
638235
638235
638235
638235
638235
638235
638235
638235
638235
638235
638235
638235
638235
638235
638235
638235
638235
638235
638235
638235
634118
634118
634118
634118
634118
634118
634118
634118
634118
634118
634118
634118
634118
634118
634118
634118
634118
634118
634118
634118
634118
634118
634118
634118
634118
634118
634118
634118
634118
634118
634118
634118
634118
634118
634118
634118
634118
634118
634118
634118
634118
634118
634118
634118
630000
630000
630000
630000
630000
630000
630000
630000
630000
630000
630000
630000
630000
630000
630000
630000
630000
630000
630000
630000
630000
630000
630000
630000
630000
630000
630000
630000
630000
630000
630000
630000
630000
630000
630000
630000
630000
630000
630000
630000
630000
630000
630000
630000
625882
625882
625882
625882
625882
625882
625882
625882
625882
625882
625882
625882
625882
625882
625882
625882
625882
625882
625882
625882
625882
625882
625882
625882
625882
625882
625882
625882
625882
625882
625882
625882
625882
625882
625882
625882
625882
625882
625882
625882
625882
625882
625882
625882
625882
621765
621765
621765
621765
621765
621765
621765
621765
621765
621765
621765
621765
621765
621765
621765
621765
621765
621765
621765
621765
621765
621765
621765
621765
621765
621765
621765
621765
621765
621765
621765
621765
621765
621765
621765
621765
621765
621765
621765
621765
621765
621765
621765
621765
621765
617647
617647
617647
617647
617647
617647
617647
617647
617647
617647
617647
617647
617647
617647
617647
617647
617647
617647
617647
617647
617647
617647
617647
617647
617647
617647
617647
617647
617647
617647
617647
617647
617647
617647
617647
617647
617647
617647
617647
617647
617647
617647
617647
617647
617647
613529
613529
613529
613529
613529
613529
613529
613529
613529
613529
613529
613529
613529
613529
613529
613529
613529
613529
613529
613529
613529
613529
613529
613529
613529
613529
613529
613529
613529
613529
613529
613529
613529
613529
613529
613529
613529
613529
613529
613529
613529
613529
613529
613529
613529
613529
609412
609412
609412
609412
609412
609412
609412
609412
609412
609412
609412
609412
609412
609412
609412
609412
609412
609412
609412
609412
609412
609412
609412
609412
609412
609412
609412
609412
609412
609412
609412
609412
609412
609412
609412
609412
609412
609412
609412
609412
609412
609412
609412
609412
609412
609412
605294
605294
605294
605294
605294
605294
605294
605294
605294
605294
605294
605294
605294
605294
605294
605294
605294
605294
605294
605294
605294
605294
605294
605294
605294
605294
605294
605294
605294
605294
605294
605294
605294
605294
605294
605294
605294
605294
605294
605294
605294
605294
605294
605294
605294
605294
601176
601176
601176
601176
601176
601176
601176
601176
601176
601176
601176
601176
601176
601176
601176
601176
601176
601176
601176
601176
601176
601176
601176
601176
601176
601176
601176
601176
601176
601176
601176
601176
601176
601176
601176
601176
601176
601176
601176
601176
601176
601176
601176
601176
601176
601176
601176
597059
597059
597059
597059
597059
597059
597059
597059
597059
597059
597059
597059
597059
597059
597059
597059
597059
597059
597059
597059
597059
597059
597059
597059
597059
597059
597059
597059
597059
597059
597059
597059
597059
597059
597059
597059
597059
597059
597059
597059
597059
597059
597059
597059
597059
597059
597059
592941
592941
592941
592941
592941
592941
592941
592941
592941
592941
592941
592941
592941
592941
592941
592941
592941
592941
592941
592941
592941
592941
592941
592941
592941
592941
592941
592941
592941
592941
592941
592941
592941
592941
592941
592941
592941
592941
592941
592941
592941
592941
592941
592941
592941
592941
592941
588824
588824
588824
588824
588824
588824
588824
588824
588824
588824
588824
588824
588824
588824
588824
588824
588824
588824
588824
588824
588824
588824
588824
588824
588824
588824
588824
588824
588824
588824
588824
588824
588824
588824
588824
588824
588824
588824
588824
588824
588824
588824
588824
588824
588824
588824
588824
584706
584706
584706
584706
584706
584706
584706
584706
584706
584706
584706
584706
584706
584706
584706
584706
584706
584706
584706
584706
584706
584706
584706
584706
584706
584706
584706
584706
584706
584706
584706
584706
584706
584706
584706
584706
584706
584706
584706
584706
584706
584706
584706
584706
584706
584706
584706
584706
580588
580588
580588
580588
580588
580588
580588
580588
580588
580588
580588
580588
580588
580588
580588
580588
580588
580588
580588
580588
580588
580588
580588
580588
580588
580588
580588
580588
580588
580588
580588
580588
580588
580588
580588
580588
580588
580588
580588
580588
580588
580588
580588
580588
580588
580588
580588
580588
580588
576471
576471
576471
576471
576471
576471
576471
576471
576471
576471
576471
576471
576471
576471
576471
576471
576471
576471
576471
576471
576471
576471
576471
576471
576471
576471
576471
576471
576471
576471
576471
576471
576471
576471
576471
576471
576471
576471
576471
576471
576471
576471
576471
576471
576471
576471
576471
576471
572353
572353
572353
572353
572353
572353
572353
572353
572353
572353
572353
572353
572353
572353
572353
572353
572353
572353
572353
572353
572353
572353
572353
572353
572353
572353
572353
572353
572353
572353
572353
572353
572353
572353
572353
572353
572353
572353
572353
572353
572353
572353
572353
572353
572353
572353
572353
572353
572353
568235
568235
568235
568235
568235
568235
568235
568235
568235
568235
568235
568235
568235
568235
568235
568235
568235
568235
568235
568235
568235
568235
568235
568235
568235
568235
568235
568235
568235
568235
568235
568235
568235
568235
568235
568235
568235
568235
568235
568235
568235
568235
568235
568235
568235
568235
568235
568235
568235
564118
564118
564118
564118
564118
564118
564118
564118
564118
564118
564118
564118
564118
564118
564118
564118
564118
564118
564118
564118
564118
564118
564118
564118
564118
564118
564118
564118
564118
564118
564118
564118
564118
564118
564118
564118
564118
564118
564118
564118
564118
564118
564118
564118
564118
564118
564118
564118
564118
564118
560000
560000
560000
560000
560000
560000
560000
560000
560000
560000
560000
560000
560000
560000
560000
560000
560000
560000
560000
560000
560000
560000
560000
560000
560000
560000
560000
560000
560000
560000
560000
560000
560000
560000
560000
560000
560000
560000
560000
560000
560000
560000
560000
560000
560000
560000
560000
560000
560000
560000
555882
555882
555882
555882
555882
555882
555882
555882
555882
555882
555882
555882
555882
555882
555882
555882
555882
555882
555882
555882
555882
555882
555882
555882
555882
555882
555882
555882
555882
555882
555882
555882
555882
555882
555882
555882
555882
555882
555882
555882
555882
555882
555882
555882
555882
555882
555882
555882
555882
555882
551765
551765
551765
551765
551765
551765
551765
551765
551765
551765
551765
551765
551765
551765
551765
551765
551765
551765
551765
551765
551765
551765
551765
551765
551765
551765
551765
551765
551765
551765
551765
551765
551765
551765
551765
551765
551765
551765
551765
551765
551765
551765
551765
551765
551765
551765
551765
551765
551765
551765
551765
547647
547647
547647
547647
547647
547647
547647
547647
547647
547647
547647
547647
547647
547647
547647
547647
547647
547647
547647
547647
547647
547647
547647
547647
547647
547647
547647
547647
547647
547647
547647
547647
547647
547647
547647
547647
547647
547647
547647
547647
547647
547647
547647
547647
547647
547647
547647
547647
547647
547647
547647
543529
543529
543529
543529
543529
543529
543529
543529
543529
543529
543529
543529
543529
543529
543529
543529
543529
543529
543529
543529
543529
543529
543529
543529
543529
543529
543529
543529
543529
543529
543529
543529
543529
543529
543529
543529
543529
543529
543529
543529
543529
543529
543529
543529
543529
543529
543529
543529
543529
543529
543529
543529
539412
539412
539412
539412
539412
539412
539412
539412
539412
539412
539412
539412
539412
539412
539412
539412
539412
539412
539412
539412
539412
539412
539412
539412
539412
539412
539412
539412
539412
539412
539412
539412
539412
539412
539412
539412
539412
539412
539412
539412
539412
539412
539412
539412
539412
539412
539412
539412
539412
539412
539412
539412
535294
535294
535294
535294
535294
535294
535294
535294
535294
535294
535294
535294
535294
535294
535294
535294
535294
535294
535294
535294
535294
535294
535294
535294
535294
535294
535294
535294
535294
535294
535294
535294
535294
535294
535294
535294
535294
535294
535294
535294
535294
535294
535294
535294
535294
535294
535294
535294
535294
535294
535294
535294
531176
531176
531176
531176
531176
531176
531176
531176
531176
531176
531176
531176
531176
531176
531176
531176
531176
531176
531176
531176
531176
531176
531176
531176
531176
531176
531176
531176
531176
531176
531176
531176
531176
531176
531176
531176
531176
531176
531176
531176
531176
531176
531176
531176
531176
531176
531176
531176
531176
531176
531176
531176
531176
527059
527059
527059
527059
527059
527059
527059
527059
527059
527059
527059
527059
527059
527059
527059
527059
527059
527059
527059
527059
527059
527059
527059
527059
527059
527059
527059
527059
527059
527059
527059
527059
527059
527059
527059
527059
527059
527059
527059
527059
527059
527059
527059
527059
527059
527059
527059
527059
527059
527059
527059
527059
527059
522941
522941
522941
522941
522941
522941
522941
522941
522941
522941
522941
522941
522941
522941
522941
522941
522941
522941
522941
522941
522941
522941
522941
522941
522941
522941
522941
522941
522941
522941
522941
522941
522941
522941
522941
522941
522941
522941
522941
522941
522941
522941
522941
522941
522941
522941
522941
522941
522941
522941
522941
522941
522941
518824
518824
518824
518824
518824
518824
518824
518824
518824
518824
518824
518824
518824
518824
518824
518824
518824
518824
518824
518824
518824
518824
518824
518824
518824
518824
518824
518824
518824
518824
518824
518824
518824
518824
518824
518824
518824
518824
518824
518824
518824
518824
518824
518824
518824
518824
518824
518824
518824
518824
518824
518824
518824
518824
514706
514706
514706
514706
514706
514706
514706
514706
514706
514706
514706
514706
514706
514706
514706
514706
514706
514706
514706
514706
514706
514706
514706
514706
514706
514706
514706
514706
514706
514706
514706
514706
514706
514706
514706
514706
514706
514706
514706
514706
514706
514706
514706
514706
514706
514706
514706
514706
514706
514706
514706
514706
514706
514706
514706
510588
510588
510588
510588
510588
510588
510588
510588
510588
510588
510588
510588
510588
510588
510588
510588
510588
510588
510588
510588
510588
510588
510588
510588
510588
510588
510588
510588
510588
510588
510588
510588
510588
510588
510588
510588
510588
510588
510588
510588
510588
510588
510588
510588
510588
510588
510588
510588
510588
510588
510588
510588
510588
510588
506471
506471
506471
506471
506471
506471
506471
506471
506471
506471
506471
506471
506471
506471
506471
506471
506471
506471
506471
506471
506471
506471
506471
506471
506471
506471
506471
506471
506471
506471
506471
506471
506471
506471
506471
506471
506471
506471
506471
506471
506471
506471
506471
506471
506471
506471
506471
506471
506471
506471
506471
506471
506471
506471
506471
506471
502353
502353
502353
502353
502353
502353
502353
502353
502353
502353
502353
502353
502353
502353
502353
502353
502353
502353
502353
502353
502353
502353
502353
502353
502353
502353
502353
502353
502353
502353
502353
502353
502353
502353
502353
502353
502353
502353
502353
502353
502353
502353
502353
502353
502353
502353
502353
502353
502353
502353
502353
502353
502353
502353
502353
502353
498235
498235
498235
498235
498235
498235
498235
498235
498235
498235
498235
498235
498235
498235
498235
498235
498235
498235
498235
498235
498235
498235
498235
498235
498235
498235
498235
498235
498235
498235
498235
498235
498235
498235
498235
498235
498235
498235
498235
498235
498235
498235
498235
498235
498235
498235
498235
498235
498235
498235
498235
498235
498235
498235
498235
498235
494118
494118
494118
494118
494118
494118
494118
494118
494118
494118
494118
494118
494118
494118
494118
494118
494118
494118
494118
494118
494118
494118
494118
494118
494118
494118
494118
494118
494118
494118
494118
494118
494118
494118
494118
494118
494118
494118
494118
494118
494118
494118
494118
494118
494118
494118
494118
494118
494118
494118
494118
494118
494118
494118
494118
494118
490000
490000
490000
490000
490000
490000
490000
490000
490000
490000
490000
490000
490000
490000
490000
490000
490000
490000
490000
490000
490000
490000
490000
490000
490000
490000
490000
490000
490000
490000
490000
490000
490000
490000
490000
490000
490000
490000
490000
490000
490000
490000
490000
490000
490000
490000
490000
490000
490000
490000
490000
490000
490000
490000
490000
490000
490000
490000
485882
485882
485882
485882
485882
485882
485882
485882
485882
485882
485882
485882
485882
485882
485882
485882
485882
485882
485882
485882
485882
485882
485882
485882
485882
485882
485882
485882
485882
485882
485882
485882
485882
485882
485882
485882
485882
485882
485882
485882
485882
485882
485882
485882
485882
485882
485882
485882
485882
485882
485882
485882
485882
485882
485882
485882
485882
481765
481765
481765
481765
481765
481765
481765
481765
481765
481765
481765
481765
481765
481765
481765
481765
481765
481765
481765
481765
481765
481765
481765
481765
481765
481765
481765
481765
481765
481765
481765
481765
481765
481765
481765
481765
481765
481765
481765
481765
481765
481765
481765
481765
481765
481765
481765
481765
481765
481765
481765
481765
481765
481765
481765
481765
481765
481765
477647
477647
477647
477647
477647
477647
477647
477647
477647
477647
477647
477647
477647
477647
477647
477647
477647
477647
477647
477647
477647
477647
477647
477647
477647
477647
477647
477647
477647
477647
477647
477647
477647
477647
477647
477647
477647
477647
477647
477647
477647
477647
477647
477647
477647
477647
477647
477647
477647
477647
477647
477647
477647
477647
477647
477647
477647
477647
477647
473529
473529
473529
473529
473529
473529
473529
473529
473529
473529
473529
473529
473529
473529
473529
473529
473529
473529
473529
473529
473529
473529
473529
473529
473529
473529
473529
473529
473529
473529
473529
473529
473529
473529
473529
473529
473529
473529
473529
473529
473529
473529
473529
473529
473529
473529
473529
473529
473529
473529
473529
473529
473529
473529
473529
473529
473529
473529
473529
469412
469412
469412
469412
469412
469412
469412
469412
469412
469412
469412
469412
469412
469412
469412
469412
469412
469412
469412
469412
469412
469412
469412
469412
469412
469412
469412
469412
469412
469412
469412
469412
469412
469412
469412
469412
469412
469412
469412
469412
469412
469412
469412
469412
469412
469412
469412
469412
469412
469412
469412
469412
469412
469412
469412
469412
469412
469412
469412
469412
465294
465294
465294
465294
465294
465294
465294
465294
465294
465294
465294
465294
465294
465294
465294
465294
465294
465294
465294
465294
465294
465294
465294
465294
465294
465294
465294
465294
465294
465294
465294
465294
465294
465294
465294
465294
465294
465294
465294
465294
465294
465294
465294
465294
465294
465294
465294
465294
465294
465294
465294
465294
465294
465294
465294
465294
465294
465294
465294
465294
461176
461176
461176
461176
461176
461176
461176
461176
461176
461176
461176
461176
461176
461176
461176
461176
461176
461176
461176
461176
461176
461176
461176
461176
461176
461176
461176
461176
461176
461176
461176
461176
461176
461176
461176
461176
461176
461176
461176
461176
461176
461176
461176
461176
461176
461176
461176
461176
461176
461176
461176
461176
461176
461176
461176
461176
461176
461176
461176
461176
461176
457059
457059
457059
457059
457059
457059
457059
457059
457059
457059
457059
457059
457059
457059
457059
457059
457059
457059
457059
457059
457059
457059
457059
457059
457059
457059
457059
457059
457059
457059
457059
457059
457059
457059
457059
457059
457059
457059
457059
457059
457059
457059
457059
457059
457059
457059
457059
457059
457059
457059
457059
457059
457059
457059
457059
457059
457059
457059
457059
457059
457059
452941
452941
452941
452941
452941
452941
452941
452941
452941
452941
452941
452941
452941
452941
452941
452941
452941
452941
452941
452941
452941
452941
452941
452941
452941
452941
452941
452941
452941
452941
452941
452941
452941
452941
452941
452941
452941
452941
452941
452941
452941
452941
452941
452941
452941
452941
452941
452941
452941
452941
452941
452941
452941
452941
452941
452941
452941
452941
452941
452941
452941
452941
448824
448824
448824
448824
448824
448824
448824
448824
448824
448824
448824
448824
448824
448824
448824
448824
448824
448824
448824
448824
448824
448824
448824
448824
448824
448824
448824
448824
448824
448824
448824
448824
448824
448824
448824
448824
448824
448824
448824
448824
448824
448824
448824
448824
448824
448824
448824
448824
448824
448824
448824
448824
448824
448824
448824
448824
448824
448824
448824
448824
448824
448824
444706
444706
444706
444706
444706
444706
444706
444706
444706
444706
444706
444706
444706
444706
444706
444706
444706
444706
444706
444706
444706
444706
444706
444706
444706
444706
444706
444706
444706
444706
444706
444706
444706
444706
444706
444706
444706
444706
444706
444706
444706
444706
444706
444706
444706
444706
444706
444706
444706
444706
444706
444706
444706
444706
444706
444706
444706
444706
444706
444706
444706
444706
444706
440588
440588
440588
440588
440588
440588
440588
440588
440588
440588
440588
440588
440588
440588
440588
440588
440588
440588
440588
440588
440588
440588
440588
440588
440588
440588
440588
440588
440588
440588
440588
440588
440588
440588
440588
440588
440588
440588
440588
440588
440588
440588
440588
440588
440588
440588
440588
440588
440588
440588
440588
440588
440588
440588
440588
440588
440588
440588
440588
440588
440588
440588
440588
440588
436471
436471
436471
436471
436471
436471
436471
436471
436471
436471
436471
436471
436471
436471
436471
436471
436471
436471
436471
436471
436471
436471
436471
436471
436471
436471
436471
436471
436471
436471
436471
436471
436471
436471
436471
436471
436471
436471
436471
436471
436471
436471
436471
436471
436471
436471
436471
436471
436471
436471
436471
436471
436471
436471
436471
436471
436471
436471
436471
436471
436471
436471
436471
436471
432353
432353
432353
432353
432353
432353
432353
432353
432353
432353
432353
432353
432353
432353
432353
432353
432353
432353
432353
432353
432353
432353
432353
432353
432353
432353
432353
432353
432353
432353
432353
432353
432353
432353
432353
432353
432353
432353
432353
432353
432353
432353
432353
432353
432353
432353
432353
432353
432353
432353
432353
432353
432353
432353
432353
432353
432353
432353
432353
432353
432353
432353
432353
432353
428235
428235
428235
428235
428235
428235
428235
428235
428235
428235
428235
428235
428235
428235
428235
428235
428235
428235
428235
428235
428235
428235
428235
428235
428235
428235
428235
428235
428235
428235
428235
428235
428235
428235
428235
428235
428235
428235
428235
428235
428235
428235
428235
428235
428235
428235
428235
428235
428235
428235
428235
428235
428235
428235
428235
428235
428235
428235
428235
428235
428235
428235
428235
428235
428235
428235
424118
424118
424118
424118
424118
424118
424118
424118
424118
424118
424118
424118
424118
424118
424118
424118
424118
424118
424118
424118
424118
424118
424118
424118
424118
424118
424118
424118
424118
424118
424118
424118
424118
424118
424118
424118
424118
424118
424118
424118
424118
424118
424118
424118
424118
424118
424118
424118
424118
424118
424118
424118
424118
424118
424118
424118
424118
424118
424118
424118
424118
424118
424118
424118
424118
424118
420000
420000
420000
420000
420000
420000
420000
420000
420000
420000
420000
420000
420000
420000
420000
420000
420000
420000
420000
420000
420000
420000
420000
420000
420000
420000
420000
420000
420000
420000
420000
420000
420000
420000
420000
420000
420000
420000
420000
420000
420000
420000
420000
420000
420000
420000
420000
420000
420000
420000
420000
420000
420000
420000
420000
420000
420000
420000
420000
420000
420000
420000
420000
420000
420000
420000
420000
415882
415882
415882
415882
415882
415882
415882
415882
415882
415882
415882
415882
415882
415882
415882
415882
415882
415882
415882
415882
415882
415882
415882
415882
415882
415882
415882
415882
415882
415882
415882
415882
415882
415882
415882
415882
415882
415882
415882
415882
415882
415882
415882
415882
415882
415882
415882
415882
415882
415882
415882
415882
415882
415882
415882
415882
415882
415882
415882
415882
415882
415882
415882
415882
415882
415882
415882
411765
411765
411765
411765
411765
411765
411765
411765
411765
411765
411765
411765
411765
411765
411765
411765
411765
411765
411765
411765
411765
411765
411765
411765
411765
411765
411765
411765
411765
411765
411765
411765
411765
411765
411765
411765
411765
411765
411765
411765
411765
411765
411765
411765
411765
411765
411765
411765
411765
411765
411765
411765
411765
411765
411765
411765
411765
411765
411765
411765
411765
411765
411765
411765
411765
411765
411765
411765
407647
407647
407647
407647
407647
407647
407647
407647
407647
407647
407647
407647
407647
407647
407647
407647
407647
407647
407647
407647
407647
407647
407647
407647
407647
407647
407647
407647
407647
407647
407647
407647
407647
407647
407647
407647
407647
407647
407647
407647
407647
407647
407647
407647
407647
407647
407647
407647
407647
407647
407647
407647
407647
407647
407647
407647
407647
407647
407647
407647
407647
407647
407647
407647
407647
407647
407647
407647
407647
403529
403529
403529
403529
403529
403529
403529
403529
403529
403529
403529
403529
403529
403529
403529
403529
403529
403529
403529
403529
403529
403529
403529
403529
403529
403529
403529
403529
403529
403529
403529
403529
403529
403529
403529
403529
403529
403529
403529
403529
403529
403529
403529
403529
403529
403529
403529
403529
403529
403529
403529
403529
403529
403529
403529
403529
403529
403529
403529
403529
403529
403529
403529
403529
403529
403529
403529
403529
403529
399412
399412
399412
399412
399412
399412
399412
399412
399412
399412
399412
399412
399412
399412
399412
399412
399412
399412
399412
399412
399412
399412
399412
399412
399412
399412
399412
399412
399412
399412
399412
399412
399412
399412
399412
399412
399412
399412
399412
399412
399412
399412
399412
399412
399412
399412
399412
399412
399412
399412
399412
399412
399412
399412
399412
399412
399412
399412
399412
399412
399412
399412
399412
399412
399412
399412
399412
399412
399412
399412
395294
395294
395294
395294
395294
395294
395294
395294
395294
395294
395294
395294
395294
395294
395294
395294
395294
395294
395294
395294
395294
395294
395294
395294
395294
395294
395294
395294
395294
395294
395294
395294
395294
395294
395294
395294
395294
395294
395294
395294
395294
395294
395294
395294
395294
395294
395294
395294
395294
395294
395294
395294
395294
395294
395294
395294
395294
395294
395294
395294
395294
395294
395294
395294
395294
395294
395294
395294
395294
395294
395294
391176
391176
391176
391176
391176
391176
391176
391176
391176
391176
391176
391176
391176
391176
391176
391176
391176
391176
391176
391176
391176
391176
391176
391176
391176
391176
391176
391176
391176
391176
391176
391176
391176
391176
391176
391176
391176
391176
391176
391176
391176
391176
391176
391176
391176
391176
391176
391176
391176
391176
391176
391176
391176
391176
391176
391176
391176
391176
391176
391176
391176
391176
391176
391176
391176
391176
391176
391176
391176
391176
391176
387059
387059
387059
387059
387059
387059
387059
387059
387059
387059
387059
387059
387059
387059
387059
387059
387059
387059
387059
387059
387059
387059
387059
387059
387059
387059
387059
387059
387059
387059
387059
387059
387059
387059
387059
387059
387059
387059
387059
387059
387059
387059
387059
387059
387059
387059
387059
387059
387059
387059
387059
387059
387059
387059
387059
387059
387059
387059
387059
387059
387059
387059
387059
387059
387059
387059
387059
387059
387059
387059
387059
387059
387059
382941
382941
382941
382941
382941
382941
382941
382941
382941
382941
382941
382941
382941
382941
382941
382941
382941
382941
382941
382941
382941
382941
382941
382941
382941
382941
382941
382941
382941
382941
382941
382941
382941
382941
382941
382941
382941
382941
382941
382941
382941
382941
382941
382941
382941
382941
382941
382941
382941
382941
382941
382941
382941
382941
382941
382941
382941
382941
382941
382941
382941
382941
382941
382941
382941
382941
382941
382941
382941
382941
382941
382941
382941
378824
378824
378824
378824
378824
378824
378824
378824
378824
378824
378824
378824
378824
378824
378824
378824
378824
378824
378824
378824
378824
378824
378824
378824
378824
378824
378824
378824
378824
378824
378824
378824
378824
378824
378824
378824
378824
378824
378824
378824
378824
378824
378824
378824
378824
378824
378824
378824
378824
378824
378824
378824
378824
378824
378824
378824
378824
378824
378824
378824
378824
378824
378824
378824
378824
378824
378824
378824
378824
378824
378824
378824
378824
378824
374706
374706
374706
374706
374706
374706
374706
374706
374706
374706
374706
374706
374706
374706
374706
374706
374706
374706
374706
374706
374706
374706
374706
374706
374706
374706
374706
374706
374706
374706
374706
374706
374706
374706
374706
374706
374706
374706
374706
374706
374706
374706
374706
374706
374706
374706
374706
374706
374706
374706
374706
374706
374706
374706
374706
374706
374706
374706
374706
374706
374706
374706
374706
374706
374706
374706
374706
374706
374706
374706
374706
374706
374706
374706
374706
370588
370588
370588
370588
370588
370588
370588
370588
370588
370588
370588
370588
370588
370588
370588
370588
370588
370588
370588
370588
370588
370588
370588
370588
370588
370588
370588
370588
370588
370588
370588
370588
370588
370588
370588
370588
370588
370588
370588
370588
370588
370588
370588
370588
370588
370588
370588
370588
370588
370588
370588
370588
370588
370588
370588
370588
370588
370588
370588
370588
370588
370588
370588
370588
370588
370588
370588
370588
370588
370588
370588
370588
370588
370588
370588
366471
366471
366471
366471
366471
366471
366471
366471
366471
366471
366471
366471
366471
366471
366471
366471
366471
366471
366471
366471
366471
366471
366471
366471
366471
366471
366471
366471
366471
366471
366471
366471
366471
366471
366471
366471
366471
366471
366471
366471
366471
366471
366471
366471
366471
366471
366471
366471
366471
366471
366471
366471
366471
366471
366471
366471
366471
366471
366471
366471
366471
366471
366471
366471
366471
366471
366471
366471
366471
366471
366471
366471
366471
366471
366471
366471
366471
362353
362353
362353
362353
362353
362353
362353
362353
362353
362353
362353
362353
362353
362353
362353
362353
362353
362353
362353
362353
362353
362353
362353
362353
362353
362353
362353
362353
362353
362353
362353
362353
362353
362353
362353
362353
362353
362353
362353
362353
362353
362353
362353
362353
362353
362353
362353
362353
362353
362353
362353
362353
362353
362353
362353
362353
362353
362353
362353
362353
362353
362353
362353
362353
362353
362353
362353
362353
362353
362353
362353
362353
362353
362353
362353
362353
362353
358235
358235
358235
358235
358235
358235
358235
358235
358235
358235
358235
358235
358235
358235
358235
358235
358235
358235
358235
358235
358235
358235
358235
358235
358235
358235
358235
358235
358235
358235
358235
358235
358235
358235
358235
358235
358235
358235
358235
358235
358235
358235
358235
358235
358235
358235
358235
358235
358235
358235
358235
358235
358235
358235
358235
358235
358235
358235
358235
358235
358235
358235
358235
358235
358235
358235
358235
358235
358235
358235
358235
358235
358235
358235
358235
358235
358235
358235
354118
354118
354118
354118
354118
354118
354118
354118
354118
354118
354118
354118
354118
354118
354118
354118
354118
354118
354118
354118
354118
354118
354118
354118
354118
354118
354118
354118
354118
354118
354118
354118
354118
354118
354118
354118
354118
354118
354118
354118
354118
354118
354118
354118
354118
354118
354118
354118
354118
354118
354118
354118
354118
354118
354118
354118
354118
354118
354118
354118
354118
354118
354118
354118
354118
354118
354118
354118
354118
354118
354118
354118
354118
354118
354118
354118
354118
354118
354118
350000
350000
350000
350000
350000
350000
350000
350000
350000
350000
350000
350000
350000
350000
350000
350000
350000
350000
350000
350000
350000
350000
350000
350000
350000
350000
350000
350000
350000
350000
350000
350000
350000
350000
350000
350000
350000
350000
350000
350000
350000
350000
350000
350000
350000
350000
350000
350000
350000
350000
350000
350000
350000
350000
350000
350000
350000
350000
350000
350000
350000
350000
350000
350000
350000
350000
350000
350000
350000
350000
350000
350000
350000
350000
350000
350000
350000
350000
350000
350000
345882
345882
345882
345882
345882
345882
345882
345882
345882
345882
345882
345882
345882
345882
345882
345882
345882
345882
345882
345882
345882
345882
345882
345882
345882
345882
345882
345882
345882
345882
345882
345882
345882
345882
345882
345882
345882
345882
345882
345882
345882
345882
345882
345882
345882
345882
345882
345882
345882
345882
345882
345882
345882
345882
345882
345882
345882
345882
345882
345882
345882
345882
345882
345882
345882
345882
345882
345882
345882
345882
345882
345882
345882
345882
345882
345882
345882
345882
345882
345882
345882
341765
341765
341765
341765
341765
341765
341765
341765
341765
341765
341765
341765
341765
341765
341765
341765
341765
341765
341765
341765
341765
341765
341765
341765
341765
341765
341765
341765
341765
341765
341765
341765
341765
341765
341765
341765
341765
341765
341765
341765
341765
341765
341765
341765
341765
341765
341765
341765
341765
341765
341765
341765
341765
341765
341765
341765
341765
341765
341765
341765
341765
341765
341765
341765
341765
341765
341765
341765
341765
341765
341765
341765
341765
341765
341765
341765
341765
341765
341765
341765
341765
341765
337647
337647
337647
337647
337647
337647
337647
337647
337647
337647
337647
337647
337647
337647
337647
337647
337647
337647
337647
337647
337647
337647
337647
337647
337647
337647
337647
337647
337647
337647
337647
337647
337647
337647
337647
337647
337647
337647
337647
337647
337647
337647
337647
337647
337647
337647
337647
337647
337647
337647
337647
337647
337647
337647
337647
337647
337647
337647
337647
337647
337647
337647
337647
337647
337647
337647
337647
337647
337647
337647
337647
337647
337647
337647
337647
337647
337647
337647
337647
337647
337647
337647
337647
333529
333529
333529
333529
333529
333529
333529
333529
333529
333529
333529
333529
333529
333529
333529
333529
333529
333529
333529
333529
333529
333529
333529
333529
333529
333529
333529
333529
333529
333529
333529
333529
333529
333529
333529
333529
333529
333529
333529
333529
333529
333529
333529
333529
333529
333529
333529
333529
333529
333529
333529
333529
333529
333529
333529
333529
333529
333529
333529
333529
333529
333529
333529
333529
333529
333529
333529
333529
333529
333529
333529
333529
333529
333529
333529
333529
333529
333529
333529
333529
333529
333529
333529
333529
329412
329412
329412
329412
329412
329412
329412
329412
329412
329412
329412
329412
329412
329412
329412
329412
329412
329412
329412
329412
329412
329412
329412
329412
329412
329412
329412
329412
329412
329412
329412
329412
329412
329412
329412
329412
329412
329412
329412
329412
329412
329412
329412
329412
329412
329412
329412
329412
329412
329412
329412
329412
329412
329412
329412
329412
329412
329412
329412
329412
329412
329412
329412
329412
329412
329412
329412
329412
329412
329412
329412
329412
329412
329412
329412
329412
329412
329412
329412
329412
329412
329412
329412
329412
329412
325294
325294
325294
325294
325294
325294
325294
325294
325294
325294
325294
325294
325294
325294
325294
325294
325294
325294
325294
325294
325294
325294
325294
325294
325294
325294
325294
325294
325294
325294
325294
325294
325294
325294
325294
325294
325294
325294
325294
325294
325294
325294
325294
325294
325294
325294
325294
325294
325294
325294
325294
325294
325294
325294
325294
325294
325294
325294
325294
325294
325294
325294
325294
325294
325294
325294
325294
325294
325294
325294
325294
325294
325294
325294
325294
325294
325294
325294
325294
325294
325294
325294
325294
325294
325294
325294
321176
321176
321176
321176
321176
321176
321176
321176
321176
321176
321176
321176
321176
321176
321176
321176
321176
321176
321176
321176
321176
321176
321176
321176
321176
321176
321176
321176
321176
321176
321176
321176
321176
321176
321176
321176
321176
321176
321176
321176
321176
321176
321176
321176
321176
321176
321176
321176
321176
321176
321176
321176
321176
321176
321176
321176
321176
321176
321176
321176
321176
321176
321176
321176
321176
321176
321176
321176
321176
321176
321176
321176
321176
321176
321176
321176
321176
321176
321176
321176
321176
321176
321176
321176
321176
321176
321176
317059
317059
317059
317059
317059
317059
317059
317059
317059
317059
317059
317059
317059
317059
317059
317059
317059
317059
317059
317059
317059
317059
317059
317059
317059
317059
317059
317059
317059
317059
317059
317059
317059
317059
317059
317059
317059
317059
317059
317059
317059
317059
317059
317059
317059
317059
317059
317059
317059
317059
317059
317059
317059
317059
317059
317059
317059
317059
317059
317059
317059
317059
317059
317059
317059
317059
317059
317059
317059
317059
317059
317059
317059
317059
317059
317059
317059
317059
317059
317059
317059
317059
317059
317059
317059
317059
317059
317059
312941
312941
312941
312941
312941
312941
312941
312941
312941
312941
312941
312941
312941
312941
312941
312941
312941
312941
312941
312941
312941
312941
312941
312941
312941
312941
312941
312941
312941
312941
312941
312941
312941
312941
312941
312941
312941
312941
312941
312941
312941
312941
312941
312941
312941
312941
312941
312941
312941
312941
312941
312941
312941
312941
312941
312941
312941
312941
312941
312941
312941
312941
312941
312941
312941
312941
312941
312941
312941
312941
312941
312941
312941
312941
312941
312941
312941
312941
312941
312941
312941
312941
312941
312941
312941
312941
312941
312941
312941
312941
308824
308824
308824
308824
308824
308824
308824
308824
308824
308824
308824
308824
308824
308824
308824
308824
308824
308824
308824
308824
308824
308824
308824
308824
308824
308824
308824
308824
308824
308824
308824
308824
308824
308824
308824
308824
308824
308824
308824
308824
308824
308824
308824
308824
308824
308824
308824
308824
308824
308824
308824
308824
308824
308824
308824
308824
308824
308824
308824
308824
308824
308824
308824
308824
308824
308824
308824
308824
308824
308824
308824
308824
308824
308824
308824
308824
308824
308824
308824
308824
308824
308824
308824
308824
308824
308824
308824
308824
308824
308824
304706
304706
304706
304706
304706
304706
304706
304706
304706
304706
304706
304706
304706
304706
304706
304706
304706
304706
304706
304706
304706
304706
304706
304706
304706
304706
304706
304706
304706
304706
304706
304706
304706
304706
304706
304706
304706
304706
304706
304706
304706
304706
304706
304706
304706
304706
304706
304706
304706
304706
304706
304706
304706
304706
304706
304706
304706
304706
304706
304706
304706
304706
304706
304706
304706
304706
304706
304706
304706
304706
304706
304706
304706
304706
304706
304706
304706
304706
304706
304706
304706
304706
304706
304706
304706
304706
304706
304706
304706
304706
304706
304706
300588
300588
300588
300588
300588
300588
300588
300588
300588
300588
300588
300588
300588
300588
300588
300588
300588
300588
300588
300588
300588
300588
300588
300588
300588
300588
300588
300588
300588
300588
300588
300588
300588
300588
300588
300588
300588
300588
300588
300588
300588
300588
300588
300588
300588
300588
300588
300588
300588
300588
300588
300588
300588
300588
300588
300588
300588
300588
300588
300588
300588
300588
300588
300588
300588
300588
300588
300588
300588
300588
300588
300588
300588
300588
300588
300588
300588
300588
300588
300588
300588
300588
300588
300588
300588
300588
300588
300588
300588
300588
300588
300588
300588
300588
296471
296471
296471
296471
296471
296471
296471
296471
296471
296471
296471
296471
296471
296471
296471
296471
296471
296471
296471
296471
296471
296471
296471
296471
296471
296471
296471
296471
296471
296471
296471
296471
296471
296471
296471
296471
296471
296471
296471
296471
296471
296471
296471
296471
296471
296471
296471
296471
296471
296471
296471
296471
296471
296471
296471
296471
296471
296471
296471
296471
296471
296471
296471
296471
296471
296471
296471
296471
296471
296471
296471
296471
296471
296471
296471
296471
296471
296471
296471
296471
296471
296471
296471
296471
296471
296471
296471
296471
296471
296471
296471
296471
296471
296471
292353
292353
292353
292353
292353
292353
292353
292353
292353
292353
292353
292353
292353
292353
292353
292353
292353
292353
292353
292353
292353
292353
292353
292353
292353
292353
292353
292353
292353
292353
292353
292353
292353
292353
292353
292353
292353
292353
292353
292353
292353
292353
292353
292353
292353
292353
292353
292353
292353
292353
292353
292353
292353
292353
292353
292353
292353
292353
292353
292353
292353
292353
292353
292353
292353
292353
292353
292353
292353
292353
292353
292353
292353
292353
292353
292353
292353
292353
292353
292353
292353
292353
292353
292353
292353
292353
292353
292353
292353
292353
292353
292353
292353
292353
292353
292353
288235
288235
288235
288235
288235
288235
288235
288235
288235
288235
288235
288235
288235
288235
288235
288235
288235
288235
288235
288235
288235
288235
288235
288235
288235
288235
288235
288235
288235
288235
288235
288235
288235
288235
288235
288235
288235
288235
288235
288235
288235
288235
288235
288235
288235
288235
288235
288235
288235
288235
288235
288235
288235
288235
288235
288235
288235
288235
288235
288235
288235
288235
288235
288235
288235
288235
288235
288235
288235
288235
288235
288235
288235
288235
288235
288235
288235
288235
288235
288235
288235
288235
288235
288235
288235
288235
288235
288235
288235
288235
288235
288235
288235
288235
288235
288235
288235
284118
284118
284118
284118
284118
284118
284118
284118
284118
284118
284118
284118
284118
284118
284118
284118
284118
284118
284118
284118
284118
284118
284118
284118
284118
284118
284118
284118
284118
284118
284118
284118
284118
284118
284118
284118
284118
284118
284118
284118
284118
284118
284118
284118
284118
284118
284118
284118
284118
284118
284118
284118
284118
284118
284118
284118
284118
284118
284118
284118
284118
284118
284118
284118
284118
284118
284118
284118
284118
284118
284118
284118
284118
284118
284118
284118
284118
284118
284118
284118
284118
284118
284118
284118
284118
284118
284118
284118
284118
284118
284118
284118
284118
284118
284118
284118
284118
284118
280000
280000
280000
280000
280000
280000
280000
280000
280000
280000
280000
280000
280000
280000
280000
280000
280000
280000
280000
280000
280000
280000
280000
280000
280000
280000
280000
280000
280000
280000
280000
280000
280000
280000
280000
280000
280000
280000
280000
280000
280000
280000
280000
280000
280000
280000
280000
280000
280000
280000
280000
280000
280000
280000
280000
280000
280000
280000
280000
280000
280000
280000
280000
280000
280000
280000
280000
280000
280000
280000
280000
280000
280000
280000
280000
280000
280000
280000
280000
280000
280000
280000
280000
280000
280000
280000
280000
280000
280000
280000
280000
280000
280000
280000
280000
280000
280000
280000
280000
280000
275882
275882
275882
275882
275882
275882
275882
275882
275882
275882
275882
275882
275882
275882
275882
275882
275882
275882
275882
275882
275882
275882
275882
275882
275882
275882
275882
275882
275882
275882
275882
275882
275882
275882
275882
275882
275882
275882
275882
275882
