IEC 61083-2 TDG Version 2.1.0
Data File Version  2.1.0
03 LI-A3
8 bits, 10000 samples at 10ns
1.000000e-008
23505.9
23505.9
23505.9
23505.9
23505.9
23505.9
23505.9
23505.9
23505.9
23505.9
23505.9
23505.9
23505.9
23505.9
23505.9
23505.9
23505.9
23505.9
23505.9
23505.9
23505.9
23505.9
23505.9
23505.9
23505.9
23505.9
23505.9
23505.9
23505.9
23505.9
23505.9
23505.9
23505.9
23505.9
23505.9
23505.9
23505.9
23505.9
23505.9
23505.9
23505.9
23505.9
23505.9
23505.9
23505.9
23505.9
23505.9
23505.9
23505.9
23505.9
23505.9
23505.9
23505.9
23505.9
23505.9
23505.9
23505.9
23505.9
23505.9
23505.9
23505.9
23505.9
23505.9
23505.9
23505.9
23505.9
23505.9
23505.9
23505.9
23505.9
23505.9
23505.9
23505.9
23505.9
23505.9
23505.9
23505.9
23505.9
23505.9
23505.9
23505.9
23505.9
23505.9
23505.9
23505.9
23505.9
23505.9
23505.9
23505.9
23505.9
23505.9
23505.9
23505.9
23505.9
23505.9
23505.9
23505.9
23505.9
23505.9
23505.9
23505.9
23505.9
23505.9
23505.9
23505.9
23505.9
23505.9
23505.9
23505.9
23505.9
23505.9
23505.9
23505.9
23505.9
23505.9
23505.9
23505.9
23505.9
23505.9
23505.9
23505.9
23505.9
23505.9
23505.9
23505.9
23505.9
23505.9
23505.9
23505.9
23505.9
23505.9
23505.9
23505.9
23505.9
23505.9
23505.9
23505.9
23505.9
23505.9
23505.9
23505.9
23505.9
23505.9
23505.9
23505.9
23505.9
23505.9
23505.9
23505.9
23505.9
23505.9
23505.9
23505.9
23505.9
23505.9
23505.9
23505.9
23505.9
23505.9
23505.9
23505.9
23505.9
23505.9
23505.9
23505.9
23505.9
23505.9
23505.9
23505.9
23505.9
23505.9
23505.9
23505.9
23505.9
23505.9
23505.9
23505.9
23505.9
23505.9
23505.9
23505.9
23505.9
23505.9
23505.9
23505.9
23505.9
23505.9
23505.9
23505.9
23505.9
23505.9
23505.9
23505.9
23505.9
23505.9
23505.9
23505.9
23505.9
23505.9
23505.9
23505.9
23505.9
23505.9
23505.9
23505.9
23505.9
23505.9
23505.9
23505.9
23505.9
23505.9
23505.9
23505.9
23505.9
23505.9
23505.9
23505.9
23505.9
23505.9
23505.9
23505.9
23505.9
23505.9
23505.9
23505.9
23505.9
23505.9
23505.9
23505.9
23505.9
23505.9
23505.9
23505.9
23505.9
23505.9
23505.9
23505.9
23505.9
23505.9
23505.9
23505.9
23505.9
23505.9
23505.9
23505.9
23505.9
23505.9
23505.9
23505.9
23505.9
23505.9
23505.9
23505.9
23505.9
23505.9
23505.9
23505.9
23505.9
23505.9
23505.9
23505.9
23505.9
23505.9
23505.9
23505.9
23505.9
23505.9
23505.9
23505.9
23505.9
23505.9
23505.9
23505.9
23505.9
23505.9
23505.9
23505.9
23505.9
23505.9
23505.9
23505.9
23505.9
23505.9
23505.9
23505.9
23505.9
23505.9
23505.9
23505.9
23505.9
23505.9
23505.9
23505.9
23505.9
23505.9
23505.9
23505.9
23505.9
23505.9
23505.9
23505.9
23505.9
23505.9
23505.9
23505.9
23505.9
23505.9
23505.9
23505.9
23505.9
23505.9
23505.9
23505.9
23505.9
23505.9
23505.9
23505.9
23505.9
23505.9
23505.9
23505.9
23505.9
23505.9
23505.9
23505.9
23505.9
23505.9
23505.9
23505.9
23505.9
23505.9
23505.9
23505.9
23505.9
23505.9
23505.9
23505.9
23505.9
23505.9
23505.9
23505.9
23505.9
23505.9
23505.9
23505.9
23505.9
23505.9
23505.9
23505.9
23505.9
23505.9
23505.9
23505.9
23505.9
23505.9
23505.9
23505.9
23505.9
23505.9
23505.9
23505.9
23505.9
23505.9
23505.9
23505.9
23505.9
23505.9
23505.9
23505.9
23505.9
23505.9
23505.9
23505.9
23505.9
23505.9
23505.9
23505.9
23505.9
23505.9
23505.9
23505.9
23505.9
23505.9
23505.9
23505.9
23505.9
23505.9
23505.9
23505.9
23505.9
23505.9
23505.9
23505.9
23505.9
23505.9
23505.9
23505.9
23505.9
23505.9
23505.9
23505.9
23505.9
23505.9
23505.9
23505.9
23505.9
23505.9
23505.9
23505.9
23505.9
23505.9
23505.9
23505.9
23505.9
23505.9
23505.9
23505.9
23505.9
23505.9
23505.9
23505.9
23505.9
23505.9
23505.9
23505.9
23505.9
23505.9
23505.9
23505.9
23505.9
23505.9
23505.9
23505.9
23505.9
23505.9
23505.9
23505.9
23505.9
23505.9
23505.9
23505.9
23505.9
23505.9
23505.9
23505.9
23505.9
23505.9
23505.9
23505.9
23505.9
23505.9
23505.9
23505.9
23505.9
23505.9
23505.9
23505.9
23505.9
23505.9
23505.9
23505.9
23505.9
23505.9
23505.9
23505.9
23505.9
23505.9
23505.9
23505.9
23505.9
23505.9
23505.9
23505.9
23505.9
23505.9
23505.9
23505.9
23505.9
23505.9
23505.9
23505.9
23505.9
23505.9
23505.9
23505.9
23505.9
23505.9
23505.9
23505.9
23505.9
23505.9
23505.9
23505.9
23505.9
23505.9
23505.9
23505.9
23505.9
23505.9
23505.9
23505.9
23505.9
23505.9
23505.9
23505.9
23505.9
23505.9
23505.9
23505.9
23505.9
23505.9
23505.9
23505.9
23505.9
23505.9
23505.9
23505.9
23505.9
23505.9
23505.9
23505.9
23505.9
23505.9
23505.9
23505.9
23505.9
23505.9
23505.9
23505.9
23505.9
23505.9
23505.9
23505.9
23505.9
23505.9
23505.9
23505.9
23505.9
23505.9
23505.9
23505.9
23505.9
23505.9
23505.9
23505.9
23505.9
23505.9
23505.9
23505.9
23505.9
23505.9
23505.9
23505.9
23505.9
23505.9
23505.9
23505.9
23505.9
23505.9
23505.9
23505.9
23505.9
23505.9
23505.9
23505.9
23505.9
23505.9
23505.9
23505.9
23505.9
23505.9
23505.9
23505.9
23505.9
23505.9
23505.9
23505.9
23505.9
23505.9
23505.9
23505.9
23505.9
23505.9
23505.9
23505.9
23505.9
23505.9
23505.9
23505.9
23505.9
23505.9
23505.9
23505.9
23505.9
23505.9
23505.9
23505.9
23505.9
23505.9
23505.9
23505.9
23505.9
23505.9
23505.9
23505.9
23505.9
23505.9
23505.9
23505.9
23505.9
23505.9
23505.9
23505.9
23505.9
23505.9
23505.9
23505.9
23505.9
23505.9
23505.9
23505.9
23505.9
23505.9
23505.9
23505.9
23505.9
23505.9
23505.9
23505.9
23505.9
23505.9
23505.9
23505.9
23505.9
23505.9
23505.9
23505.9
23505.9
23505.9
23505.9
23505.9
23505.9
23505.9
23505.9
23505.9
23505.9
23505.9
23505.9
23505.9
23505.9
23505.9
23505.9
23505.9
23505.9
23505.9
23505.9
23505.9
23505.9
23505.9
23505.9
23505.9
23505.9
23505.9
23505.9
23505.9
23505.9
23505.9
23505.9
23505.9
23505.9
23505.9
23505.9
23505.9
23505.9
23505.9
23505.9
23505.9
23505.9
23505.9
23505.9
23505.9
23505.9
23505.9
23505.9
23505.9
23505.9
23505.9
23505.9
23505.9
23505.9
23505.9
23505.9
23505.9
23505.9
23505.9
23505.9
23505.9
23505.9
23505.9
23505.9
23505.9
23505.9
23505.9
23505.9
23505.9
23505.9
23505.9
23505.9
23505.9
23505.9
23505.9
23505.9
23505.9
23505.9
23505.9
23505.9
23505.9
23505.9
23505.9
23505.9
23505.9
23505.9
23505.9
23505.9
23505.9
23505.9
23505.9
23505.9
23505.9
23505.9
23505.9
23505.9
23505.9
23505.9
23505.9
23505.9
23505.9
23505.9
23505.9
23505.9
23505.9
23505.9
23505.9
23505.9
23505.9
23505.9
23505.9
23505.9
23505.9
23505.9
23505.9
23505.9
23505.9
23505.9
23505.9
23505.9
23505.9
23505.9
23505.9
23505.9
23505.9
23505.9
23505.9
23505.9
23505.9
23505.9
23505.9
23505.9
23505.9
23505.9
23505.9
23505.9
23505.9
23505.9
23505.9
23505.9
23505.9
23505.9
23505.9
23505.9
23505.9
23505.9
23505.9
23505.9
23505.9
23505.9
23505.9
23505.9
23505.9
23505.9
23505.9
23505.9
23505.9
23505.9
23505.9
23505.9
23505.9
23505.9
23505.9
23505.9
23505.9
23505.9
23505.9
23505.9
23505.9
23505.9
23505.9
23505.9
23505.9
23505.9
23505.9
23505.9
23505.9
23505.9
23505.9
23505.9
23505.9
23505.9
23505.9
23505.9
23505.9
23505.9
23505.9
23505.9
23505.9
23505.9
23505.9
23505.9
23505.9
23505.9
23505.9
23505.9
23505.9
23505.9
23505.9
23505.9
23505.9
23505.9
23505.9
23505.9
23505.9
23505.9
23505.9
23505.9
23505.9
23505.9
23505.9
23505.9
23505.9
23505.9
23505.9
23505.9
23505.9
23505.9
23505.9
23505.9
23505.9
23505.9
23505.9
23505.9
23505.9
23505.9
23505.9
23505.9
23505.9
23505.9
23505.9
23505.9
23505.9
23505.9
23505.9
23505.9
23505.9
23505.9
23505.9
23505.9
23505.9
23505.9
23505.9
23505.9
23505.9
23505.9
23505.9
23505.9
23505.9
23505.9
23505.9
23505.9
23505.9
23505.9
23505.9
23505.9
23505.9
23505.9
23505.9
23505.9
23505.9
23505.9
23505.9
23505.9
23505.9
23505.9
23505.9
23505.9
23505.9
23505.9
23505.9
23505.9
23505.9
23505.9
23505.9
23505.9
23505.9
23505.9
23505.9
23505.9
23505.9
23505.9
23505.9
23505.9
23505.9
23505.9
23505.9
23505.9
23505.9
23505.9
23505.9
23505.9
23505.9
23505.9
23505.9
23505.9
23505.9
23505.9
23505.9
23505.9
23505.9
23505.9
23505.9
23505.9
23505.9
23505.9
23505.9
23505.9
23505.9
23505.9
23505.9
23505.9
23505.9
23505.9
23505.9
23505.9
23505.9
23505.9
23505.9
23505.9
23505.9
23505.9
23505.9
23505.9
23505.9
23505.9
23505.9
23505.9
23505.9
23505.9
23505.9
23505.9
23505.9
23505.9
23505.9
23505.9
23505.9
23505.9
23505.9
23505.9
23505.9
23505.9
23505.9
23505.9
23505.9
23505.9
23505.9
23505.9
23505.9
23505.9
23505.9
23505.9
23505.9
23505.9
23505.9
23505.9
23505.9
23505.9
23505.9
23505.9
23505.9
23505.9
23505.9
23505.9
23505.9
43094.1
58764.7
74435.3
86188.2
101858.8
117529.4
129282.4
144952.9
156705.9
172376.5
184129.4
195882.4
207635.3
219388.2
231141.2
242894.1
254647.1
266400.0
278152.9
289905.9
301658.8
309494.1
321247.1
333000.0
344752.9
352588.2
364341.2
376094.1
383929.4
395682.4
407435.3
415270.6
427023.5
434858.8
446611.8
458364.7
466200.0
477952.9
485788.2
497541.2
505376.5
517129.4
524964.7
536717.6
544552.9
556305.9
568058.8
575894.1
587647.1
595482.4
607235.3
615070.6
626823.5
634658.8
642494.1
654247.1
662082.4
673835.3
681670.6
693423.5
701258.8
709094.1
720847.1
728682.4
736517.6
748270.6
756105.9
763941.2
771776.5
783529.4
791364.7
799200.0
807035.3
814870.6
822705.9
830541.2
838376.5
846211.8
854047.1
861882.4
869717.6
877552.9
885388.2
893223.5
897141.2
904976.5
912811.8
916729.4
924564.7
932400.0
936317.6
944152.9
948070.6
955905.9
959823.5
963741.2
971576.5
975494.1
979411.8
983329.4
987247.1
991164.7
995082.4
999000.0
1002917.6
1006835.3
1010752.9
1014670.6
1018588.2
1022505.9
1022505.9
1026423.5
1030341.2
1030341.2
1034258.8
1034258.8
1038176.5
1038176.5
1042094.1
1042094.1
1042094.1
1042094.1
1046011.8
1046011.8
1046011.8
1046011.8
1046011.8
1049929.4
1049929.4
1049929.4
1049929.4
1049929.4
1049929.4
1049929.4
1046011.8
1046011.8
1046011.8
1046011.8
1046011.8
1046011.8
1042094.1
1042094.1
1042094.1
1042094.1
1038176.5
1038176.5
1038176.5
1034258.8
1034258.8
1034258.8
1030341.2
1030341.2
1030341.2
1026423.5
1026423.5
1022505.9
1022505.9
1022505.9
1018588.2
1018588.2
1014670.6
1014670.6
1010752.9
1010752.9
1010752.9
1006835.3
1006835.3
1002917.6
1002917.6
999000.0
999000.0
999000.0
995082.4
995082.4
991164.7
991164.7
991164.7
987247.1
987247.1
987247.1
983329.4
983329.4
983329.4
979411.8
979411.8
979411.8
979411.8
975494.1
975494.1
975494.1
975494.1
971576.5
971576.5
971576.5
971576.5
971576.5
971576.5
971576.5
967658.8
967658.8
967658.8
967658.8
967658.8
967658.8
967658.8
967658.8
967658.8
967658.8
967658.8
967658.8
967658.8
967658.8
967658.8
967658.8
967658.8
967658.8
967658.8
967658.8
967658.8
971576.5
971576.5
971576.5
971576.5
971576.5
971576.5
971576.5
975494.1
975494.1
975494.1
975494.1
975494.1
975494.1
979411.8
979411.8
979411.8
979411.8
979411.8
983329.4
983329.4
983329.4
983329.4
983329.4
987247.1
987247.1
987247.1
987247.1
987247.1
991164.7
991164.7
991164.7
991164.7
991164.7
995082.4
995082.4
995082.4
995082.4
995082.4
995082.4
999000.0
999000.0
999000.0
999000.0
999000.0
999000.0
1002917.6
1002917.6
1002917.6
1002917.6
1002917.6
1002917.6
1002917.6
1002917.6
1006835.3
1006835.3
1006835.3
1006835.3
1006835.3
1006835.3
1006835.3
1006835.3
1006835.3
1006835.3
1006835.3
1006835.3
1006835.3
1006835.3
1006835.3
1006835.3
1006835.3
1006835.3
1006835.3
1006835.3
1006835.3
1006835.3
1006835.3
1006835.3
1006835.3
1006835.3
1006835.3
1006835.3
1006835.3
1006835.3
1006835.3
1006835.3
1006835.3
1006835.3
1002917.6
1002917.6
1002917.6
1002917.6
1002917.6
1002917.6
1002917.6
1002917.6
1002917.6
1002917.6
999000.0
999000.0
999000.0
999000.0
999000.0
999000.0
999000.0
995082.4
995082.4
995082.4
995082.4
995082.4
995082.4
995082.4
995082.4
991164.7
991164.7
991164.7
991164.7
991164.7
991164.7
991164.7
987247.1
987247.1
987247.1
987247.1
987247.1
987247.1
987247.1
987247.1
983329.4
983329.4
983329.4
983329.4
983329.4
983329.4
983329.4
983329.4
983329.4
979411.8
979411.8
979411.8
979411.8
979411.8
979411.8
979411.8
979411.8
979411.8
979411.8
979411.8
975494.1
975494.1
975494.1
975494.1
975494.1
975494.1
975494.1
975494.1
975494.1
975494.1
975494.1
975494.1
975494.1
975494.1
975494.1
975494.1
975494.1
975494.1
975494.1
975494.1
975494.1
975494.1
975494.1
975494.1
975494.1
975494.1
975494.1
975494.1
971576.5
971576.5
971576.5
971576.5
971576.5
971576.5
971576.5
971576.5
971576.5
971576.5
975494.1
975494.1
975494.1
975494.1
975494.1
975494.1
975494.1
975494.1
975494.1
975494.1
975494.1
975494.1
975494.1
975494.1
975494.1
975494.1
975494.1
975494.1
975494.1
975494.1
975494.1
975494.1
975494.1
975494.1
975494.1
975494.1
975494.1
975494.1
975494.1
975494.1
975494.1
975494.1
975494.1
975494.1
975494.1
975494.1
975494.1
975494.1
975494.1
975494.1
975494.1
975494.1
975494.1
975494.1
975494.1
975494.1
975494.1
975494.1
975494.1
975494.1
975494.1
975494.1
975494.1
971576.5
971576.5
971576.5
971576.5
971576.5
971576.5
971576.5
971576.5
971576.5
971576.5
971576.5
971576.5
971576.5
971576.5
971576.5
971576.5
971576.5
971576.5
971576.5
971576.5
971576.5
971576.5
971576.5
971576.5
971576.5
971576.5
967658.8
967658.8
967658.8
967658.8
967658.8
967658.8
967658.8
967658.8
967658.8
967658.8
967658.8
967658.8
967658.8
967658.8
967658.8
967658.8
967658.8
967658.8
963741.2
963741.2
963741.2
963741.2
963741.2
963741.2
963741.2
963741.2
963741.2
963741.2
963741.2
963741.2
963741.2
963741.2
963741.2
963741.2
963741.2
963741.2
963741.2
959823.5
959823.5
959823.5
959823.5
959823.5
959823.5
959823.5
959823.5
959823.5
959823.5
959823.5
959823.5
959823.5
959823.5
959823.5
959823.5
959823.5
959823.5
959823.5
959823.5
959823.5
955905.9
955905.9
955905.9
955905.9
955905.9
955905.9
955905.9
955905.9
955905.9
955905.9
955905.9
955905.9
955905.9
955905.9
955905.9
955905.9
955905.9
955905.9
955905.9
955905.9
955905.9
955905.9
955905.9
955905.9
955905.9
955905.9
955905.9
955905.9
955905.9
955905.9
951988.2
951988.2
951988.2
951988.2
951988.2
951988.2
951988.2
951988.2
951988.2
951988.2
951988.2
951988.2
951988.2
951988.2
951988.2
951988.2
951988.2
951988.2
951988.2
951988.2
951988.2
951988.2
951988.2
951988.2
951988.2
951988.2
951988.2
951988.2
951988.2
951988.2
951988.2
951988.2
951988.2
951988.2
951988.2
951988.2
951988.2
951988.2
948070.6
948070.6
948070.6
948070.6
948070.6
948070.6
948070.6
948070.6
948070.6
948070.6
948070.6
948070.6
948070.6
948070.6
948070.6
948070.6
948070.6
948070.6
948070.6
948070.6
948070.6
948070.6
948070.6
948070.6
948070.6
948070.6
948070.6
948070.6
948070.6
948070.6
948070.6
948070.6
944152.9
944152.9
944152.9
944152.9
944152.9
944152.9
944152.9
944152.9
944152.9
944152.9
944152.9
944152.9
944152.9
944152.9
944152.9
944152.9
944152.9
944152.9
944152.9
944152.9
944152.9
944152.9
944152.9
944152.9
944152.9
944152.9
944152.9
940235.3
940235.3
940235.3
940235.3
940235.3
940235.3
940235.3
940235.3
940235.3
940235.3
940235.3
940235.3
940235.3
940235.3
940235.3
940235.3
940235.3
940235.3
940235.3
940235.3
940235.3
940235.3
940235.3
940235.3
940235.3
940235.3
936317.6
936317.6
936317.6
936317.6
936317.6
936317.6
936317.6
936317.6
936317.6
936317.6
936317.6
936317.6
936317.6
936317.6
936317.6
936317.6
936317.6
936317.6
936317.6
936317.6
936317.6
936317.6
936317.6
936317.6
936317.6
936317.6
936317.6
936317.6
932400.0
932400.0
932400.0
932400.0
932400.0
932400.0
932400.0
932400.0
932400.0
932400.0
932400.0
932400.0
932400.0
932400.0
932400.0
932400.0
932400.0
932400.0
932400.0
932400.0
932400.0
932400.0
932400.0
932400.0
932400.0
932400.0
932400.0
932400.0
932400.0
932400.0
932400.0
928482.4
928482.4
928482.4
928482.4
928482.4
928482.4
928482.4
928482.4
928482.4
928482.4
928482.4
928482.4
928482.4
928482.4
928482.4
928482.4
928482.4
928482.4
928482.4
928482.4
928482.4
928482.4
928482.4
928482.4
928482.4
928482.4
928482.4
928482.4
928482.4
928482.4
928482.4
924564.7
924564.7
924564.7
924564.7
924564.7
924564.7
924564.7
924564.7
924564.7
924564.7
924564.7
924564.7
924564.7
924564.7
924564.7
924564.7
924564.7
924564.7
924564.7
924564.7
924564.7
924564.7
924564.7
924564.7
924564.7
924564.7
924564.7
924564.7
924564.7
924564.7
920647.1
920647.1
920647.1
920647.1
920647.1
920647.1
920647.1
920647.1
920647.1
920647.1
920647.1
920647.1
920647.1
920647.1
920647.1
920647.1
920647.1
920647.1
920647.1
920647.1
920647.1
920647.1
920647.1
920647.1
920647.1
920647.1
920647.1
920647.1
920647.1
920647.1
916729.4
916729.4
916729.4
916729.4
916729.4
916729.4
916729.4
916729.4
916729.4
916729.4
916729.4
916729.4
916729.4
916729.4
916729.4
916729.4
916729.4
916729.4
916729.4
916729.4
916729.4
916729.4
916729.4
916729.4
916729.4
916729.4
916729.4
916729.4
916729.4
912811.8
912811.8
912811.8
912811.8
912811.8
912811.8
912811.8
912811.8
912811.8
912811.8
912811.8
912811.8
912811.8
912811.8
912811.8
912811.8
912811.8
912811.8
912811.8
912811.8
912811.8
912811.8
912811.8
912811.8
912811.8
912811.8
912811.8
912811.8
912811.8
912811.8
908894.1
908894.1
908894.1
908894.1
908894.1
908894.1
908894.1
908894.1
908894.1
908894.1
908894.1
908894.1
908894.1
908894.1
908894.1
908894.1
908894.1
908894.1
908894.1
908894.1
908894.1
908894.1
908894.1
908894.1
908894.1
908894.1
908894.1
908894.1
908894.1
908894.1
904976.5
904976.5
904976.5
904976.5
904976.5
904976.5
904976.5
904976.5
904976.5
904976.5
904976.5
904976.5
904976.5
904976.5
904976.5
904976.5
904976.5
904976.5
904976.5
904976.5
904976.5
904976.5
904976.5
904976.5
904976.5
904976.5
904976.5
904976.5
904976.5
904976.5
904976.5
901058.8
901058.8
901058.8
901058.8
901058.8
901058.8
901058.8
901058.8
901058.8
901058.8
901058.8
901058.8
901058.8
901058.8
901058.8
901058.8
901058.8
901058.8
901058.8
901058.8
901058.8
901058.8
901058.8
901058.8
901058.8
901058.8
901058.8
901058.8
901058.8
901058.8
901058.8
897141.2
897141.2
897141.2
897141.2
897141.2
897141.2
897141.2
897141.2
897141.2
897141.2
897141.2
897141.2
897141.2
897141.2
897141.2
897141.2
897141.2
897141.2
897141.2
897141.2
897141.2
897141.2
897141.2
897141.2
897141.2
897141.2
897141.2
897141.2
897141.2
897141.2
893223.5
893223.5
893223.5
893223.5
893223.5
893223.5
893223.5
893223.5
893223.5
893223.5
893223.5
893223.5
893223.5
893223.5
893223.5
893223.5
893223.5
893223.5
893223.5
893223.5
893223.5
893223.5
893223.5
893223.5
893223.5
893223.5
893223.5
893223.5
893223.5
893223.5
893223.5
889305.9
889305.9
889305.9
889305.9
889305.9
889305.9
889305.9
889305.9
889305.9
889305.9
889305.9
889305.9
889305.9
889305.9
889305.9
889305.9
889305.9
889305.9
889305.9
889305.9
889305.9
889305.9
889305.9
889305.9
889305.9
889305.9
889305.9
889305.9
889305.9
889305.9
889305.9
885388.2
885388.2
885388.2
885388.2
885388.2
885388.2
885388.2
885388.2
885388.2
885388.2
885388.2
885388.2
885388.2
885388.2
885388.2
885388.2
885388.2
885388.2
885388.2
885388.2
885388.2
885388.2
885388.2
885388.2
885388.2
885388.2
885388.2
885388.2
885388.2
885388.2
885388.2
881470.6
881470.6
881470.6
881470.6
881470.6
881470.6
881470.6
881470.6
881470.6
881470.6
881470.6
881470.6
881470.6
881470.6
881470.6
881470.6
881470.6
881470.6
881470.6
881470.6
881470.6
881470.6
881470.6
881470.6
881470.6
881470.6
881470.6
881470.6
881470.6
881470.6
881470.6
877552.9
877552.9
877552.9
877552.9
877552.9
877552.9
877552.9
877552.9
877552.9
877552.9
877552.9
877552.9
877552.9
877552.9
877552.9
877552.9
877552.9
877552.9
877552.9
877552.9
877552.9
877552.9
877552.9
877552.9
877552.9
877552.9
877552.9
877552.9
877552.9
877552.9
877552.9
873635.3
873635.3
873635.3
873635.3
873635.3
873635.3
873635.3
873635.3
873635.3
873635.3
873635.3
873635.3
873635.3
873635.3
873635.3
873635.3
873635.3
873635.3
873635.3
873635.3
873635.3
873635.3
873635.3
873635.3
873635.3
873635.3
873635.3
873635.3
873635.3
873635.3
873635.3
873635.3
869717.6
869717.6
869717.6
869717.6
869717.6
869717.6
869717.6
869717.6
869717.6
869717.6
869717.6
869717.6
869717.6
869717.6
869717.6
869717.6
869717.6
869717.6
869717.6
869717.6
869717.6
869717.6
869717.6
869717.6
869717.6
869717.6
869717.6
869717.6
869717.6
869717.6
869717.6
869717.6
865800.0
865800.0
865800.0
865800.0
865800.0
865800.0
865800.0
865800.0
865800.0
865800.0
865800.0
865800.0
865800.0
865800.0
865800.0
865800.0
865800.0
865800.0
865800.0
865800.0
865800.0
865800.0
865800.0
865800.0
865800.0
865800.0
865800.0
865800.0
865800.0
865800.0
865800.0
861882.4
861882.4
861882.4
861882.4
861882.4
861882.4
861882.4
861882.4
861882.4
861882.4
861882.4
861882.4
861882.4
861882.4
861882.4
861882.4
861882.4
861882.4
861882.4
861882.4
861882.4
861882.4
861882.4
861882.4
861882.4
861882.4
861882.4
861882.4
861882.4
861882.4
861882.4
861882.4
857964.7
857964.7
857964.7
857964.7
857964.7
857964.7
857964.7
857964.7
857964.7
857964.7
857964.7
857964.7
857964.7
857964.7
857964.7
857964.7
857964.7
857964.7
857964.7
857964.7
857964.7
857964.7
857964.7
857964.7
857964.7
857964.7
857964.7
857964.7
857964.7
857964.7
857964.7
857964.7
854047.1
854047.1
854047.1
854047.1
854047.1
854047.1
854047.1
854047.1
854047.1
854047.1
854047.1
854047.1
854047.1
854047.1
854047.1
854047.1
854047.1
854047.1
854047.1
854047.1
854047.1
854047.1
854047.1
854047.1
854047.1
854047.1
854047.1
854047.1
854047.1
854047.1
854047.1
854047.1
854047.1
850129.4
850129.4
850129.4
850129.4
850129.4
850129.4
850129.4
850129.4
850129.4
850129.4
850129.4
850129.4
850129.4
850129.4
850129.4
850129.4
850129.4
850129.4
850129.4
850129.4
850129.4
850129.4
850129.4
850129.4
850129.4
850129.4
850129.4
850129.4
850129.4
850129.4
850129.4
850129.4
846211.8
846211.8
846211.8
846211.8
846211.8
846211.8
846211.8
846211.8
846211.8
846211.8
846211.8
846211.8
846211.8
846211.8
846211.8
846211.8
846211.8
846211.8
846211.8
846211.8
846211.8
846211.8
846211.8
846211.8
846211.8
846211.8
846211.8
846211.8
846211.8
846211.8
846211.8
846211.8
846211.8
842294.1
842294.1
842294.1
842294.1
842294.1
842294.1
842294.1
842294.1
842294.1
842294.1
842294.1
842294.1
842294.1
842294.1
842294.1
842294.1
842294.1
842294.1
842294.1
842294.1
842294.1
842294.1
842294.1
842294.1
842294.1
842294.1
842294.1
842294.1
842294.1
842294.1
842294.1
842294.1
838376.5
838376.5
838376.5
838376.5
838376.5
838376.5
838376.5
838376.5
838376.5
838376.5
838376.5
838376.5
838376.5
838376.5
838376.5
838376.5
838376.5
838376.5
838376.5
838376.5
838376.5
838376.5
838376.5
838376.5
838376.5
838376.5
838376.5
838376.5
838376.5
838376.5
838376.5
838376.5
838376.5
834458.8
834458.8
834458.8
834458.8
834458.8
834458.8
834458.8
834458.8
834458.8
834458.8
834458.8
834458.8
834458.8
834458.8
834458.8
834458.8
834458.8
834458.8
834458.8
834458.8
834458.8
834458.8
834458.8
834458.8
834458.8
834458.8
834458.8
834458.8
834458.8
834458.8
834458.8
834458.8
834458.8
830541.2
830541.2
830541.2
830541.2
830541.2
830541.2
830541.2
830541.2
830541.2
830541.2
830541.2
830541.2
830541.2
830541.2
830541.2
830541.2
830541.2
830541.2
830541.2
830541.2
830541.2
830541.2
830541.2
830541.2
830541.2
830541.2
830541.2
830541.2
830541.2
830541.2
830541.2
830541.2
830541.2
826623.5
826623.5
826623.5
826623.5
826623.5
826623.5
826623.5
826623.5
826623.5
826623.5
826623.5
826623.5
826623.5
826623.5
826623.5
826623.5
826623.5
826623.5
826623.5
826623.5
826623.5
826623.5
826623.5
826623.5
826623.5
826623.5
826623.5
826623.5
826623.5
826623.5
826623.5
826623.5
826623.5
826623.5
822705.9
822705.9
822705.9
822705.9
822705.9
822705.9
822705.9
822705.9
822705.9
822705.9
822705.9
822705.9
822705.9
822705.9
822705.9
822705.9
822705.9
822705.9
822705.9
822705.9
822705.9
822705.9
822705.9
822705.9
822705.9
822705.9
822705.9
822705.9
822705.9
822705.9
822705.9
822705.9
822705.9
818788.2
818788.2
818788.2
818788.2
818788.2
818788.2
818788.2
818788.2
818788.2
818788.2
818788.2
818788.2
818788.2
818788.2
818788.2
818788.2
818788.2
818788.2
818788.2
818788.2
818788.2
818788.2
818788.2
818788.2
818788.2
818788.2
818788.2
818788.2
818788.2
818788.2
818788.2
818788.2
818788.2
818788.2
814870.6
814870.6
814870.6
814870.6
814870.6
814870.6
814870.6
814870.6
814870.6
814870.6
814870.6
814870.6
814870.6
814870.6
814870.6
814870.6
814870.6
814870.6
814870.6
814870.6
814870.6
814870.6
814870.6
814870.6
814870.6
814870.6
814870.6
814870.6
814870.6
814870.6
814870.6
814870.6
814870.6
814870.6
810952.9
810952.9
810952.9
810952.9
810952.9
810952.9
810952.9
810952.9
810952.9
810952.9
810952.9
810952.9
810952.9
810952.9
810952.9
810952.9
810952.9
810952.9
810952.9
810952.9
810952.9
810952.9
810952.9
810952.9
810952.9
810952.9
810952.9
810952.9
810952.9
810952.9
810952.9
810952.9
810952.9
810952.9
807035.3
807035.3
807035.3
807035.3
807035.3
807035.3
807035.3
807035.3
807035.3
807035.3
807035.3
807035.3
807035.3
807035.3
807035.3
807035.3
807035.3
807035.3
807035.3
807035.3
807035.3
807035.3
807035.3
807035.3
807035.3
807035.3
807035.3
807035.3
807035.3
807035.3
807035.3
807035.3
807035.3
807035.3
803117.6
803117.6
803117.6
803117.6
803117.6
803117.6
803117.6
803117.6
803117.6
803117.6
803117.6
803117.6
803117.6
803117.6
803117.6
803117.6
803117.6
803117.6
803117.6
803117.6
803117.6
803117.6
803117.6
803117.6
803117.6
803117.6
803117.6
803117.6
803117.6
803117.6
803117.6
803117.6
803117.6
803117.6
799200.0
799200.0
799200.0
799200.0
799200.0
799200.0
799200.0
799200.0
799200.0
799200.0
799200.0
799200.0
799200.0
799200.0
799200.0
799200.0
799200.0
799200.0
799200.0
799200.0
799200.0
799200.0
799200.0
799200.0
799200.0
799200.0
799200.0
799200.0
799200.0
799200.0
799200.0
799200.0
799200.0
799200.0
799200.0
795282.4
795282.4
795282.4
795282.4
795282.4
795282.4
795282.4
795282.4
795282.4
795282.4
795282.4
795282.4
795282.4
795282.4
795282.4
795282.4
795282.4
795282.4
795282.4
795282.4
795282.4
795282.4
795282.4
795282.4
795282.4
795282.4
795282.4
795282.4
795282.4
795282.4
795282.4
795282.4
795282.4
795282.4
795282.4
791364.7
791364.7
791364.7
791364.7
791364.7
791364.7
791364.7
791364.7
791364.7
791364.7
791364.7
791364.7
791364.7
791364.7
791364.7
791364.7
791364.7
791364.7
791364.7
791364.7
791364.7
791364.7
791364.7
791364.7
791364.7
791364.7
791364.7
791364.7
791364.7
791364.7
791364.7
791364.7
791364.7
791364.7
791364.7
787447.1
787447.1
787447.1
787447.1
787447.1
787447.1
787447.1
787447.1
787447.1
787447.1
787447.1
787447.1
787447.1
787447.1
787447.1
787447.1
787447.1
787447.1
787447.1
787447.1
787447.1
787447.1
787447.1
787447.1
787447.1
787447.1
787447.1
787447.1
787447.1
787447.1
787447.1
787447.1
787447.1
787447.1
787447.1
783529.4
783529.4
783529.4
783529.4
783529.4
783529.4
783529.4
783529.4
783529.4
783529.4
783529.4
783529.4
783529.4
783529.4
783529.4
783529.4
783529.4
783529.4
783529.4
783529.4
783529.4
783529.4
783529.4
783529.4
783529.4
783529.4
783529.4
783529.4
783529.4
783529.4
783529.4
783529.4
783529.4
783529.4
783529.4
779611.8
779611.8
779611.8
779611.8
779611.8
779611.8
779611.8
779611.8
779611.8
779611.8
779611.8
779611.8
779611.8
779611.8
779611.8
779611.8
779611.8
779611.8
779611.8
779611.8
779611.8
779611.8
779611.8
779611.8
779611.8
779611.8
779611.8
779611.8
779611.8
779611.8
779611.8
779611.8
779611.8
779611.8
779611.8
775694.1
775694.1
775694.1
775694.1
775694.1
775694.1
775694.1
775694.1
775694.1
775694.1
775694.1
775694.1
775694.1
775694.1
775694.1
775694.1
775694.1
775694.1
775694.1
775694.1
775694.1
775694.1
775694.1
775694.1
775694.1
775694.1
775694.1
775694.1
775694.1
775694.1
775694.1
775694.1
775694.1
775694.1
775694.1
775694.1
771776.5
771776.5
771776.5
771776.5
771776.5
771776.5
771776.5
771776.5
771776.5
771776.5
771776.5
771776.5
771776.5
771776.5
771776.5
771776.5
771776.5
771776.5
771776.5
771776.5
771776.5
771776.5
771776.5
771776.5
771776.5
771776.5
771776.5
771776.5
771776.5
771776.5
771776.5
771776.5
771776.5
771776.5
771776.5
771776.5
767858.8
767858.8
767858.8
767858.8
767858.8
767858.8
767858.8
767858.8
767858.8
767858.8
767858.8
767858.8
767858.8
767858.8
767858.8
767858.8
767858.8
767858.8
767858.8
767858.8
767858.8
767858.8
767858.8
767858.8
767858.8
767858.8
767858.8
767858.8
767858.8
767858.8
767858.8
767858.8
767858.8
767858.8
767858.8
767858.8
763941.2
763941.2
763941.2
763941.2
763941.2
763941.2
763941.2
763941.2
763941.2
763941.2
763941.2
763941.2
763941.2
763941.2
763941.2
763941.2
763941.2
763941.2
763941.2
763941.2
763941.2
763941.2
763941.2
763941.2
763941.2
763941.2
763941.2
763941.2
763941.2
763941.2
763941.2
763941.2
763941.2
763941.2
763941.2
763941.2
760023.5
760023.5
760023.5
760023.5
760023.5
760023.5
760023.5
760023.5
760023.5
760023.5
760023.5
760023.5
760023.5
760023.5
760023.5
760023.5
760023.5
760023.5
760023.5
760023.5
760023.5
760023.5
760023.5
760023.5
760023.5
760023.5
760023.5
760023.5
760023.5
760023.5
760023.5
760023.5
760023.5
760023.5
760023.5
760023.5
756105.9
756105.9
756105.9
756105.9
756105.9
756105.9
756105.9
756105.9
756105.9
756105.9
756105.9
756105.9
756105.9
756105.9
756105.9
756105.9
756105.9
756105.9
756105.9
756105.9
756105.9
756105.9
756105.9
756105.9
756105.9
756105.9
756105.9
756105.9
756105.9
756105.9
756105.9
756105.9
756105.9
756105.9
756105.9
756105.9
756105.9
752188.2
752188.2
752188.2
752188.2
752188.2
752188.2
752188.2
752188.2
752188.2
752188.2
752188.2
752188.2
752188.2
752188.2
752188.2
752188.2
752188.2
752188.2
752188.2
752188.2
752188.2
752188.2
752188.2
752188.2
752188.2
752188.2
752188.2
752188.2
752188.2
752188.2
752188.2
752188.2
752188.2
752188.2
752188.2
752188.2
752188.2
748270.6
748270.6
748270.6
748270.6
748270.6
748270.6
748270.6
748270.6
748270.6
748270.6
748270.6
748270.6
748270.6
748270.6
748270.6
748270.6
748270.6
748270.6
748270.6
748270.6
748270.6
748270.6
748270.6
748270.6
748270.6
748270.6
748270.6
748270.6
748270.6
748270.6
748270.6
748270.6
748270.6
748270.6
748270.6
748270.6
748270.6
744352.9
744352.9
744352.9
744352.9
744352.9
744352.9
744352.9
744352.9
744352.9
744352.9
744352.9
744352.9
744352.9
744352.9
744352.9
744352.9
744352.9
744352.9
744352.9
744352.9
744352.9
744352.9
744352.9
744352.9
744352.9
744352.9
744352.9
744352.9
744352.9
744352.9
744352.9
744352.9
744352.9
744352.9
744352.9
744352.9
744352.9
740435.3
740435.3
740435.3
740435.3
740435.3
740435.3
740435.3
740435.3
740435.3
740435.3
740435.3
740435.3
740435.3
740435.3
740435.3
740435.3
740435.3
740435.3
740435.3
740435.3
740435.3
740435.3
740435.3
740435.3
740435.3
740435.3
740435.3
740435.3
740435.3
740435.3
740435.3
740435.3
740435.3
740435.3
740435.3
740435.3
740435.3
736517.6
736517.6
736517.6
736517.6
736517.6
736517.6
736517.6
736517.6
736517.6
736517.6
736517.6
736517.6
736517.6
736517.6
736517.6
736517.6
736517.6
736517.6
736517.6
736517.6
736517.6
736517.6
736517.6
736517.6
736517.6
736517.6
736517.6
736517.6
736517.6
736517.6
736517.6
736517.6
736517.6
736517.6
736517.6
736517.6
736517.6
736517.6
732600.0
732600.0
732600.0
732600.0
732600.0
732600.0
732600.0
732600.0
732600.0
732600.0
732600.0
732600.0
732600.0
732600.0
732600.0
732600.0
732600.0
732600.0
732600.0
732600.0
732600.0
732600.0
732600.0
732600.0
732600.0
732600.0
732600.0
732600.0
732600.0
732600.0
732600.0
732600.0
732600.0
732600.0
732600.0
732600.0
732600.0
732600.0
728682.4
728682.4
728682.4
728682.4
728682.4
728682.4
728682.4
728682.4
728682.4
728682.4
728682.4
728682.4
728682.4
728682.4
728682.4
728682.4
728682.4
728682.4
728682.4
728682.4
728682.4
728682.4
728682.4
728682.4
728682.4
728682.4
728682.4
728682.4
728682.4
728682.4
728682.4
728682.4
728682.4
728682.4
728682.4
728682.4
728682.4
728682.4
724764.7
724764.7
724764.7
724764.7
724764.7
724764.7
724764.7
724764.7
724764.7
724764.7
724764.7
724764.7
724764.7
724764.7
724764.7
724764.7
724764.7
724764.7
724764.7
724764.7
724764.7
724764.7
724764.7
724764.7
724764.7
724764.7
724764.7
724764.7
724764.7
724764.7
724764.7
724764.7
724764.7
724764.7
724764.7
724764.7
724764.7
724764.7
720847.1
720847.1
720847.1
720847.1
720847.1
720847.1
720847.1
720847.1
720847.1
720847.1
720847.1
720847.1
720847.1
720847.1
720847.1
720847.1
720847.1
720847.1
720847.1
720847.1
720847.1
720847.1
720847.1
720847.1
720847.1
720847.1
720847.1
720847.1
720847.1
720847.1
720847.1
720847.1
720847.1
720847.1
720847.1
720847.1
720847.1
720847.1
716929.4
716929.4
716929.4
716929.4
716929.4
716929.4
716929.4
716929.4
716929.4
716929.4
716929.4
716929.4
716929.4
716929.4
716929.4
716929.4
716929.4
716929.4
716929.4
716929.4
716929.4
716929.4
716929.4
716929.4
716929.4
716929.4
716929.4
716929.4
716929.4
716929.4
716929.4
716929.4
716929.4
716929.4
716929.4
716929.4
716929.4
716929.4
716929.4
713011.8
713011.8
713011.8
713011.8
713011.8
713011.8
713011.8
713011.8
713011.8
713011.8
713011.8
713011.8
713011.8
713011.8
713011.8
713011.8
713011.8
713011.8
713011.8
713011.8
713011.8
713011.8
713011.8
713011.8
713011.8
713011.8
713011.8
713011.8
713011.8
713011.8
713011.8
713011.8
713011.8
713011.8
713011.8
713011.8
713011.8
713011.8
713011.8
709094.1
709094.1
709094.1
709094.1
709094.1
709094.1
709094.1
709094.1
709094.1
709094.1
709094.1
709094.1
709094.1
709094.1
709094.1
709094.1
709094.1
709094.1
709094.1
709094.1
709094.1
709094.1
709094.1
709094.1
709094.1
709094.1
709094.1
709094.1
709094.1
709094.1
709094.1
709094.1
709094.1
709094.1
709094.1
709094.1
709094.1
709094.1
709094.1
705176.5
705176.5
705176.5
705176.5
705176.5
705176.5
705176.5
705176.5
705176.5
705176.5
705176.5
705176.5
705176.5
705176.5
705176.5
705176.5
705176.5
705176.5
705176.5
705176.5
705176.5
705176.5
705176.5
705176.5
705176.5
705176.5
705176.5
705176.5
705176.5
705176.5
705176.5
705176.5
705176.5
705176.5
705176.5
705176.5
705176.5
705176.5
705176.5
701258.8
701258.8
701258.8
701258.8
701258.8
701258.8
701258.8
701258.8
701258.8
701258.8
701258.8
701258.8
701258.8
701258.8
701258.8
701258.8
701258.8
701258.8
701258.8
701258.8
701258.8
701258.8
701258.8
701258.8
701258.8
701258.8
701258.8
701258.8
701258.8
701258.8
701258.8
701258.8
701258.8
701258.8
701258.8
701258.8
701258.8
701258.8
701258.8
701258.8
697341.2
697341.2
697341.2
697341.2
697341.2
697341.2
697341.2
697341.2
697341.2
697341.2
697341.2
697341.2
697341.2
697341.2
697341.2
697341.2
697341.2
697341.2
697341.2
697341.2
697341.2
697341.2
697341.2
697341.2
697341.2
697341.2
697341.2
697341.2
697341.2
697341.2
697341.2
697341.2
697341.2
697341.2
697341.2
697341.2
697341.2
697341.2
697341.2
693423.5
693423.5
693423.5
693423.5
693423.5
693423.5
693423.5
693423.5
693423.5
693423.5
693423.5
693423.5
693423.5
693423.5
693423.5
693423.5
693423.5
693423.5
693423.5
693423.5
693423.5
693423.5
693423.5
693423.5
693423.5
693423.5
693423.5
693423.5
693423.5
693423.5
693423.5
693423.5
693423.5
693423.5
693423.5
693423.5
693423.5
693423.5
693423.5
693423.5
689505.9
689505.9
689505.9
689505.9
689505.9
689505.9
689505.9
689505.9
689505.9
689505.9
689505.9
689505.9
689505.9
689505.9
689505.9
689505.9
689505.9
689505.9
689505.9
689505.9
689505.9
689505.9
689505.9
689505.9
689505.9
689505.9
689505.9
689505.9
689505.9
689505.9
689505.9
689505.9
689505.9
689505.9
689505.9
689505.9
689505.9
689505.9
689505.9
689505.9
689505.9
685588.2
685588.2
685588.2
685588.2
685588.2
685588.2
685588.2
685588.2
685588.2
685588.2
685588.2
685588.2
685588.2
685588.2
685588.2
685588.2
685588.2
685588.2
685588.2
685588.2
685588.2
685588.2
685588.2
685588.2
685588.2
685588.2
685588.2
685588.2
685588.2
685588.2
685588.2
685588.2
685588.2
685588.2
685588.2
685588.2
685588.2
685588.2
685588.2
685588.2
681670.6
681670.6
681670.6
681670.6
681670.6
681670.6
681670.6
681670.6
681670.6
681670.6
681670.6
681670.6
681670.6
681670.6
681670.6
681670.6
681670.6
681670.6
681670.6
681670.6
681670.6
681670.6
681670.6
681670.6
681670.6
681670.6
681670.6
681670.6
681670.6
681670.6
681670.6
681670.6
681670.6
681670.6
681670.6
681670.6
681670.6
681670.6
681670.6
681670.6
681670.6
677752.9
677752.9
677752.9
677752.9
677752.9
677752.9
677752.9
677752.9
677752.9
677752.9
677752.9
677752.9
677752.9
677752.9
677752.9
677752.9
677752.9
677752.9
677752.9
677752.9
677752.9
677752.9
677752.9
677752.9
677752.9
677752.9
677752.9
677752.9
677752.9
677752.9
677752.9
677752.9
677752.9
677752.9
677752.9
677752.9
677752.9
677752.9
677752.9
677752.9
677752.9
673835.3
673835.3
673835.3
673835.3
673835.3
673835.3
673835.3
673835.3
673835.3
673835.3
673835.3
673835.3
673835.3
673835.3
673835.3
673835.3
673835.3
673835.3
673835.3
673835.3
673835.3
673835.3
673835.3
673835.3
673835.3
673835.3
673835.3
673835.3
673835.3
673835.3
673835.3
673835.3
673835.3
673835.3
673835.3
673835.3
673835.3
673835.3
673835.3
673835.3
673835.3
669917.6
669917.6
669917.6
669917.6
669917.6
669917.6
669917.6
669917.6
669917.6
669917.6
669917.6
669917.6
669917.6
669917.6
669917.6
669917.6
669917.6
669917.6
669917.6
669917.6
669917.6
669917.6
669917.6
669917.6
669917.6
669917.6
669917.6
669917.6
669917.6
669917.6
669917.6
669917.6
669917.6
669917.6
669917.6
669917.6
669917.6
669917.6
669917.6
669917.6
669917.6
666000.0
666000.0
666000.0
666000.0
666000.0
666000.0
666000.0
666000.0
666000.0
666000.0
666000.0
666000.0
666000.0
666000.0
666000.0
666000.0
666000.0
666000.0
666000.0
666000.0
666000.0
666000.0
666000.0
666000.0
666000.0
666000.0
666000.0
666000.0
666000.0
666000.0
666000.0
666000.0
666000.0
666000.0
666000.0
666000.0
666000.0
666000.0
666000.0
666000.0
666000.0
666000.0
662082.4
662082.4
662082.4
662082.4
662082.4
662082.4
662082.4
662082.4
662082.4
662082.4
662082.4
662082.4
662082.4
662082.4
662082.4
662082.4
662082.4
662082.4
662082.4
662082.4
662082.4
662082.4
662082.4
662082.4
662082.4
662082.4
662082.4
662082.4
662082.4
662082.4
662082.4
662082.4
662082.4
662082.4
662082.4
662082.4
662082.4
662082.4
662082.4
662082.4
662082.4
662082.4
658164.7
658164.7
658164.7
658164.7
658164.7
658164.7
658164.7
658164.7
658164.7
658164.7
658164.7
658164.7
658164.7
658164.7
658164.7
658164.7
658164.7
658164.7
658164.7
658164.7
658164.7
658164.7
658164.7
658164.7
658164.7
658164.7
658164.7
658164.7
658164.7
658164.7
658164.7
658164.7
658164.7
658164.7
658164.7
658164.7
658164.7
658164.7
658164.7
658164.7
658164.7
658164.7
654247.1
654247.1
654247.1
654247.1
654247.1
654247.1
654247.1
654247.1
654247.1
654247.1
654247.1
654247.1
654247.1
654247.1
654247.1
654247.1
654247.1
654247.1
654247.1
654247.1
654247.1
654247.1
654247.1
654247.1
654247.1
654247.1
654247.1
654247.1
654247.1
654247.1
654247.1
654247.1
654247.1
654247.1
654247.1
654247.1
654247.1
654247.1
654247.1
654247.1
654247.1
654247.1
654247.1
650329.4
650329.4
650329.4
650329.4
650329.4
650329.4
650329.4
650329.4
650329.4
650329.4
650329.4
650329.4
650329.4
650329.4
650329.4
650329.4
650329.4
650329.4
650329.4
650329.4
650329.4
650329.4
650329.4
650329.4
650329.4
650329.4
650329.4
650329.4
650329.4
650329.4
650329.4
650329.4
650329.4
650329.4
650329.4
650329.4
650329.4
650329.4
650329.4
650329.4
650329.4
650329.4
650329.4
646411.8
646411.8
646411.8
646411.8
646411.8
646411.8
646411.8
646411.8
646411.8
646411.8
646411.8
646411.8
646411.8
646411.8
646411.8
646411.8
646411.8
646411.8
646411.8
646411.8
646411.8
646411.8
646411.8
646411.8
646411.8
646411.8
646411.8
646411.8
646411.8
646411.8
646411.8
646411.8
646411.8
646411.8
646411.8
646411.8
646411.8
646411.8
646411.8
646411.8
646411.8
646411.8
646411.8
642494.1
642494.1
642494.1
642494.1
642494.1
642494.1
642494.1
642494.1
642494.1
642494.1
642494.1
642494.1
642494.1
642494.1
642494.1
642494.1
642494.1
642494.1
642494.1
642494.1
642494.1
642494.1
642494.1
642494.1
642494.1
642494.1
642494.1
642494.1
642494.1
642494.1
642494.1
642494.1
642494.1
642494.1
642494.1
642494.1
642494.1
642494.1
642494.1
642494.1
642494.1
642494.1
642494.1
638576.5
638576.5
638576.5
638576.5
638576.5
638576.5
638576.5
638576.5
638576.5
638576.5
638576.5
638576.5
638576.5
638576.5
638576.5
638576.5
638576.5
638576.5
638576.5
638576.5
638576.5
638576.5
638576.5
638576.5
638576.5
638576.5
638576.5
638576.5
638576.5
638576.5
638576.5
638576.5
638576.5
638576.5
638576.5
638576.5
638576.5
638576.5
638576.5
638576.5
638576.5
638576.5
638576.5
634658.8
634658.8
634658.8
634658.8
634658.8
634658.8
634658.8
634658.8
634658.8
634658.8
634658.8
634658.8
634658.8
634658.8
634658.8
634658.8
634658.8
634658.8
634658.8
634658.8
634658.8
634658.8
634658.8
634658.8
634658.8
634658.8
634658.8
634658.8
634658.8
634658.8
634658.8
634658.8
634658.8
634658.8
634658.8
634658.8
634658.8
634658.8
634658.8
634658.8
634658.8
634658.8
634658.8
634658.8
630741.2
630741.2
630741.2
630741.2
630741.2
630741.2
630741.2
630741.2
630741.2
630741.2
630741.2
630741.2
630741.2
630741.2
630741.2
630741.2
630741.2
630741.2
630741.2
630741.2
630741.2
630741.2
630741.2
630741.2
630741.2
630741.2
630741.2
630741.2
630741.2
630741.2
630741.2
630741.2
630741.2
630741.2
630741.2
630741.2
630741.2
630741.2
630741.2
630741.2
630741.2
630741.2
630741.2
630741.2
626823.5
626823.5
626823.5
626823.5
626823.5
626823.5
626823.5
626823.5
626823.5
626823.5
626823.5
626823.5
626823.5
626823.5
626823.5
626823.5
626823.5
626823.5
626823.5
626823.5
626823.5
626823.5
626823.5
626823.5
626823.5
626823.5
626823.5
626823.5
626823.5
626823.5
626823.5
626823.5
626823.5
626823.5
626823.5
626823.5
626823.5
626823.5
626823.5
626823.5
626823.5
626823.5
626823.5
626823.5
626823.5
622905.9
622905.9
622905.9
622905.9
622905.9
622905.9
622905.9
622905.9
622905.9
622905.9
622905.9
622905.9
622905.9
622905.9
622905.9
622905.9
622905.9
622905.9
622905.9
622905.9
622905.9
622905.9
622905.9
622905.9
622905.9
622905.9
622905.9
622905.9
622905.9
622905.9
622905.9
622905.9
622905.9
622905.9
622905.9
622905.9
622905.9
622905.9
622905.9
622905.9
622905.9
622905.9
622905.9
622905.9
622905.9
618988.2
618988.2
618988.2
618988.2
618988.2
618988.2
618988.2
618988.2
618988.2
618988.2
618988.2
618988.2
618988.2
618988.2
618988.2
618988.2
618988.2
618988.2
618988.2
618988.2
618988.2
618988.2
618988.2
618988.2
618988.2
618988.2
618988.2
618988.2
618988.2
618988.2
618988.2
618988.2
618988.2
618988.2
618988.2
618988.2
618988.2
618988.2
618988.2
618988.2
618988.2
618988.2
618988.2
618988.2
618988.2
615070.6
615070.6
615070.6
615070.6
615070.6
615070.6
615070.6
615070.6
615070.6
615070.6
615070.6
615070.6
615070.6
615070.6
615070.6
615070.6
615070.6
615070.6
615070.6
615070.6
615070.6
615070.6
615070.6
615070.6
615070.6
615070.6
615070.6
615070.6
615070.6
615070.6
615070.6
615070.6
615070.6
615070.6
615070.6
615070.6
615070.6
615070.6
615070.6
615070.6
615070.6
615070.6
615070.6
615070.6
615070.6
611152.9
611152.9
611152.9
611152.9
611152.9
611152.9
611152.9
611152.9
611152.9
611152.9
611152.9
611152.9
611152.9
611152.9
611152.9
611152.9
611152.9
611152.9
611152.9
611152.9
611152.9
611152.9
611152.9
611152.9
611152.9
611152.9
611152.9
611152.9
611152.9
611152.9
611152.9
611152.9
611152.9
611152.9
611152.9
611152.9
611152.9
611152.9
611152.9
611152.9
611152.9
611152.9
611152.9
611152.9
611152.9
611152.9
607235.3
607235.3
607235.3
607235.3
607235.3
607235.3
607235.3
607235.3
607235.3
607235.3
607235.3
607235.3
607235.3
607235.3
607235.3
607235.3
607235.3
607235.3
607235.3
607235.3
607235.3
607235.3
607235.3
607235.3
607235.3
607235.3
607235.3
607235.3
607235.3
607235.3
607235.3
607235.3
607235.3
607235.3
607235.3
607235.3
607235.3
607235.3
607235.3
607235.3
607235.3
607235.3
607235.3
607235.3
607235.3
603317.6
603317.6
603317.6
603317.6
603317.6
603317.6
603317.6
603317.6
603317.6
603317.6
603317.6
603317.6
603317.6
603317.6
603317.6
603317.6
603317.6
603317.6
603317.6
603317.6
603317.6
603317.6
603317.6
603317.6
603317.6
603317.6
603317.6
603317.6
603317.6
603317.6
603317.6
603317.6
603317.6
603317.6
603317.6
603317.6
603317.6
603317.6
603317.6
603317.6
603317.6
603317.6
603317.6
603317.6
603317.6
603317.6
603317.6
599400.0
599400.0
599400.0
599400.0
599400.0
599400.0
599400.0
599400.0
599400.0
599400.0
599400.0
599400.0
599400.0
599400.0
599400.0
599400.0
599400.0
599400.0
599400.0
599400.0
599400.0
599400.0
599400.0
599400.0
599400.0
599400.0
599400.0
599400.0
599400.0
599400.0
599400.0
599400.0
599400.0
599400.0
599400.0
599400.0
599400.0
599400.0
599400.0
599400.0
599400.0
599400.0
599400.0
599400.0
599400.0
599400.0
595482.4
595482.4
595482.4
595482.4
595482.4
595482.4
595482.4
595482.4
595482.4
595482.4
595482.4
595482.4
595482.4
595482.4
595482.4
595482.4
595482.4
595482.4
595482.4
595482.4
595482.4
595482.4
595482.4
595482.4
595482.4
595482.4
595482.4
595482.4
595482.4
595482.4
595482.4
595482.4
595482.4
595482.4
595482.4
595482.4
595482.4
595482.4
595482.4
595482.4
595482.4
595482.4
595482.4
595482.4
595482.4
595482.4
595482.4
591564.7
591564.7
591564.7
591564.7
591564.7
591564.7
591564.7
591564.7
591564.7
591564.7
591564.7
591564.7
591564.7
591564.7
591564.7
591564.7
591564.7
591564.7
591564.7
591564.7
591564.7
591564.7
591564.7
591564.7
591564.7
591564.7
591564.7
591564.7
591564.7
591564.7
591564.7
591564.7
591564.7
591564.7
591564.7
591564.7
591564.7
591564.7
591564.7
591564.7
591564.7
591564.7
591564.7
591564.7
591564.7
591564.7
591564.7
587647.1
587647.1
587647.1
587647.1
587647.1
587647.1
587647.1
587647.1
587647.1
587647.1
587647.1
587647.1
587647.1
587647.1
587647.1
587647.1
587647.1
587647.1
587647.1
587647.1
587647.1
587647.1
587647.1
587647.1
587647.1
587647.1
587647.1
587647.1
587647.1
587647.1
587647.1
587647.1
587647.1
587647.1
587647.1
587647.1
587647.1
587647.1
587647.1
587647.1
587647.1
587647.1
587647.1
587647.1
587647.1
587647.1
587647.1
587647.1
583729.4
583729.4
583729.4
583729.4
583729.4
583729.4
583729.4
583729.4
583729.4
583729.4
583729.4
583729.4
583729.4
583729.4
583729.4
583729.4
583729.4
583729.4
583729.4
583729.4
583729.4
583729.4
583729.4
583729.4
583729.4
583729.4
583729.4
583729.4
583729.4
583729.4
583729.4
583729.4
583729.4
583729.4
583729.4
583729.4
583729.4
583729.4
583729.4
583729.4
583729.4
583729.4
583729.4
583729.4
583729.4
583729.4
583729.4
583729.4
579811.8
579811.8
579811.8
579811.8
579811.8
579811.8
579811.8
579811.8
579811.8
579811.8
579811.8
579811.8
579811.8
579811.8
579811.8
579811.8
579811.8
579811.8
579811.8
579811.8
579811.8
579811.8
579811.8
579811.8
579811.8
579811.8
579811.8
579811.8
579811.8
579811.8
579811.8
579811.8
579811.8
579811.8
579811.8
579811.8
579811.8
579811.8
579811.8
579811.8
579811.8
579811.8
579811.8
579811.8
579811.8
579811.8
579811.8
579811.8
575894.1
575894.1
575894.1
575894.1
575894.1
575894.1
575894.1
575894.1
575894.1
575894.1
575894.1
575894.1
575894.1
575894.1
575894.1
575894.1
575894.1
575894.1
575894.1
575894.1
575894.1
575894.1
575894.1
575894.1
575894.1
575894.1
575894.1
575894.1
575894.1
575894.1
575894.1
575894.1
575894.1
575894.1
575894.1
575894.1
575894.1
575894.1
575894.1
575894.1
575894.1
575894.1
575894.1
575894.1
575894.1
575894.1
575894.1
575894.1
571976.5
571976.5
571976.5
571976.5
571976.5
571976.5
571976.5
571976.5
571976.5
571976.5
571976.5
571976.5
571976.5
571976.5
571976.5
571976.5
571976.5
571976.5
571976.5
571976.5
571976.5
571976.5
571976.5
571976.5
571976.5
571976.5
571976.5
571976.5
571976.5
571976.5
571976.5
571976.5
571976.5
571976.5
571976.5
571976.5
571976.5
571976.5
571976.5
571976.5
571976.5
571976.5
571976.5
571976.5
571976.5
571976.5
571976.5
571976.5
571976.5
568058.8
568058.8
568058.8
568058.8
568058.8
568058.8
568058.8
568058.8
568058.8
568058.8
568058.8
568058.8
568058.8
568058.8
568058.8
568058.8
568058.8
568058.8
568058.8
568058.8
568058.8
568058.8
568058.8
568058.8
568058.8
568058.8
568058.8
568058.8
568058.8
568058.8
568058.8
568058.8
568058.8
568058.8
568058.8
568058.8
568058.8
568058.8
568058.8
568058.8
568058.8
568058.8
568058.8
568058.8
568058.8
568058.8
568058.8
568058.8
568058.8
568058.8
564141.2
564141.2
564141.2
564141.2
564141.2
564141.2
564141.2
564141.2
564141.2
564141.2
564141.2
564141.2
564141.2
564141.2
564141.2
564141.2
564141.2
564141.2
564141.2
564141.2
564141.2
564141.2
564141.2
564141.2
564141.2
564141.2
564141.2
564141.2
564141.2
564141.2
564141.2
564141.2
564141.2
564141.2
564141.2
564141.2
564141.2
564141.2
564141.2
564141.2
564141.2
564141.2
564141.2
564141.2
564141.2
564141.2
564141.2
564141.2
564141.2
560223.5
560223.5
560223.5
560223.5
560223.5
560223.5
560223.5
560223.5
560223.5
560223.5
560223.5
560223.5
560223.5
560223.5
560223.5
560223.5
560223.5
560223.5
560223.5
560223.5
560223.5
560223.5
560223.5
560223.5
560223.5
560223.5
560223.5
560223.5
560223.5
560223.5
560223.5
560223.5
560223.5
560223.5
560223.5
560223.5
560223.5
560223.5
560223.5
560223.5
560223.5
560223.5
560223.5
560223.5
560223.5
560223.5
560223.5
560223.5
560223.5
560223.5
556305.9
556305.9
556305.9
556305.9
556305.9
556305.9
556305.9
556305.9
556305.9
556305.9
556305.9
556305.9
556305.9
556305.9
556305.9
556305.9
556305.9
556305.9
556305.9
556305.9
556305.9
556305.9
556305.9
556305.9
556305.9
556305.9
556305.9
556305.9
556305.9
556305.9
556305.9
556305.9
556305.9
556305.9
556305.9
556305.9
556305.9
556305.9
556305.9
556305.9
556305.9
556305.9
556305.9
556305.9
556305.9
556305.9
556305.9
556305.9
556305.9
556305.9
552388.2
552388.2
552388.2
552388.2
552388.2
552388.2
552388.2
552388.2
552388.2
552388.2
552388.2
552388.2
552388.2
552388.2
552388.2
552388.2
552388.2
552388.2
552388.2
552388.2
552388.2
552388.2
552388.2
552388.2
552388.2
552388.2
552388.2
552388.2
552388.2
552388.2
552388.2
552388.2
552388.2
552388.2
552388.2
552388.2
552388.2
552388.2
552388.2
552388.2
552388.2
552388.2
552388.2
552388.2
552388.2
552388.2
552388.2
552388.2
552388.2
552388.2
552388.2
548470.6
548470.6
548470.6
548470.6
548470.6
548470.6
548470.6
548470.6
548470.6
548470.6
548470.6
548470.6
548470.6
548470.6
548470.6
548470.6
548470.6
548470.6
548470.6
548470.6
548470.6
548470.6
548470.6
548470.6
548470.6
548470.6
548470.6
548470.6
548470.6
548470.6
548470.6
548470.6
548470.6
548470.6
548470.6
548470.6
548470.6
548470.6
548470.6
548470.6
548470.6
548470.6
548470.6
548470.6
548470.6
548470.6
548470.6
548470.6
548470.6
548470.6
548470.6
544552.9
544552.9
544552.9
544552.9
544552.9
544552.9
544552.9
544552.9
544552.9
544552.9
544552.9
544552.9
544552.9
544552.9
544552.9
544552.9
544552.9
544552.9
544552.9
544552.9
544552.9
544552.9
544552.9
544552.9
544552.9
544552.9
544552.9
544552.9
544552.9
544552.9
544552.9
544552.9
544552.9
544552.9
544552.9
544552.9
544552.9
544552.9
544552.9
544552.9
544552.9
544552.9
544552.9
544552.9
544552.9
544552.9
544552.9
544552.9
544552.9
544552.9
544552.9
544552.9
540635.3
540635.3
540635.3
540635.3
540635.3
540635.3
540635.3
540635.3
540635.3
540635.3
540635.3
540635.3
540635.3
540635.3
540635.3
540635.3
540635.3
540635.3
540635.3
540635.3
540635.3
540635.3
540635.3
540635.3
540635.3
540635.3
540635.3
540635.3
540635.3
540635.3
540635.3
540635.3
540635.3
540635.3
540635.3
540635.3
540635.3
540635.3
540635.3
540635.3
540635.3
540635.3
540635.3
540635.3
540635.3
540635.3
540635.3
540635.3
540635.3
540635.3
540635.3
540635.3
536717.6
536717.6
536717.6
536717.6
536717.6
536717.6
536717.6
536717.6
536717.6
536717.6
536717.6
536717.6
536717.6
536717.6
536717.6
536717.6
536717.6
536717.6
536717.6
536717.6
536717.6
536717.6
536717.6
536717.6
536717.6
536717.6
536717.6
536717.6
536717.6
536717.6
536717.6
536717.6
536717.6
536717.6
536717.6
536717.6
536717.6
536717.6
536717.6
536717.6
536717.6
536717.6
536717.6
536717.6
536717.6
536717.6
536717.6
536717.6
536717.6
536717.6
536717.6
536717.6
532800.0
532800.0
532800.0
532800.0
532800.0
532800.0
532800.0
532800.0
532800.0
532800.0
532800.0
532800.0
532800.0
532800.0
532800.0
532800.0
532800.0
532800.0
532800.0
532800.0
532800.0
532800.0
532800.0
532800.0
532800.0
532800.0
532800.0
532800.0
532800.0
532800.0
532800.0
532800.0
532800.0
532800.0
532800.0
532800.0
532800.0
532800.0
532800.0
532800.0
532800.0
532800.0
532800.0
532800.0
532800.0
532800.0
532800.0
532800.0
532800.0
532800.0
532800.0
532800.0
528882.4
528882.4
528882.4
528882.4
528882.4
528882.4
528882.4
528882.4
528882.4
528882.4
528882.4
528882.4
528882.4
528882.4
528882.4
528882.4
528882.4
528882.4
528882.4
528882.4
528882.4
528882.4
528882.4
528882.4
528882.4
528882.4
528882.4
528882.4
528882.4
528882.4
528882.4
528882.4
528882.4
528882.4
528882.4
528882.4
528882.4
528882.4
528882.4
528882.4
528882.4
528882.4
528882.4
528882.4
528882.4
528882.4
528882.4
528882.4
528882.4
528882.4
528882.4
528882.4
528882.4
528882.4
524964.7
524964.7
524964.7
524964.7
524964.7
524964.7
524964.7
524964.7
524964.7
524964.7
524964.7
524964.7
524964.7
524964.7
524964.7
524964.7
524964.7
524964.7
524964.7
524964.7
524964.7
524964.7
524964.7
524964.7
524964.7
524964.7
524964.7
524964.7
524964.7
524964.7
524964.7
524964.7
524964.7
524964.7
524964.7
524964.7
524964.7
524964.7
524964.7
524964.7
524964.7
524964.7
524964.7
524964.7
524964.7
524964.7
524964.7
524964.7
524964.7
524964.7
524964.7
524964.7
524964.7
521047.1
521047.1
521047.1
521047.1
521047.1
521047.1
521047.1
521047.1
521047.1
521047.1
521047.1
521047.1
521047.1
521047.1
521047.1
521047.1
521047.1
521047.1
521047.1
521047.1
521047.1
521047.1
521047.1
521047.1
521047.1
521047.1
521047.1
521047.1
521047.1
521047.1
521047.1
521047.1
521047.1
521047.1
521047.1
521047.1
521047.1
521047.1
521047.1
521047.1
521047.1
521047.1
521047.1
521047.1
521047.1
521047.1
521047.1
521047.1
521047.1
521047.1
521047.1
521047.1
521047.1
521047.1
517129.4
517129.4
517129.4
517129.4
517129.4
517129.4
517129.4
517129.4
517129.4
517129.4
517129.4
517129.4
517129.4
517129.4
517129.4
517129.4
517129.4
517129.4
517129.4
517129.4
517129.4
517129.4
517129.4
517129.4
517129.4
517129.4
517129.4
517129.4
517129.4
517129.4
517129.4
517129.4
517129.4
517129.4
517129.4
517129.4
517129.4
517129.4
517129.4
517129.4
517129.4
517129.4
517129.4
517129.4
517129.4
517129.4
517129.4
517129.4
517129.4
517129.4
517129.4
517129.4
517129.4
517129.4
513211.8
513211.8
513211.8
513211.8
513211.8
513211.8
513211.8
513211.8
513211.8
513211.8
513211.8
513211.8
513211.8
513211.8
513211.8
513211.8
513211.8
513211.8
513211.8
513211.8
513211.8
513211.8
513211.8
513211.8
513211.8
513211.8
513211.8
513211.8
513211.8
513211.8
513211.8
513211.8
513211.8
513211.8
513211.8
513211.8
513211.8
513211.8
513211.8
513211.8
513211.8
513211.8
513211.8
513211.8
513211.8
513211.8
513211.8
513211.8
513211.8
513211.8
513211.8
513211.8
513211.8
513211.8
513211.8
509294.1
509294.1
509294.1
509294.1
509294.1
509294.1
509294.1
509294.1
509294.1
509294.1
509294.1
509294.1
509294.1
509294.1
509294.1
509294.1
509294.1
509294.1
509294.1
509294.1
509294.1
509294.1
509294.1
509294.1
509294.1
509294.1
509294.1
509294.1
509294.1
509294.1
509294.1
509294.1
509294.1
509294.1
509294.1
509294.1
509294.1
509294.1
509294.1
509294.1
509294.1
509294.1
509294.1
509294.1
509294.1
509294.1
509294.1
509294.1
509294.1
509294.1
509294.1
509294.1
509294.1
509294.1
509294.1
505376.5
505376.5
505376.5
505376.5
505376.5
505376.5
505376.5
505376.5
505376.5
505376.5
505376.5
505376.5
505376.5
505376.5
505376.5
505376.5
505376.5
505376.5
505376.5
505376.5
505376.5
505376.5
505376.5
505376.5
505376.5
505376.5
505376.5
505376.5
505376.5
505376.5
505376.5
505376.5
505376.5
505376.5
505376.5
505376.5
505376.5
505376.5
505376.5
505376.5
505376.5
505376.5
505376.5
505376.5
505376.5
505376.5
505376.5
505376.5
505376.5
505376.5
505376.5
505376.5
505376.5
505376.5
505376.5
505376.5
501458.8
501458.8
501458.8
501458.8
501458.8
501458.8
501458.8
501458.8
501458.8
501458.8
501458.8
501458.8
501458.8
501458.8
501458.8
501458.8
501458.8
501458.8
501458.8
501458.8
501458.8
501458.8
501458.8
501458.8
501458.8
501458.8
501458.8
501458.8
501458.8
501458.8
501458.8
501458.8
501458.8
501458.8
501458.8
501458.8
501458.8
501458.8
501458.8
501458.8
501458.8
501458.8
501458.8
501458.8
501458.8
501458.8
501458.8
501458.8
501458.8
501458.8
501458.8
501458.8
501458.8
501458.8
501458.8
501458.8
497541.2
497541.2
497541.2
497541.2
497541.2
497541.2
497541.2
497541.2
497541.2
497541.2
497541.2
497541.2
497541.2
497541.2
497541.2
497541.2
497541.2
497541.2
497541.2
497541.2
497541.2
497541.2
497541.2
497541.2
497541.2
497541.2
497541.2
497541.2
497541.2
497541.2
497541.2
497541.2
497541.2
497541.2
497541.2
497541.2
497541.2
497541.2
497541.2
497541.2
497541.2
497541.2
497541.2
497541.2
497541.2
497541.2
497541.2
497541.2
497541.2
497541.2
497541.2
497541.2
497541.2
497541.2
497541.2
497541.2
497541.2
493623.5
493623.5
493623.5
493623.5
493623.5
493623.5
493623.5
493623.5
493623.5
493623.5
493623.5
493623.5
493623.5
493623.5
493623.5
493623.5
493623.5
493623.5
493623.5
493623.5
493623.5
493623.5
493623.5
493623.5
493623.5
493623.5
493623.5
493623.5
493623.5
493623.5
493623.5
493623.5
493623.5
493623.5
493623.5
493623.5
493623.5
493623.5
493623.5
493623.5
493623.5
493623.5
493623.5
493623.5
493623.5
493623.5
493623.5
493623.5
493623.5
493623.5
493623.5
493623.5
493623.5
493623.5
493623.5
493623.5
493623.5
489705.9
489705.9
489705.9
489705.9
489705.9
489705.9
489705.9
489705.9
489705.9
489705.9
489705.9
489705.9
489705.9
489705.9
489705.9
489705.9
489705.9
489705.9
489705.9
489705.9
489705.9
489705.9
489705.9
489705.9
489705.9
489705.9
489705.9
489705.9
489705.9
489705.9
489705.9
489705.9
489705.9
489705.9
489705.9
489705.9
489705.9
489705.9
489705.9
489705.9
489705.9
489705.9
489705.9
489705.9
489705.9
489705.9
489705.9
489705.9
489705.9
489705.9
489705.9
489705.9
489705.9
489705.9
489705.9
489705.9
489705.9
485788.2
485788.2
485788.2
485788.2
485788.2
485788.2
485788.2
485788.2
485788.2
485788.2
485788.2
485788.2
485788.2
485788.2
485788.2
485788.2
485788.2
485788.2
485788.2
485788.2
485788.2
485788.2
485788.2
485788.2
485788.2
485788.2
485788.2
485788.2
485788.2
485788.2
485788.2
485788.2
485788.2
485788.2
485788.2
485788.2
485788.2
485788.2
485788.2
485788.2
485788.2
485788.2
485788.2
485788.2
485788.2
485788.2
485788.2
485788.2
485788.2
485788.2
485788.2
485788.2
485788.2
485788.2
485788.2
485788.2
485788.2
485788.2
481870.6
481870.6
481870.6
481870.6
481870.6
481870.6
481870.6
481870.6
481870.6
481870.6
481870.6
481870.6
481870.6
481870.6
481870.6
481870.6
481870.6
481870.6
481870.6
481870.6
481870.6
481870.6
481870.6
481870.6
481870.6
481870.6
481870.6
481870.6
481870.6
481870.6
481870.6
481870.6
481870.6
481870.6
481870.6
481870.6
481870.6
481870.6
481870.6
481870.6
481870.6
481870.6
481870.6
481870.6
481870.6
481870.6
481870.6
481870.6
481870.6
481870.6
481870.6
481870.6
481870.6
481870.6
481870.6
481870.6
481870.6
481870.6
481870.6
477952.9
477952.9
477952.9
477952.9
477952.9
477952.9
477952.9
477952.9
477952.9
477952.9
477952.9
477952.9
477952.9
477952.9
477952.9
477952.9
477952.9
477952.9
477952.9
477952.9
477952.9
477952.9
477952.9
477952.9
477952.9
477952.9
477952.9
477952.9
477952.9
477952.9
477952.9
477952.9
477952.9
477952.9
477952.9
477952.9
477952.9
477952.9
477952.9
477952.9
477952.9
477952.9
477952.9
477952.9
477952.9
477952.9
477952.9
477952.9
477952.9
477952.9
477952.9
477952.9
477952.9
477952.9
477952.9
477952.9
477952.9
477952.9
477952.9
474035.3
474035.3
474035.3
474035.3
474035.3
474035.3
474035.3
474035.3
474035.3
474035.3
474035.3
474035.3
474035.3
474035.3
474035.3
474035.3
474035.3
474035.3
474035.3
474035.3
474035.3
474035.3
474035.3
474035.3
474035.3
474035.3
474035.3
474035.3
474035.3
474035.3
474035.3
474035.3
474035.3
474035.3
474035.3
474035.3
474035.3
474035.3
474035.3
474035.3
474035.3
474035.3
474035.3
474035.3
474035.3
474035.3
474035.3
474035.3
474035.3
474035.3
474035.3
474035.3
474035.3
474035.3
474035.3
474035.3
474035.3
474035.3
474035.3
470117.6
470117.6
470117.6
470117.6
470117.6
470117.6
470117.6
470117.6
470117.6
470117.6
470117.6
470117.6
470117.6
470117.6
470117.6
470117.6
470117.6
470117.6
470117.6
470117.6
470117.6
470117.6
470117.6
470117.6
470117.6
470117.6
470117.6
470117.6
470117.6
470117.6
470117.6
470117.6
470117.6
470117.6
470117.6
470117.6
470117.6
470117.6
470117.6
470117.6
470117.6
470117.6
470117.6
470117.6
470117.6
470117.6
470117.6
470117.6
470117.6
470117.6
470117.6
470117.6
470117.6
470117.6
470117.6
470117.6
470117.6
470117.6
470117.6
470117.6
466200.0
466200.0
466200.0
466200.0
466200.0
466200.0
466200.0
466200.0
466200.0
466200.0
466200.0
466200.0
466200.0
466200.0
466200.0
466200.0
466200.0
466200.0
466200.0
466200.0
466200.0
466200.0
466200.0
466200.0
466200.0
466200.0
466200.0
466200.0
466200.0
466200.0
466200.0
466200.0
466200.0
466200.0
466200.0
466200.0
466200.0
466200.0
466200.0
466200.0
466200.0
466200.0
466200.0
466200.0
466200.0
466200.0
466200.0
466200.0
466200.0
466200.0
466200.0
466200.0
466200.0
466200.0
466200.0
466200.0
466200.0
466200.0
466200.0
466200.0
466200.0
462282.4
462282.4
462282.4
462282.4
462282.4
462282.4
462282.4
462282.4
462282.4
462282.4
462282.4
462282.4
462282.4
462282.4
462282.4
462282.4
462282.4
462282.4
462282.4
462282.4
462282.4
462282.4
462282.4
462282.4
462282.4
462282.4
462282.4
462282.4
462282.4
462282.4
462282.4
462282.4
462282.4
462282.4
462282.4
462282.4
462282.4
462282.4
462282.4
462282.4
462282.4
462282.4
462282.4
462282.4
462282.4
462282.4
462282.4
462282.4
462282.4
462282.4
462282.4
462282.4
462282.4
462282.4
462282.4
462282.4
462282.4
462282.4
462282.4
462282.4
462282.4
458364.7
458364.7
458364.7
458364.7
458364.7
458364.7
458364.7
458364.7
458364.7
458364.7
458364.7
458364.7
458364.7
458364.7
458364.7
458364.7
458364.7
458364.7
458364.7
458364.7
458364.7
458364.7
458364.7
458364.7
458364.7
458364.7
458364.7
458364.7
458364.7
458364.7
458364.7
458364.7
458364.7
458364.7
458364.7
458364.7
458364.7
458364.7
458364.7
458364.7
458364.7
458364.7
458364.7
458364.7
458364.7
458364.7
458364.7
458364.7
458364.7
458364.7
458364.7
458364.7
458364.7
458364.7
458364.7
458364.7
458364.7
458364.7
458364.7
458364.7
458364.7
458364.7
454447.1
454447.1
454447.1
454447.1
454447.1
454447.1
454447.1
454447.1
454447.1
454447.1
454447.1
454447.1
454447.1
454447.1
454447.1
454447.1
454447.1
454447.1
454447.1
454447.1
454447.1
454447.1
454447.1
454447.1
454447.1
454447.1
454447.1
454447.1
454447.1
454447.1
454447.1
454447.1
454447.1
454447.1
454447.1
454447.1
454447.1
454447.1
454447.1
454447.1
454447.1
454447.1
454447.1
454447.1
454447.1
454447.1
454447.1
454447.1
454447.1
454447.1
454447.1
454447.1
454447.1
454447.1
454447.1
454447.1
454447.1
454447.1
454447.1
454447.1
454447.1
454447.1
450529.4
450529.4
450529.4
450529.4
450529.4
450529.4
450529.4
450529.4
450529.4
450529.4
450529.4
450529.4
450529.4
450529.4
450529.4
450529.4
450529.4
450529.4
450529.4
450529.4
450529.4
450529.4
450529.4
450529.4
450529.4
450529.4
450529.4
450529.4
450529.4
450529.4
450529.4
450529.4
450529.4
450529.4
450529.4
450529.4
450529.4
450529.4
450529.4
450529.4
450529.4
450529.4
450529.4
450529.4
450529.4
450529.4
450529.4
450529.4
450529.4
450529.4
450529.4
450529.4
450529.4
450529.4
450529.4
450529.4
450529.4
450529.4
450529.4
450529.4
450529.4
450529.4
450529.4
446611.8
446611.8
446611.8
446611.8
446611.8
446611.8
446611.8
446611.8
446611.8
446611.8
446611.8
446611.8
446611.8
446611.8
446611.8
446611.8
446611.8
446611.8
446611.8
446611.8
446611.8
446611.8
446611.8
446611.8
446611.8
446611.8
446611.8
446611.8
446611.8
446611.8
446611.8
446611.8
446611.8
446611.8
446611.8
446611.8
446611.8
446611.8
446611.8
446611.8
446611.8
446611.8
446611.8
446611.8
446611.8
446611.8
446611.8
446611.8
446611.8
446611.8
446611.8
446611.8
446611.8
446611.8
446611.8
446611.8
446611.8
446611.8
446611.8
446611.8
446611.8
446611.8
446611.8
442694.1
442694.1
442694.1
442694.1
442694.1
442694.1
442694.1
442694.1
442694.1
442694.1
442694.1
442694.1
442694.1
442694.1
442694.1
442694.1
442694.1
442694.1
442694.1
442694.1
442694.1
442694.1
442694.1
442694.1
442694.1
442694.1
442694.1
442694.1
442694.1
442694.1
442694.1
442694.1
442694.1
442694.1
442694.1
442694.1
442694.1
442694.1
442694.1
442694.1
442694.1
442694.1
442694.1
442694.1
442694.1
442694.1
442694.1
442694.1
442694.1
442694.1
442694.1
442694.1
442694.1
442694.1
442694.1
442694.1
442694.1
442694.1
442694.1
442694.1
442694.1
442694.1
442694.1
442694.1
438776.5
438776.5
438776.5
438776.5
438776.5
438776.5
438776.5
438776.5
438776.5
438776.5
438776.5
438776.5
438776.5
438776.5
438776.5
438776.5
438776.5
438776.5
438776.5
438776.5
438776.5
438776.5
438776.5
438776.5
438776.5
438776.5
438776.5
438776.5
438776.5
438776.5
438776.5
438776.5
438776.5
438776.5
438776.5
438776.5
438776.5
438776.5
438776.5
438776.5
438776.5
438776.5
438776.5
438776.5
438776.5
438776.5
438776.5
438776.5
438776.5
438776.5
438776.5
438776.5
438776.5
438776.5
438776.5
438776.5
438776.5
438776.5
438776.5
438776.5
438776.5
438776.5
438776.5
438776.5
438776.5
434858.8
434858.8
434858.8
434858.8
434858.8
434858.8
434858.8
434858.8
434858.8
434858.8
434858.8
434858.8
434858.8
434858.8
434858.8
434858.8
434858.8
434858.8
434858.8
434858.8
434858.8
434858.8
434858.8
434858.8
434858.8
434858.8
434858.8
434858.8
434858.8
434858.8
434858.8
434858.8
434858.8
434858.8
434858.8
434858.8
434858.8
434858.8
434858.8
434858.8
434858.8
434858.8
434858.8
434858.8
434858.8
434858.8
434858.8
434858.8
434858.8
434858.8
434858.8
434858.8
434858.8
434858.8
434858.8
434858.8
434858.8
434858.8
434858.8
434858.8
434858.8
434858.8
434858.8
434858.8
434858.8
430941.2
430941.2
430941.2
430941.2
430941.2
430941.2
430941.2
430941.2
430941.2
430941.2
430941.2
430941.2
430941.2
430941.2
430941.2
430941.2
430941.2
430941.2
430941.2
430941.2
430941.2
430941.2
430941.2
430941.2
430941.2
430941.2
430941.2
430941.2
430941.2
430941.2
430941.2
430941.2
430941.2
430941.2
430941.2
430941.2
430941.2
430941.2
430941.2
430941.2
430941.2
430941.2
430941.2
430941.2
430941.2
430941.2
430941.2
430941.2
430941.2
430941.2
430941.2
430941.2
430941.2
430941.2
430941.2
430941.2
430941.2
430941.2
430941.2
430941.2
430941.2
430941.2
430941.2
430941.2
430941.2
430941.2
427023.5
427023.5
427023.5
427023.5
427023.5
427023.5
427023.5
427023.5
427023.5
427023.5
427023.5
427023.5
427023.5
427023.5
427023.5
427023.5
427023.5
427023.5
427023.5
427023.5
427023.5
427023.5
427023.5
427023.5
427023.5
427023.5
427023.5
427023.5
427023.5
427023.5
427023.5
427023.5
427023.5
427023.5
427023.5
427023.5
427023.5
427023.5
427023.5
427023.5
427023.5
427023.5
427023.5
427023.5
427023.5
427023.5
427023.5
427023.5
427023.5
427023.5
427023.5
427023.5
427023.5
427023.5
427023.5
427023.5
427023.5
427023.5
427023.5
427023.5
427023.5
427023.5
427023.5
427023.5
427023.5
427023.5
427023.5
423105.9
423105.9
423105.9
423105.9
423105.9
423105.9
423105.9
423105.9
423105.9
423105.9
423105.9
423105.9
423105.9
423105.9
423105.9
423105.9
423105.9
423105.9
423105.9
423105.9
423105.9
423105.9
423105.9
423105.9
423105.9
423105.9
423105.9
423105.9
423105.9
423105.9
423105.9
423105.9
423105.9
423105.9
423105.9
423105.9
423105.9
423105.9
423105.9
423105.9
423105.9
423105.9
423105.9
423105.9
423105.9
423105.9
423105.9
423105.9
423105.9
423105.9
423105.9
423105.9
423105.9
423105.9
423105.9
423105.9
423105.9
423105.9
423105.9
423105.9
423105.9
423105.9
423105.9
423105.9
423105.9
423105.9
423105.9
419188.2
419188.2
419188.2
419188.2
419188.2
419188.2
419188.2
419188.2
419188.2
419188.2
419188.2
419188.2
419188.2
419188.2
419188.2
419188.2
419188.2
419188.2
419188.2
419188.2
419188.2
419188.2
419188.2
419188.2
419188.2
419188.2
419188.2
419188.2
419188.2
419188.2
419188.2
419188.2
419188.2
419188.2
419188.2
419188.2
419188.2
419188.2
419188.2
419188.2
419188.2
419188.2
419188.2
419188.2
419188.2
419188.2
419188.2
419188.2
419188.2
419188.2
419188.2
419188.2
419188.2
419188.2
419188.2
419188.2
419188.2
419188.2
419188.2
419188.2
419188.2
419188.2
419188.2
419188.2
419188.2
419188.2
419188.2
419188.2
415270.6
415270.6
415270.6
415270.6
415270.6
415270.6
415270.6
415270.6
415270.6
415270.6
415270.6
415270.6
415270.6
415270.6
415270.6
415270.6
415270.6
415270.6
415270.6
415270.6
415270.6
415270.6
415270.6
415270.6
415270.6
415270.6
415270.6
415270.6
415270.6
415270.6
415270.6
415270.6
415270.6
415270.6
415270.6
415270.6
415270.6
415270.6
415270.6
415270.6
415270.6
415270.6
415270.6
415270.6
415270.6
415270.6
415270.6
415270.6
415270.6
415270.6
415270.6
415270.6
415270.6
415270.6
415270.6
415270.6
415270.6
415270.6
415270.6
415270.6
415270.6
415270.6
415270.6
415270.6
415270.6
415270.6
415270.6
415270.6
411352.9
411352.9
411352.9
411352.9
411352.9
411352.9
411352.9
411352.9
411352.9
411352.9
411352.9
411352.9
411352.9
411352.9
411352.9
411352.9
411352.9
411352.9
411352.9
411352.9
411352.9
411352.9
411352.9
411352.9
411352.9
411352.9
411352.9
411352.9
411352.9
411352.9
411352.9
411352.9
411352.9
411352.9
411352.9
411352.9
411352.9
411352.9
411352.9
411352.9
411352.9
411352.9
411352.9
411352.9
411352.9
411352.9
411352.9
411352.9
411352.9
411352.9
411352.9
411352.9
411352.9
411352.9
411352.9
411352.9
411352.9
411352.9
411352.9
411352.9
411352.9
411352.9
411352.9
411352.9
411352.9
411352.9
411352.9
411352.9
411352.9
407435.3
407435.3
407435.3
407435.3
407435.3
407435.3
407435.3
407435.3
407435.3
407435.3
407435.3
407435.3
407435.3
407435.3
407435.3
407435.3
407435.3
407435.3
407435.3
407435.3
407435.3
407435.3
407435.3
407435.3
407435.3
407435.3
407435.3
407435.3
407435.3
407435.3
407435.3
407435.3
407435.3
407435.3
407435.3
407435.3
407435.3
407435.3
407435.3
407435.3
407435.3
407435.3
407435.3
407435.3
407435.3
407435.3
407435.3
407435.3
407435.3
407435.3
407435.3
407435.3
407435.3
407435.3
407435.3
407435.3
407435.3
407435.3
407435.3
407435.3
407435.3
407435.3
407435.3
407435.3
407435.3
407435.3
407435.3
407435.3
407435.3
407435.3
403517.6
403517.6
403517.6
403517.6
403517.6
403517.6
403517.6
403517.6
403517.6
403517.6
403517.6
403517.6
403517.6
403517.6
403517.6
403517.6
403517.6
403517.6
403517.6
403517.6
403517.6
403517.6
403517.6
403517.6
403517.6
403517.6
403517.6
403517.6
403517.6
403517.6
403517.6
403517.6
403517.6
403517.6
403517.6
403517.6
403517.6
403517.6
403517.6
403517.6
403517.6
403517.6
403517.6
403517.6
403517.6
403517.6
403517.6
403517.6
403517.6
403517.6
403517.6
403517.6
403517.6
403517.6
403517.6
403517.6
403517.6
403517.6
403517.6
403517.6
403517.6
403517.6
403517.6
403517.6
403517.6
403517.6
403517.6
403517.6
403517.6
403517.6
403517.6
399600.0
399600.0
399600.0
399600.0
399600.0
399600.0
399600.0
399600.0
399600.0
399600.0
399600.0
399600.0
399600.0
399600.0
399600.0
399600.0
399600.0
399600.0
399600.0
399600.0
399600.0
399600.0
399600.0
399600.0
399600.0
399600.0
399600.0
399600.0
399600.0
399600.0
399600.0
399600.0
399600.0
399600.0
399600.0
399600.0
399600.0
399600.0
399600.0
399600.0
399600.0
399600.0
399600.0
399600.0
399600.0
399600.0
399600.0
399600.0
399600.0
399600.0
399600.0
399600.0
399600.0
399600.0
399600.0
399600.0
399600.0
399600.0
399600.0
399600.0
399600.0
399600.0
399600.0
399600.0
399600.0
399600.0
399600.0
399600.0
399600.0
399600.0
399600.0
395682.4
395682.4
395682.4
395682.4
395682.4
395682.4
395682.4
395682.4
395682.4
395682.4
395682.4
395682.4
395682.4
395682.4
395682.4
395682.4
395682.4
395682.4
395682.4
395682.4
395682.4
395682.4
395682.4
395682.4
395682.4
395682.4
395682.4
395682.4
395682.4
395682.4
395682.4
395682.4
395682.4
395682.4
395682.4
395682.4
395682.4
395682.4
395682.4
395682.4
395682.4
395682.4
395682.4
395682.4
395682.4
395682.4
395682.4
395682.4
395682.4
395682.4
395682.4
395682.4
395682.4
395682.4
395682.4
395682.4
395682.4
395682.4
395682.4
395682.4
395682.4
395682.4
395682.4
395682.4
395682.4
395682.4
395682.4
395682.4
395682.4
395682.4
395682.4
395682.4
391764.7
391764.7
391764.7
391764.7
391764.7
391764.7
391764.7
391764.7
391764.7
391764.7
391764.7
391764.7
391764.7
391764.7
391764.7
391764.7
391764.7
391764.7
391764.7
391764.7
391764.7
391764.7
391764.7
391764.7
391764.7
391764.7
391764.7
391764.7
391764.7
391764.7
391764.7
391764.7
391764.7
391764.7
391764.7
391764.7
391764.7
391764.7
391764.7
391764.7
391764.7
391764.7
391764.7
391764.7
391764.7
391764.7
391764.7
391764.7
391764.7
391764.7
391764.7
391764.7
391764.7
391764.7
391764.7
391764.7
391764.7
391764.7
391764.7
391764.7
391764.7
391764.7
391764.7
391764.7
391764.7
391764.7
391764.7
391764.7
391764.7
391764.7
391764.7
391764.7
391764.7
387847.1
387847.1
387847.1
387847.1
387847.1
387847.1
387847.1
387847.1
387847.1
387847.1
387847.1
387847.1
387847.1
387847.1
387847.1
387847.1
387847.1
387847.1
387847.1
387847.1
387847.1
387847.1
387847.1
387847.1
387847.1
387847.1
387847.1
387847.1
387847.1
387847.1
387847.1
387847.1
387847.1
387847.1
387847.1
387847.1
387847.1
387847.1
387847.1
387847.1
387847.1
387847.1
387847.1
387847.1
387847.1
387847.1
387847.1
387847.1
387847.1
387847.1
387847.1
387847.1
387847.1
387847.1
387847.1
387847.1
387847.1
387847.1
387847.1
387847.1
387847.1
387847.1
387847.1
387847.1
387847.1
387847.1
387847.1
387847.1
387847.1
387847.1
387847.1
387847.1
387847.1
387847.1
383929.4
383929.4
383929.4
383929.4
383929.4
383929.4
383929.4
383929.4
383929.4
383929.4
383929.4
383929.4
383929.4
383929.4
383929.4
383929.4
383929.4
383929.4
383929.4
383929.4
383929.4
383929.4
383929.4
383929.4
383929.4
383929.4
383929.4
383929.4
383929.4
383929.4
383929.4
383929.4
383929.4
383929.4
383929.4
383929.4
383929.4
383929.4
383929.4
383929.4
383929.4
383929.4
383929.4
383929.4
383929.4
383929.4
383929.4
383929.4
383929.4
383929.4
383929.4
383929.4
383929.4
383929.4
383929.4
383929.4
383929.4
383929.4
383929.4
383929.4
383929.4
383929.4
383929.4
383929.4
383929.4
383929.4
383929.4
383929.4
383929.4
383929.4
383929.4
383929.4
383929.4
383929.4
380011.8
380011.8
380011.8
380011.8
380011.8
380011.8
380011.8
380011.8
380011.8
380011.8
380011.8
380011.8
380011.8
380011.8
380011.8
380011.8
380011.8
380011.8
380011.8
380011.8
380011.8
380011.8
380011.8
380011.8
380011.8
380011.8
380011.8
380011.8
380011.8
380011.8
380011.8
380011.8
380011.8
380011.8
380011.8
380011.8
380011.8
380011.8
380011.8
380011.8
380011.8
380011.8
380011.8
380011.8
380011.8
380011.8
380011.8
380011.8
380011.8
380011.8
380011.8
380011.8
380011.8
380011.8
380011.8
380011.8
380011.8
380011.8
380011.8
380011.8
380011.8
380011.8
380011.8
380011.8
380011.8
380011.8
380011.8
380011.8
380011.8
380011.8
380011.8
380011.8
380011.8
380011.8
380011.8
380011.8
376094.1
376094.1
376094.1
376094.1
376094.1
376094.1
376094.1
376094.1
376094.1
376094.1
376094.1
376094.1
376094.1
376094.1
376094.1
376094.1
376094.1
376094.1
376094.1
376094.1
376094.1
376094.1
376094.1
376094.1
376094.1
376094.1
376094.1
376094.1
376094.1
376094.1
376094.1
376094.1
376094.1
376094.1
376094.1
376094.1
376094.1
376094.1
376094.1
376094.1
376094.1
376094.1
376094.1
376094.1
376094.1
376094.1
376094.1
376094.1
376094.1
376094.1
376094.1
376094.1
376094.1
376094.1
376094.1
376094.1
376094.1
376094.1
376094.1
376094.1
376094.1
376094.1
376094.1
376094.1
376094.1
376094.1
376094.1
376094.1
376094.1
376094.1
376094.1
376094.1
376094.1
376094.1
376094.1
376094.1
372176.5
372176.5
372176.5
372176.5
372176.5
372176.5
372176.5
372176.5
372176.5
372176.5
372176.5
372176.5
372176.5
372176.5
372176.5
372176.5
372176.5
372176.5
372176.5
372176.5
372176.5
372176.5
372176.5
372176.5
372176.5
372176.5
372176.5
372176.5
372176.5
372176.5
372176.5
372176.5
372176.5
372176.5
372176.5
372176.5
372176.5
372176.5
372176.5
372176.5
372176.5
372176.5
372176.5
372176.5
372176.5
372176.5
372176.5
372176.5
372176.5
372176.5
372176.5
372176.5
372176.5
372176.5
372176.5
372176.5
372176.5
372176.5
372176.5
372176.5
372176.5
372176.5
372176.5
372176.5
372176.5
372176.5
372176.5
372176.5
372176.5
372176.5
372176.5
372176.5
372176.5
372176.5
372176.5
372176.5
372176.5
368258.8
368258.8
368258.8
368258.8
368258.8
368258.8
368258.8
368258.8
368258.8
368258.8
368258.8
368258.8
368258.8
368258.8
368258.8
368258.8
368258.8
368258.8
368258.8
368258.8
368258.8
368258.8
368258.8
368258.8
368258.8
368258.8
368258.8
368258.8
368258.8
368258.8
368258.8
368258.8
368258.8
368258.8
368258.8
368258.8
368258.8
368258.8
368258.8
368258.8
368258.8
368258.8
368258.8
368258.8
368258.8
368258.8
368258.8
368258.8
368258.8
368258.8
368258.8
368258.8
368258.8
368258.8
368258.8
368258.8
368258.8
368258.8
368258.8
368258.8
368258.8
368258.8
368258.8
368258.8
368258.8
368258.8
368258.8
368258.8
368258.8
368258.8
368258.8
368258.8
368258.8
368258.8
368258.8
368258.8
368258.8
368258.8
364341.2
364341.2
364341.2
364341.2
364341.2
364341.2
364341.2
364341.2
364341.2
364341.2
364341.2
364341.2
364341.2
364341.2
364341.2
364341.2
364341.2
364341.2
364341.2
364341.2
364341.2
364341.2
364341.2
364341.2
364341.2
364341.2
364341.2
364341.2
364341.2
364341.2
364341.2
364341.2
364341.2
364341.2
364341.2
364341.2
364341.2
364341.2
364341.2
364341.2
364341.2
364341.2
364341.2
364341.2
364341.2
364341.2
364341.2
364341.2
364341.2
364341.2
364341.2
364341.2
364341.2
364341.2
364341.2
364341.2
364341.2
364341.2
364341.2
364341.2
364341.2
364341.2
364341.2
364341.2
364341.2
364341.2
364341.2
364341.2
364341.2
364341.2
364341.2
364341.2
364341.2
364341.2
364341.2
364341.2
364341.2
364341.2
364341.2
360423.5
360423.5
360423.5
360423.5
360423.5
360423.5
360423.5
360423.5
360423.5
360423.5
360423.5
360423.5
360423.5
360423.5
360423.5
360423.5
360423.5
360423.5
360423.5
360423.5
360423.5
360423.5
360423.5
360423.5
360423.5
360423.5
360423.5
360423.5
360423.5
360423.5
360423.5
360423.5
360423.5
360423.5
360423.5
360423.5
360423.5
360423.5
360423.5
360423.5
360423.5
360423.5
360423.5
360423.5
360423.5
360423.5
360423.5
360423.5
360423.5
360423.5
360423.5
360423.5
360423.5
360423.5
360423.5
360423.5
360423.5
360423.5
360423.5
360423.5
360423.5
360423.5
360423.5
360423.5
360423.5
360423.5
360423.5
360423.5
360423.5
360423.5
360423.5
360423.5
360423.5
360423.5
360423.5
360423.5
360423.5
360423.5
360423.5
356505.9
356505.9
356505.9
356505.9
356505.9
356505.9
356505.9
356505.9
356505.9
356505.9
356505.9
356505.9
356505.9
356505.9
356505.9
356505.9
356505.9
356505.9
356505.9
356505.9
356505.9
356505.9
356505.9
356505.9
356505.9
356505.9
356505.9
356505.9
356505.9
356505.9
356505.9
356505.9
356505.9
356505.9
356505.9
356505.9
356505.9
356505.9
356505.9
356505.9
356505.9
356505.9
356505.9
356505.9
356505.9
356505.9
356505.9
356505.9
356505.9
356505.9
356505.9
356505.9
356505.9
356505.9
356505.9
356505.9
356505.9
356505.9
356505.9
356505.9
356505.9
356505.9
356505.9
356505.9
356505.9
356505.9
356505.9
356505.9
356505.9
356505.9
356505.9
356505.9
356505.9
356505.9
356505.9
356505.9
356505.9
356505.9
356505.9
356505.9
356505.9
352588.2
352588.2
352588.2
352588.2
352588.2
352588.2
352588.2
352588.2
352588.2
352588.2
352588.2
352588.2
352588.2
352588.2
352588.2
352588.2
352588.2
352588.2
352588.2
352588.2
352588.2
352588.2
352588.2
352588.2
352588.2
352588.2
352588.2
352588.2
352588.2
352588.2
352588.2
352588.2
352588.2
352588.2
352588.2
352588.2
352588.2
352588.2
352588.2
352588.2
352588.2
352588.2
352588.2
352588.2
352588.2
352588.2
352588.2
352588.2
352588.2
352588.2
352588.2
352588.2
352588.2
352588.2
352588.2
352588.2
352588.2
352588.2
352588.2
352588.2
352588.2
352588.2
352588.2
352588.2
352588.2
352588.2
352588.2
352588.2
352588.2
352588.2
352588.2
352588.2
352588.2
352588.2
352588.2
352588.2
352588.2
352588.2
352588.2
352588.2
352588.2
352588.2
348670.6
348670.6
348670.6
348670.6
348670.6
348670.6
348670.6
348670.6
348670.6
348670.6
348670.6
348670.6
348670.6
348670.6
348670.6
348670.6
348670.6
348670.6
348670.6
348670.6
348670.6
348670.6
348670.6
348670.6
348670.6
348670.6
348670.6
348670.6
348670.6
348670.6
348670.6
348670.6
348670.6
348670.6
348670.6
348670.6
348670.6
348670.6
348670.6
348670.6
348670.6
348670.6
348670.6
348670.6
348670.6
348670.6
348670.6
348670.6
348670.6
348670.6
348670.6
348670.6
348670.6
348670.6
348670.6
348670.6
348670.6
348670.6
348670.6
348670.6
348670.6
348670.6
348670.6
348670.6
348670.6
348670.6
348670.6
348670.6
348670.6
348670.6
348670.6
348670.6
348670.6
348670.6
348670.6
348670.6
348670.6
348670.6
348670.6
348670.6
348670.6
348670.6
344752.9
344752.9
344752.9
344752.9
344752.9
344752.9
344752.9
344752.9
344752.9
344752.9
344752.9
344752.9
344752.9
344752.9
344752.9
344752.9
344752.9
344752.9
344752.9
344752.9
344752.9
344752.9
344752.9
344752.9
344752.9
344752.9
344752.9
344752.9
344752.9
344752.9
344752.9
344752.9
344752.9
344752.9
344752.9
344752.9
344752.9
344752.9
344752.9
344752.9
344752.9
344752.9
344752.9
344752.9
344752.9
344752.9
344752.9
344752.9
344752.9
344752.9
344752.9
344752.9
344752.9
344752.9
344752.9
344752.9
344752.9
344752.9
344752.9
344752.9
344752.9
344752.9
344752.9
344752.9
344752.9
344752.9
344752.9
344752.9
344752.9
344752.9
344752.9
344752.9
344752.9
344752.9
344752.9
344752.9
344752.9
344752.9
344752.9
344752.9
344752.9
344752.9
344752.9
344752.9
340835.3
340835.3
340835.3
340835.3
340835.3
340835.3
340835.3
340835.3
340835.3
340835.3
340835.3
340835.3
340835.3
340835.3
340835.3
340835.3
340835.3
340835.3
340835.3
340835.3
340835.3
340835.3
340835.3
340835.3
340835.3
340835.3
340835.3
340835.3
340835.3
340835.3
340835.3
340835.3
340835.3
340835.3
340835.3
340835.3
340835.3
340835.3
340835.3
340835.3
340835.3
340835.3
340835.3
340835.3
340835.3
340835.3
340835.3
340835.3
340835.3
340835.3
340835.3
340835.3
340835.3
340835.3
340835.3
340835.3
340835.3
340835.3
340835.3
340835.3
340835.3
340835.3
340835.3
340835.3
340835.3
340835.3
340835.3
340835.3
340835.3
340835.3
340835.3
340835.3
340835.3
340835.3
340835.3
340835.3
340835.3
340835.3
340835.3
340835.3
340835.3
340835.3
340835.3
340835.3
336917.6
336917.6
336917.6
336917.6
336917.6
336917.6
336917.6
336917.6
336917.6
336917.6
336917.6
336917.6
336917.6
336917.6
336917.6
336917.6
336917.6
336917.6
336917.6
336917.6
336917.6
336917.6
336917.6
336917.6
336917.6
336917.6
336917.6
336917.6
336917.6
336917.6
336917.6
336917.6
336917.6
336917.6
336917.6
336917.6
336917.6
336917.6
336917.6
336917.6
336917.6
336917.6
336917.6
336917.6
336917.6
336917.6
336917.6
336917.6
336917.6
336917.6
336917.6
336917.6
336917.6
336917.6
336917.6
336917.6
336917.6
336917.6
336917.6
336917.6
336917.6
336917.6
336917.6
336917.6
336917.6
336917.6
336917.6
336917.6
336917.6
336917.6
336917.6
336917.6
336917.6
336917.6
336917.6
336917.6
336917.6
336917.6
336917.6
336917.6
336917.6
336917.6
336917.6
336917.6
336917.6
336917.6
333000.0
333000.0
333000.0
333000.0
333000.0
333000.0
333000.0
333000.0
333000.0
333000.0
333000.0
333000.0
333000.0
333000.0
333000.0
333000.0
333000.0
333000.0
333000.0
333000.0
333000.0
333000.0
333000.0
333000.0
333000.0
333000.0
333000.0
333000.0
333000.0
333000.0
333000.0
333000.0
333000.0
333000.0
333000.0
333000.0
333000.0
333000.0
333000.0
333000.0
333000.0
333000.0
333000.0
333000.0
333000.0
333000.0
333000.0
333000.0
333000.0
333000.0
333000.0
333000.0
333000.0
333000.0
333000.0
333000.0
333000.0
333000.0
333000.0
333000.0
333000.0
333000.0
333000.0
333000.0
333000.0
333000.0
333000.0
333000.0
333000.0
333000.0
333000.0
333000.0
333000.0
333000.0
333000.0
333000.0
333000.0
333000.0
333000.0
333000.0
333000.0
333000.0
333000.0
333000.0
333000.0
333000.0
333000.0
329082.4
329082.4
329082.4
329082.4
329082.4
329082.4
329082.4
329082.4
329082.4
329082.4
329082.4
329082.4
329082.4
329082.4
329082.4
329082.4
329082.4
329082.4
329082.4
329082.4
329082.4
329082.4
329082.4
329082.4
329082.4
329082.4
329082.4
329082.4
329082.4
329082.4
329082.4
329082.4
329082.4
329082.4
329082.4
329082.4
329082.4
329082.4
329082.4
329082.4
329082.4
329082.4
329082.4
329082.4
329082.4
329082.4
329082.4
329082.4
329082.4
329082.4
329082.4
329082.4
329082.4
329082.4
329082.4
329082.4
329082.4
329082.4
329082.4
329082.4
329082.4
329082.4
329082.4
329082.4
329082.4
329082.4
329082.4
329082.4
329082.4
329082.4
329082.4
329082.4
329082.4
329082.4
329082.4
329082.4
329082.4
329082.4
329082.4
329082.4
329082.4
329082.4
329082.4
329082.4
329082.4
329082.4
329082.4
329082.4
325164.7
325164.7
325164.7
325164.7
325164.7
325164.7
325164.7
325164.7
325164.7
325164.7
325164.7
325164.7
325164.7
325164.7
325164.7
325164.7
325164.7
325164.7
325164.7
325164.7
325164.7
325164.7
325164.7
325164.7
325164.7
325164.7
325164.7
325164.7
325164.7
325164.7
325164.7
325164.7
325164.7
325164.7
325164.7
325164.7
325164.7
325164.7
325164.7
325164.7
325164.7
325164.7
325164.7
325164.7
325164.7
325164.7
325164.7
325164.7
325164.7
325164.7
325164.7
325164.7
325164.7
325164.7
325164.7
325164.7
325164.7
325164.7
325164.7
325164.7
325164.7
325164.7
325164.7
325164.7
325164.7
325164.7
325164.7
325164.7
325164.7
325164.7
325164.7
325164.7
325164.7
325164.7
325164.7
325164.7
325164.7
325164.7
325164.7
325164.7
325164.7
325164.7
325164.7
325164.7
325164.7
325164.7
325164.7
325164.7
325164.7
321247.1
321247.1
321247.1
321247.1
321247.1
321247.1
321247.1
321247.1
321247.1
321247.1
321247.1
321247.1
321247.1
321247.1
321247.1
321247.1
321247.1
321247.1
321247.1
321247.1
321247.1
321247.1
321247.1
321247.1
321247.1
321247.1
321247.1
321247.1
321247.1
321247.1
321247.1
321247.1
321247.1
321247.1
321247.1
321247.1
321247.1
321247.1
321247.1
321247.1
321247.1
321247.1
321247.1
321247.1
321247.1
321247.1
321247.1
321247.1
321247.1
321247.1
321247.1
321247.1
321247.1
321247.1
321247.1
321247.1
321247.1
321247.1
321247.1
321247.1
321247.1
321247.1
321247.1
321247.1
321247.1
321247.1
321247.1
321247.1
321247.1
321247.1
321247.1
321247.1
321247.1
321247.1
321247.1
321247.1
321247.1
321247.1
321247.1
321247.1
321247.1
321247.1
321247.1
321247.1
321247.1
321247.1
321247.1
321247.1
321247.1
321247.1
317329.4
317329.4
317329.4
317329.4
317329.4
317329.4
317329.4
317329.4
317329.4
317329.4
317329.4
317329.4
317329.4
317329.4
317329.4
317329.4
317329.4
317329.4
317329.4
317329.4
317329.4
317329.4
317329.4
317329.4
317329.4
317329.4
317329.4
317329.4
317329.4
317329.4
317329.4
317329.4
317329.4
317329.4
317329.4
317329.4
317329.4
317329.4
317329.4
317329.4
317329.4
317329.4
317329.4
317329.4
317329.4
317329.4
317329.4
317329.4
317329.4
317329.4
317329.4
317329.4
317329.4
317329.4
317329.4
317329.4
317329.4
317329.4
317329.4
317329.4
317329.4
317329.4
317329.4
317329.4
317329.4
317329.4
317329.4
317329.4
317329.4
317329.4
317329.4
317329.4
317329.4
317329.4
317329.4
317329.4
317329.4
317329.4
317329.4
317329.4
317329.4
317329.4
317329.4
317329.4
317329.4
317329.4
317329.4
317329.4
317329.4
317329.4
317329.4
317329.4
313411.8
313411.8
313411.8
313411.8
313411.8
313411.8
313411.8
313411.8
313411.8
313411.8
313411.8
313411.8
313411.8
313411.8
313411.8
313411.8
313411.8
313411.8
313411.8
313411.8
313411.8
313411.8
313411.8
313411.8
313411.8
313411.8
313411.8
313411.8
313411.8
313411.8
313411.8
313411.8
313411.8
313411.8
313411.8
313411.8
313411.8
313411.8
313411.8
313411.8
313411.8
313411.8
313411.8
313411.8
313411.8
313411.8
313411.8
313411.8
313411.8
313411.8
313411.8
313411.8
313411.8
313411.8
313411.8
313411.8
313411.8
313411.8
313411.8
313411.8
313411.8
313411.8
313411.8
313411.8
313411.8
313411.8
313411.8
313411.8
313411.8
313411.8
313411.8
313411.8
313411.8
313411.8
313411.8
313411.8
313411.8
313411.8
313411.8
313411.8
313411.8
313411.8
313411.8
313411.8
313411.8
313411.8
313411.8
313411.8
313411.8
313411.8
313411.8
313411.8
309494.1
309494.1
309494.1
309494.1
309494.1
309494.1
309494.1
309494.1
309494.1
309494.1
309494.1
309494.1
309494.1
309494.1
309494.1
309494.1
309494.1
309494.1
309494.1
309494.1
309494.1
309494.1
309494.1
309494.1
309494.1
309494.1
309494.1
309494.1
309494.1
309494.1
309494.1
309494.1
309494.1
309494.1
309494.1
309494.1
309494.1
309494.1
309494.1
309494.1
309494.1
309494.1
309494.1
309494.1
309494.1
309494.1
309494.1
309494.1
309494.1
309494.1
309494.1
309494.1
309494.1
309494.1
309494.1
309494.1
309494.1
309494.1
309494.1
309494.1
309494.1
309494.1
309494.1
309494.1
309494.1
309494.1
309494.1
309494.1
309494.1
309494.1
309494.1
309494.1
309494.1
309494.1
309494.1
309494.1
309494.1
309494.1
309494.1
309494.1
309494.1
309494.1
309494.1
309494.1
309494.1
309494.1
309494.1
309494.1
309494.1
309494.1
309494.1
309494.1
309494.1
309494.1
305576.5
305576.5
305576.5
305576.5
305576.5
305576.5
305576.5
305576.5
305576.5
305576.5
305576.5
305576.5
305576.5
305576.5
305576.5
305576.5
305576.5
305576.5
305576.5
305576.5
305576.5
305576.5
305576.5
305576.5
305576.5
305576.5
305576.5
305576.5
305576.5
305576.5
305576.5
305576.5
305576.5
305576.5
305576.5
305576.5
305576.5
305576.5
305576.5
305576.5
305576.5
305576.5
305576.5
305576.5
305576.5
305576.5
305576.5
305576.5
305576.5
305576.5
305576.5
305576.5
305576.5
305576.5
305576.5
305576.5
305576.5
305576.5
305576.5
305576.5
305576.5
305576.5
305576.5
305576.5
305576.5
305576.5
305576.5
305576.5
305576.5
305576.5
305576.5
305576.5
305576.5
305576.5
305576.5
305576.5
305576.5
305576.5
305576.5
305576.5
305576.5
305576.5
305576.5
305576.5
305576.5
305576.5
305576.5
305576.5
305576.5
305576.5
305576.5
305576.5
305576.5
305576.5
305576.5
305576.5
301658.8
301658.8
301658.8
301658.8
301658.8
301658.8
301658.8
301658.8
301658.8
301658.8
301658.8
301658.8
301658.8
301658.8
301658.8
301658.8
301658.8
301658.8
301658.8
301658.8
301658.8
301658.8
301658.8
301658.8
301658.8
301658.8
301658.8
301658.8
301658.8
301658.8
301658.8
301658.8
301658.8
301658.8
301658.8
301658.8
301658.8
301658.8
301658.8
301658.8
301658.8
301658.8
301658.8
301658.8
301658.8
301658.8
301658.8
301658.8
301658.8
301658.8
301658.8
301658.8
301658.8
301658.8
301658.8
301658.8
301658.8
301658.8
301658.8
301658.8
301658.8
301658.8
301658.8
301658.8
301658.8
301658.8
301658.8
301658.8
301658.8
301658.8
301658.8
301658.8
301658.8
301658.8
301658.8
301658.8
301658.8
301658.8
301658.8
301658.8
301658.8
301658.8
301658.8
301658.8
301658.8
301658.8
301658.8
301658.8
301658.8
301658.8
301658.8
301658.8
301658.8
301658.8
301658.8
301658.8
297741.2
297741.2
297741.2
297741.2
297741.2
297741.2
297741.2
297741.2
297741.2
297741.2
297741.2
297741.2
297741.2
297741.2
297741.2
297741.2
297741.2
297741.2
297741.2
297741.2
297741.2
297741.2
297741.2
297741.2
297741.2
297741.2
297741.2
297741.2
297741.2
297741.2
297741.2
297741.2
297741.2
297741.2
297741.2
297741.2
297741.2
297741.2
297741.2
297741.2
297741.2
297741.2
297741.2
297741.2
297741.2
297741.2
297741.2
297741.2
297741.2
297741.2
297741.2
297741.2
297741.2
297741.2
297741.2
297741.2
297741.2
297741.2
297741.2
297741.2
297741.2
297741.2
297741.2
297741.2
297741.2
297741.2
297741.2
297741.2
297741.2
297741.2
297741.2
297741.2
297741.2
297741.2
297741.2
297741.2
297741.2
297741.2
297741.2
297741.2
297741.2
297741.2
297741.2
297741.2
297741.2
297741.2
297741.2
297741.2
297741.2
297741.2
297741.2
297741.2
297741.2
297741.2
297741.2
297741.2
297741.2
297741.2
293823.5
293823.5
293823.5
293823.5
293823.5
293823.5
293823.5
