IEC 61083-2 TDG Version 2.1.0
Data File Version  2.1.0
29 LI-M17
8 bits, 8493 samples at 10ns
1.000000e-008
0.0
0.0
0.0
0.0
0.0
0.0
0.0
0.0
0.0
0.0
0.0
0.0
0.0
0.0
0.0
0.0
0.0
0.0
0.0
0.0
0.0
0.0
0.0
0.0
0.0
0.0
0.0
0.0
0.0
0.0
0.0
0.0
0.0
0.0
0.0
0.0
0.0
0.0
0.0
0.0
0.0
0.0
0.0
0.0
0.0
0.0
0.0
0.0
0.0
0.0
0.0
0.0
0.0
0.0
0.0
0.0
0.0
0.0
0.0
0.0
0.0
0.0
0.0
0.0
0.0
0.0
0.0
0.0
0.0
0.0
0.0
0.0
0.0
0.0
0.0
0.0
0.0
0.0
0.0
0.0
0.0
0.0
0.0
0.0
0.0
0.0
0.0
0.0
0.0
0.0
0.0
0.0
0.0
0.0
0.0
0.0
0.0
0.0
0.0
0.0
0.0
0.0
0.0
0.0
0.0
0.0
0.0
0.0
0.0
0.0
0.0
0.0
0.0
0.0
0.0
0.0
0.0
0.0
0.0
0.0
0.0
0.0
0.0
0.0
0.0
0.0
0.0
0.0
0.0
0.0
0.0
0.0
0.0
0.0
0.0
0.0
0.0
0.0
0.0
0.0
0.0
0.0
0.0
0.0
0.0
0.0
0.0
0.0
0.0
0.0
0.0
0.0
0.0
0.0
0.0
0.0
0.0
0.0
0.0
0.0
0.0
0.0
0.0
0.0
0.0
0.0
0.0
0.0
0.0
0.0
0.0
0.0
0.0
0.0
0.0
0.0
0.0
0.0
0.0
0.0
0.0
0.0
0.0
0.0
0.0
0.0
0.0
0.0
0.0
0.0
0.0
0.0
0.0
0.0
0.0
0.0
0.0
0.0
0.0
0.0
0.0
0.0
0.0
0.0
0.0
0.0
0.0
0.0
0.0
0.0
0.0
0.0
0.0
0.0
0.0
0.0
0.0
0.0
0.0
0.0
0.0
0.0
0.0
0.0
0.0
0.0
0.0
0.0
0.0
0.0
0.0
0.0
0.0
0.0
0.0
0.0
0.0
0.0
0.0
0.0
0.0
0.0
0.0
0.0
0.0
0.0
0.0
0.0
0.0
0.0
0.0
0.0
0.0
0.0
0.0
0.0
0.0
0.0
0.0
0.0
0.0
0.0
0.0
0.0
0.0
0.0
0.0
0.0
0.0
0.0
0.0
0.0
0.0
0.0
0.0
0.0
0.0
0.0
0.0
0.0
0.0
0.0
0.0
0.0
0.0
0.0
0.0
0.0
0.0
0.0
0.0
0.0
0.0
0.0
0.0
0.0
0.0
0.0
0.0
0.0
0.0
0.0
0.0
0.0
0.0
0.0
0.0
0.0
0.0
0.0
0.0
0.0
0.0
0.0
0.0
0.0
0.0
0.0
0.0
0.0
0.0
0.0
0.0
0.0
0.0
0.0
0.0
0.0
0.0
0.0
0.0
0.0
0.0
0.0
0.0
0.0
0.0
0.0
0.0
0.0
0.0
0.0
0.0
0.0
0.0
0.0
0.0
0.0
0.0
0.0
0.0
0.0
0.0
0.0
0.0
0.0
0.0
0.0
0.0
0.0
0.0
0.0
0.0
0.0
0.0
0.0
0.0
0.0
0.0
0.0
0.0
0.0
0.0
0.0
0.0
0.0
0.0
0.0
0.0
0.0
0.0
0.0
0.0
0.0
0.0
0.0
0.0
0.0
0.0
0.0
0.0
0.0
0.0
0.0
0.0
0.0
0.0
0.0
0.0
0.0
0.0
0.0
0.0
0.0
0.0
0.0
0.0
0.0
0.0
0.0
0.0
0.0
0.0
0.0
0.0
0.0
0.0
0.0
0.0
0.0
0.0
0.0
0.0
0.0
0.0
0.0
0.0
0.0
0.0
0.0
0.0
0.0
0.0
0.0
0.0
0.0
0.0
0.0
0.0
0.0
0.0
0.0
0.0
0.0
0.0
0.0
0.0
0.0
0.0
0.0
0.0
0.0
0.0
0.0
0.0
0.0
0.0
0.0
0.0
0.0
0.0
0.0
0.0
0.0
0.0
0.0
0.0
0.0
0.0
0.0
0.0
0.0
0.0
0.0
0.0
0.0
0.0
0.0
0.0
0.0
0.0
0.0
0.0
0.0
0.0
0.0
0.0
0.0
0.0
0.0
0.0
0.0
0.0
0.0
0.0
0.0
0.0
0.0
0.0
0.0
0.0
0.0
0.0
0.0
0.0
0.0
0.0
0.0
0.0
0.0
0.0
0.0
0.0
0.0
0.0
0.0
0.0
0.0
0.0
0.0
0.0
0.0
0.0
0.0
0.0
0.0
0.0
0.0
0.0
0.0
0.0
0.0
0.0
0.0
0.0
0.0
0.0
0.0
0.0
0.0
0.0
0.0
0.0
0.0
0.0
0.0
0.0
0.0
0.0
0.0
0.0
0.0
0.0
0.0
0.0
0.0
0.0
0.0
0.0
0.0
0.0
0.0
0.0
0.0
0.0
0.0
0.0
0.0
0.0
0.0
0.0
0.0
0.0
0.0
0.0
0.0
0.0
0.0
0.0
0.0
0.0
0.0
0.0
0.0
0.0
0.0
0.0
0.0
0.0
0.0
0.0
0.0
0.0
0.0
0.0
0.0
0.0
0.0
0.0
0.0
0.0
0.0
0.0
0.0
0.0
0.0
0.0
0.0
0.0
0.0
0.0
0.0
0.0
0.0
0.0
0.0
0.0
0.0
0.0
0.0
0.0
0.0
0.0
0.0
0.0
0.0
0.0
0.0
0.0
0.0
0.0
0.0
0.0
0.0
0.0
0.0
0.0
0.0
0.0
0.0
0.0
0.0
0.0
0.0
0.0
0.0
0.0
0.0
0.0
0.0
0.0
0.0
0.0
0.0
0.0
0.0
0.0
0.0
0.0
0.0
0.0
0.0
0.0
0.0
0.0
0.0
0.0
0.0
0.0
0.0
0.0
0.0
0.0
0.0
0.0
0.0
0.0
0.0
0.0
0.0
0.0
0.0
0.0
0.0
0.0
0.0
0.0
0.0
0.0
0.0
0.0
0.0
0.0
0.0
0.0
0.0
0.0
0.0
0.0
0.0
0.0
0.0
0.0
0.0
0.0
0.0
0.0
0.0
0.0
0.0
0.0
0.0
0.0
0.0
0.0
0.0
0.0
0.0
0.0
0.0
0.0
0.0
0.0
0.0
0.0
0.0
0.0
0.0
0.0
0.0
0.0
0.0
0.0
0.0
0.0
0.0
0.0
0.0
0.0
0.0
0.0
0.0
0.0
0.0
0.0
0.0
0.0
0.0
0.0
0.0
0.0
0.0
0.0
0.0
0.0
0.0
0.0
0.0
0.0
0.0
0.0
0.0
0.0
0.0
0.0
0.0
0.0
0.0
0.0
0.0
0.0
0.0
0.0
0.0
0.0
0.0
0.0
0.0
0.0
0.0
0.0
0.0
0.0
0.0
0.0
0.0
0.0
0.0
0.0
0.0
0.0
0.0
0.0
0.0
0.0
0.0
0.0
0.0
0.0
0.0
0.0
0.0
0.0
0.0
0.0
0.0
-397.6
-795.3
-1192.9
-1192.9
-1192.9
-1590.5
-2385.8
-4374.0
-5169.3
-5964.5
-7157.4
-9145.6
-12724.3
-15507.8
-18291.2
-19484.1
-21472.3
-25846.3
-31015.5
-36184.8
-39763.5
-42944.6
-45330.4
-49306.7
-54476.0
-57259.4
-58054.7
-55668.9
-53680.7
-52090.2
-52487.8
-52090.2
-50102.0
-46920.9
-43342.2
-41751.7
-40956.4
-41354.0
-42944.6
-44932.8
-47716.2
-50499.7
-52885.5
-55271.3
-57657.1
-59645.3
-62031.1
-64416.9
-66405.1
-67995.6
-68393.2
-68393.2
-67598.0
-66802.7
-66405.1
-66007.4
-65609.8
-65212.1
-65212.1
-66007.4
-67598.0
-69188.5
-70381.4
-71574.3
-72767.2
-73960.1
-75550.7
-77936.5
-79129.4
-79924.6
-78731.7
-77936.5
-76743.6
-76345.9
-76345.9
-76743.6
-77141.2
-77141.2
-76743.6
-76345.9
-77141.2
-77936.5
-79527.0
-81117.6
-82310.5
-83105.7
-84298.6
-85093.9
-85491.5
-85889.2
-85889.2
-85491.5
-85093.9
-84696.3
-84298.6
-83503.4
-82310.5
-80322.3
-79129.4
-77936.5
-79129.4
-80322.3
-81515.2
-81515.2
-81117.6
-81515.2
-82310.5
-84696.3
-86684.4
-87877.3
-88275.0
-88275.0
-88672.6
-88672.6
-89070.3
-87877.3
-87479.7
-87877.3
-89070.3
-90263.2
-90263.2
-89865.5
-88672.6
-88672.6
-89467.9
-90263.2
-91058.4
-91058.4
-91058.4
-90660.8
-90263.2
-89865.5
-89070.3
-89070.3
-89070.3
-89865.5
-90660.8
-91456.1
-92251.3
-92649.0
-92649.0
-93046.6
-93841.9
-94637.1
-95432.4
-95034.8
-94239.5
-93841.9
-93841.9
-94239.5
-93444.2
-92251.3
-91058.4
-90660.8
-91058.4
-91853.7
-93046.6
-93444.2
-94239.5
-94637.1
-95432.4
-96227.7
-96625.3
-96625.3
-96625.3
-96625.3
-96625.3
-96625.3
-95830.0
-94637.1
-93046.6
-92251.3
-92251.3
-93046.6
-94239.5
-95432.4
-96625.3
-97420.6
-97818.2
-98215.9
-98613.5
-98613.5
-99011.1
-98613.5
-98613.5
-97818.2
-96625.3
-95034.8
-93841.9
-93046.6
-93444.2
-93841.9
-94637.1
-95432.4
-96227.7
-96625.3
-97420.6
-97818.2
-98215.9
-99011.1
-99408.8
-99806.4
-99806.4
-99408.8
-98613.5
-98215.9
-97818.2
-97818.2
-97420.6
-97023.0
-96625.3
-96625.3
-97420.6
-97818.2
-98215.9
-97420.6
-97420.6
-97420.6
-97818.2
-98613.5
-98613.5
-98215.9
-97420.6
-97023.0
-97023.0
-97420.6
-97818.2
-97818.2
-97818.2
-97818.2
-98215.9
-99011.1
-99408.8
-99806.4
-99408.8
-99408.8
-99011.1
-99408.8
-99408.8
-99408.8
-99011.1
-98215.9
-97818.2
-97818.2
-97818.2
-99011.1
-99408.8
-99806.4
-99408.8
-99408.8
-99011.1
-99011.1
-98613.5
-98215.9
-97818.2
-97818.2
-97818.2
-97818.2
-97420.6
-96625.3
-96625.3
-97023.0
-98215.9
-99408.8
-100601.7
-100999.3
-100999.3
-100601.7
-100601.7
-100204.0
-100204.0
-100204.0
-100204.0
-99806.4
-99408.8
-99011.1
-98613.5
-97818.2
-97023.0
-97023.0
-97818.2
-98613.5
-99408.8
-99806.4
-99806.4
-99806.4
-99408.8
-98613.5
-98215.9
-98215.9
-99011.1
-99806.4
-100204.0
-99408.8
-98613.5
-97818.2
-97420.6
-98215.9
-98613.5
-99011.1
-99408.8
-100204.0
-100999.3
-100999.3
-100999.3
-99806.4
-99011.1
-98613.5
-99408.8
-100601.7
-100601.7
-100601.7
-99011.1
-98215.9
-97420.6
-97420.6
-97818.2
-98215.9
-98613.5
-99011.1
-99408.8
-99806.4
-99408.8
-98613.5
-97420.6
-97818.2
-98215.9
-99806.4
-100204.0
-100601.7
-99806.4
-99408.8
-98613.5
-99011.1
-99011.1
-99806.4
-100204.0
-100601.7
-100601.7
-100204.0
-99806.4
-99011.1
-98215.9
-98215.9
-98215.9
-98613.5
-99011.1
-99011.1
-99011.1
-99011.1
-98215.9
-98215.9
-97818.2
-98215.9
-99011.1
-99408.8
-99806.4
-99806.4
-99408.8
-99011.1
-98613.5
-98215.9
-98215.9
-98613.5
-99011.1
-99408.8
-99806.4
-99806.4
-99408.8
-99011.1
-99011.1
-99011.1
-99408.8
-100204.0
-100601.7
-100204.0
-99408.8
-98613.5
-98215.9
-97818.2
-97818.2
-97818.2
-98215.9
-98215.9
-98613.5
-98613.5
-98215.9
-98215.9
-98215.9
-98215.9
-98613.5
-99011.1
-99806.4
-99806.4
-99806.4
-99011.1
-98613.5
-98613.5
-98613.5
-99408.8
-99806.4
-99806.4
-99011.1
-98613.5
-98613.5
-98613.5
-98613.5
-98613.5
-98613.5
-98613.5
-98613.5
-99011.1
-98613.5
-98613.5
-97818.2
-97818.2
-98215.9
-98613.5
-98613.5
-98215.9
-98215.9
-97818.2
-98215.9
-98215.9
-98215.9
-98215.9
-98613.5
-98613.5
-99011.1
-99408.8
-99408.8
-99011.1
-99011.1
-98613.5
-98613.5
-98613.5
-98613.5
-99011.1
-99011.1
-98613.5
-98613.5
-98215.9
-97818.2
-97818.2
-97818.2
-98215.9
-98215.9
-98215.9
-98215.9
-97818.2
-97420.6
-97420.6
-97420.6
-97818.2
-97818.2
-98215.9
-98613.5
-99011.1
-99011.1
-98613.5
-97818.2
-97420.6
-97818.2
-98613.5
-99011.1
-99011.1
-98613.5
-98215.9
-98215.9
-98215.9
-97818.2
-97818.2
-97818.2
-98215.9
-98215.9
-98613.5
-98215.9
-97420.6
-97023.0
-96625.3
-97023.0
-97420.6
-98215.9
-98215.9
-98215.9
-98215.9
-97818.2
-97420.6
-97420.6
-97420.6
-97420.6
-97818.2
-97818.2
-98215.9
-98613.5
-98215.9
-97818.2
-97818.2
-97420.6
-97818.2
-98215.9
-98613.5
-98613.5
-98613.5
-97818.2
-97420.6
-97023.0
-96625.3
-97023.0
-97023.0
-97420.6
-97420.6
-97818.2
-97420.6
-97420.6
-97023.0
-96625.3
-97023.0
-97420.6
-97818.2
-97818.2
-97818.2
-97818.2
-97420.6
-97420.6
-97023.0
-97023.0
-97420.6
-97420.6
-97818.2
-98215.9
-98215.9
-97420.6
-97023.0
-96625.3
-97023.0
-97420.6
-97420.6
-97420.6
-97420.6
-97420.6
-97023.0
-97023.0
-97023.0
-96625.3
-96625.3
-96625.3
-97023.0
-97023.0
-97023.0
-97023.0
-96625.3
-96625.3
-97023.0
-97023.0
-97023.0
-97420.6
-97420.6
-97420.6
-97420.6
-97420.6
-97023.0
-97023.0
-96625.3
-97023.0
-97023.0
-97420.6
-97420.6
-97023.0
-97023.0
-96625.3
-96625.3
-96625.3
-96625.3
-96625.3
-96625.3
-96625.3
-96625.3
-96625.3
-96227.7
-96227.7
-96227.7
-96227.7
-96625.3
-97023.0
-96625.3
-96625.3
-96625.3
-96625.3
-96625.3
-96625.3
-97023.0
-96625.3
-96625.3
-96625.3
-96625.3
-96625.3
-96625.3
-96625.3
-96625.3
-96625.3
-96625.3
-96227.7
-96227.7
-96625.3
-96625.3
-96625.3
-96625.3
-96227.7
-96227.7
-96227.7
-96227.7
-96227.7
-96227.7
-96227.7
-96227.7
-96227.7
-96227.7
-96227.7
-96227.7
-96227.7
-96227.7
-96227.7
-96625.3
-96625.3
-96625.3
-96227.7
-96227.7
-96227.7
-96227.7
-96227.7
-96227.7
-96227.7
-96227.7
-96227.7
-95830.0
-95830.0
-95830.0
-95830.0
-95830.0
-95830.0
-95830.0
-95830.0
-95830.0
-95432.4
-95432.4
-95830.0
-95830.0
-95830.0
-96227.7
-96227.7
-95830.0
-95830.0
-95830.0
-95830.0
-95830.0
-95830.0
-95830.0
-95830.0
-95830.0
-95830.0
-95830.0
-95830.0
-95830.0
-95830.0
-95830.0
-95830.0
-95830.0
-95830.0
-95830.0
-95432.4
-95432.4
-95432.4
-95432.4
-95432.4
-95432.4
-95432.4
-95432.4
-95432.4
-95432.4
-95432.4
-95432.4
-95432.4
-95432.4
-95432.4
-95432.4
-95830.0
-95830.0
-95830.0
-95432.4
-95432.4
-95432.4
-95432.4
-95432.4
-95432.4
-95432.4
-95432.4
-95432.4
-95034.8
-95034.8
-95034.8
-95034.8
-95034.8
-95432.4
-95432.4
-95432.4
-95034.8
-95034.8
-95034.8
-94637.1
-94637.1
-95034.8
-95034.8
-95034.8
-95432.4
-95034.8
-95034.8
-95034.8
-95034.8
-95034.8
-95432.4
-95432.4
-95432.4
-95432.4
-95034.8
-95034.8
-94637.1
-94637.1
-94637.1
-94637.1
-95034.8
-95034.8
-95034.8
-95034.8
-95034.8
-94637.1
-94637.1
-94637.1
-94637.1
-94637.1
-94637.1
-94637.1
-94637.1
-94637.1
-94637.1
-94637.1
-94637.1
-94637.1
-94637.1
-94637.1
-95034.8
-95034.8
-95034.8
-94637.1
-94637.1
-94637.1
-94239.5
-94637.1
-94637.1
-94637.1
-94637.1
-94637.1
-94637.1
-94637.1
-94239.5
-94239.5
-94239.5
-94239.5
-94239.5
-94239.5
-94239.5
-94239.5
-94239.5
-94239.5
-94239.5
-94239.5
-94239.5
-94239.5
-94239.5
-94239.5
-94239.5
-94239.5
-94239.5
-94239.5
-94239.5
-94239.5
-94239.5
-94239.5
-94239.5
-94239.5
-94239.5
-94239.5
-94239.5
-94239.5
-94239.5
-93841.9
-93841.9
-93841.9
-93841.9
-93841.9
-93841.9
-93841.9
-93841.9
-93841.9
-93841.9
-93841.9
-93841.9
-93841.9
-93841.9
-93841.9
-93841.9
-93841.9
-93444.2
-93444.2
-93841.9
-93841.9
-93841.9
-93841.9
-93841.9
-93841.9
-93841.9
-93444.2
-93841.9
-93841.9
-93841.9
-93841.9
-93841.9
-93444.2
-93444.2
-93444.2
-93444.2
-93444.2
-93444.2
-93444.2
-93444.2
-93444.2
-93444.2
-93444.2
-93444.2
-93444.2
-93444.2
-93444.2
-93444.2
-93444.2
-93444.2
-93444.2
-93444.2
-93444.2
-93444.2
-93444.2
-93444.2
-93444.2
-93444.2
-93444.2
-93444.2
-93444.2
-93444.2
-93444.2
-93444.2
-93046.6
-93046.6
-93046.6
-93046.6
-93046.6
-93046.6
-93046.6
-93046.6
-93046.6
-93046.6
-93046.6
-93046.6
-93046.6
-93046.6
-93046.6
-93046.6
-93046.6
-93046.6
-93046.6
-93046.6
-93046.6
-93046.6
-93046.6
-93046.6
-93046.6
-93046.6
-93046.6
-93046.6
-93046.6
-93046.6
-93046.6
-92649.0
-92649.0
-92649.0
-92649.0
-92649.0
-92649.0
-92649.0
-92649.0
-92649.0
-92649.0
-92649.0
-92649.0
-92649.0
-92649.0
-92649.0
-92649.0
-92649.0
-92649.0
-92251.3
-92251.3
-92649.0
-92649.0
-92649.0
-92649.0
-92649.0
-92649.0
-92251.3
-92251.3
-92251.3
-92251.3
-92251.3
-92251.3
-92251.3
-92251.3
-92251.3
-92251.3
-92251.3
-92251.3
-92251.3
-92251.3
-92251.3
-92251.3
-92251.3
-92251.3
-92251.3
-92251.3
-92251.3
-92251.3
-92251.3
-92251.3
-92251.3
-92251.3
-92251.3
-92251.3
-92251.3
-92251.3
-92251.3
-92251.3
-91853.7
-91853.7
-91853.7
-92251.3
-91853.7
-91853.7
-92251.3
-91853.7
-91853.7
-91853.7
-91853.7
-91853.7
-91853.7
-91853.7
-91853.7
-91853.7
-91853.7
-91853.7
-91853.7
-91853.7
-91853.7
-91853.7
-91853.7
-91853.7
-91853.7
-91853.7
-91853.7
-91853.7
-91853.7
-91853.7
-91456.1
-91456.1
-91456.1
-91853.7
-91853.7
-91853.7
-91853.7
-91456.1
-91456.1
-91456.1
-91456.1
-91456.1
-91456.1
-91456.1
-91456.1
-91456.1
-91456.1
-91456.1
-91456.1
-91456.1
-91456.1
-91456.1
-91456.1
-91456.1
-91456.1
-91456.1
-91456.1
-91456.1
-91456.1
-91456.1
-91456.1
-91456.1
-91456.1
-91456.1
-91456.1
-91456.1
-91456.1
-91058.4
-91058.4
-91058.4
-91058.4
-91058.4
-91058.4
-91058.4
-91058.4
-91058.4
-91058.4
-91058.4
-91058.4
-91058.4
-91058.4
-91058.4
-91058.4
-91058.4
-91058.4
-91058.4
-91058.4
-91058.4
-91058.4
-91058.4
-91058.4
-91058.4
-91058.4
-91058.4
-91058.4
-91058.4
-91058.4
-90660.8
-90660.8
-90660.8
-90660.8
-90660.8
-90660.8
-90660.8
-90660.8
-90660.8
-90660.8
-90660.8
-90660.8
-90660.8
-90660.8
-90263.2
-90660.8
-90660.8
-90660.8
-90263.2
-90263.2
-90263.2
-90263.2
-90263.2
-90263.2
-90263.2
-90263.2
-90263.2
-90263.2
-90263.2
-90263.2
-90263.2
-90263.2
-90263.2
-90263.2
-90263.2
-90263.2
-90263.2
-90263.2
-90263.2
-90263.2
-90263.2
-90263.2
-90263.2
-90263.2
-90263.2
-90263.2
-90263.2
-90263.2
-90263.2
-90263.2
-90263.2
-90263.2
-90263.2
-90263.2
-89865.5
-89865.5
-89865.5
-89865.5
-89865.5
-90263.2
-90263.2
-89865.5
-89865.5
-89865.5
-89865.5
-89865.5
-89865.5
-89865.5
-89865.5
-89865.5
-89865.5
-89865.5
-89865.5
-89865.5
-89865.5
-89865.5
-89865.5
-89865.5
-89865.5
-89865.5
-89865.5
-89467.9
-89865.5
-89865.5
-89467.9
-89865.5
-89865.5
-89467.9
-89865.5
-89865.5
-89865.5
-89467.9
-89467.9
-89467.9
-89467.9
-89467.9
-89467.9
-89467.9
-89467.9
-89467.9
-89467.9
-89467.9
-89467.9
-89467.9
-89467.9
-89467.9
-89467.9
-89467.9
-89467.9
-89070.3
-89070.3
-89070.3
-89070.3
-89070.3
-89070.3
-89070.3
-89070.3
-89070.3
-89070.3
-89070.3
-89070.3
-89070.3
-89070.3
-89070.3
-89070.3
-89070.3
-89070.3
-89070.3
-89070.3
-89070.3
-89070.3
-89070.3
-89070.3
-89070.3
-89070.3
-89070.3
-89070.3
-89070.3
-89070.3
-89070.3
-89070.3
-89070.3
-89070.3
-89070.3
-88672.6
-89070.3
-89070.3
-89070.3
-89070.3
-88672.6
-88672.6
-88672.6
-88672.6
-88672.6
-88672.6
-88672.6
-88672.6
-88672.6
-88672.6
-88672.6
-88672.6
-88672.6
-88672.6
-88672.6
-88672.6
-88672.6
-88672.6
-88672.6
-88672.6
-88672.6
-88672.6
-88672.6
-88672.6
-88672.6
-88672.6
-88672.6
-88672.6
-88672.6
-88672.6
-88275.0
-88275.0
-88275.0
-88275.0
-88275.0
-88275.0
-88275.0
-88275.0
-88275.0
-88275.0
-88275.0
-88275.0
-88275.0
-88275.0
-88275.0
-88275.0
-88275.0
-88275.0
-88275.0
-88275.0
-88275.0
-88275.0
-88275.0
-88275.0
-88275.0
-88275.0
-88275.0
-88275.0
-87877.3
-87877.3
-88275.0
-87877.3
-87877.3
-88275.0
-88275.0
-87877.3
-88275.0
-88275.0
-87877.3
-87877.3
-87877.3
-87877.3
-87877.3
-87877.3
-87877.3
-87877.3
-87877.3
-87877.3
-87877.3
-87877.3
-87877.3
-87877.3
-87877.3
-87877.3
-87877.3
-87877.3
-87877.3
-87877.3
-87877.3
-87877.3
-87877.3
-87479.7
-87479.7
-87877.3
-87877.3
-87479.7
-87479.7
-87877.3
-87479.7
-87479.7
-87479.7
-87479.7
-87479.7
-87877.3
-87877.3
-87479.7
-87479.7
-87479.7
-87479.7
-87479.7
-87479.7
-87479.7
-87479.7
-87479.7
-87479.7
-87479.7
-87479.7
-87479.7
-87479.7
-87479.7
-87479.7
-87479.7
-87479.7
-87479.7
-87479.7
-87479.7
-87479.7
-87479.7
-87082.1
-87082.1
-87479.7
-87082.1
-87082.1
-87082.1
-87082.1
-87082.1
-87082.1
-87082.1
-87082.1
-87082.1
-87082.1
-87082.1
-87082.1
-87082.1
-87082.1
-87082.1
-87082.1
-87082.1
-87082.1
-87082.1
-87082.1
-87082.1
-87082.1
-87082.1
-86684.4
-86684.4
-86684.4
-87082.1
-87082.1
-87082.1
-87082.1
-86684.4
-86684.4
-86684.4
-86684.4
-86684.4
-86684.4
-86684.4
-86684.4
-86684.4
-86684.4
-86684.4
-86684.4
-86684.4
-86684.4
-86684.4
-86684.4
-86684.4
-86684.4
-86684.4
-86684.4
-86684.4
-86684.4
-86684.4
-86684.4
-86684.4
-86684.4
-86684.4
-86684.4
-86684.4
-86684.4
-86286.8
-86286.8
-86286.8
-86286.8
-86286.8
-86286.8
-86286.8
-86286.8
-86286.8
-86286.8
-86286.8
-86286.8
-86286.8
-86286.8
-86286.8
-86286.8
-86286.8
-86286.8
-86286.8
-86286.8
-86286.8
-86286.8
-86286.8
-86286.8
-86286.8
-86286.8
-86286.8
-86286.8
-86286.8
-86286.8
-85889.2
-85889.2
-85889.2
-85889.2
-85889.2
-85889.2
-85889.2
-85889.2
-85889.2
-85889.2
-85889.2
-85889.2
-85889.2
-85889.2
-85889.2
-85889.2
-85889.2
-85889.2
-85889.2
-85889.2
-85889.2
-85889.2
-85889.2
-85889.2
-85889.2
-85889.2
-85889.2
-85889.2
-85889.2
-85889.2
-85889.2
-85889.2
-85889.2
-85889.2
-85491.5
-85491.5
-85491.5
-85491.5
-85491.5
-85889.2
-85491.5
-85491.5
-85491.5
-85491.5
-85491.5
-85491.5
-85491.5
-85491.5
-85491.5
-85491.5
-85491.5
-85491.5
-85491.5
-85491.5
-85491.5
-85491.5
-85093.9
-85093.9
-85093.9
-85093.9
-85093.9
-85093.9
-85093.9
-85093.9
-85093.9
-85093.9
-85093.9
-85093.9
-85093.9
-85093.9
-85093.9
-85093.9
-85093.9
-85093.9
-85093.9
-85093.9
-85093.9
-85093.9
-85093.9
-85093.9
-85093.9
-85093.9
-85093.9
-85093.9
-85093.9
-85093.9
-85093.9
-85093.9
-85093.9
-84696.3
-85093.9
-85093.9
-85093.9
-84696.3
-84696.3
-84696.3
-84696.3
-84696.3
-84696.3
-84696.3
-84696.3
-84696.3
-84696.3
-84696.3
-84696.3
-84696.3
-84696.3
-84696.3
-84696.3
-84696.3
-84696.3
-84696.3
-84696.3
-84696.3
-84696.3
-84696.3
-84696.3
-84696.3
-84696.3
-84696.3
-84696.3
-84696.3
-84696.3
-84696.3
-84696.3
-84696.3
-84298.6
-84298.6
-84298.6
-84298.6
-84298.6
-84298.6
-84298.6
-84298.6
-84298.6
-84298.6
-84298.6
-84298.6
-84298.6
-84298.6
-84298.6
-84298.6
-84298.6
-84298.6
-84298.6
-84298.6
-84298.6
-84298.6
-84298.6
-84298.6
-84298.6
-84298.6
-84298.6
-84298.6
-84298.6
-84298.6
-83901.0
-84298.6
-84298.6
-84298.6
-84298.6
-84298.6
-83901.0
-84298.6
-84298.6
-84298.6
-83901.0
-83901.0
-83901.0
-83901.0
-83901.0
-83901.0
-83901.0
-83901.0
-83901.0
-83901.0
-83901.0
-83901.0
-83901.0
-83901.0
-83901.0
-83901.0
-83901.0
-83901.0
-83901.0
-83901.0
-83901.0
-83901.0
-83901.0
-83901.0
-83901.0
-83503.4
-83901.0
-83901.0
-83503.4
-83503.4
-83503.4
-83503.4
-83503.4
-83503.4
-83503.4
-83503.4
-83503.4
-83503.4
-83503.4
-83503.4
-83503.4
-83503.4
-83503.4
-83503.4
-83503.4
-83503.4
-83503.4
-83503.4
-83503.4
-83503.4
-83503.4
-83503.4
-83503.4
-83503.4
-83503.4
-83503.4
-83503.4
-83503.4
-83105.7
-83105.7
-83105.7
-83105.7
-83105.7
-83503.4
-83105.7
-83105.7
-83105.7
-83105.7
-83105.7
-83105.7
-83105.7
-83105.7
-83105.7
-83105.7
-83105.7
-83105.7
-83105.7
-83105.7
-83105.7
-83105.7
-83105.7
-83105.7
-83105.7
-83105.7
-83105.7
-83105.7
-83105.7
-83105.7
-83105.7
-83105.7
-83105.7
-83105.7
-83105.7
-83105.7
-82708.1
-82708.1
-82708.1
-82708.1
-82708.1
-82708.1
-82708.1
-82708.1
-82708.1
-82708.1
-82708.1
-82708.1
-82708.1
-82708.1
-82708.1
-82708.1
-82708.1
-82708.1
-82708.1
-82708.1
-82708.1
-82708.1
-82708.1
-82708.1
-82708.1
-82708.1
-82708.1
-82708.1
-82708.1
-82708.1
-82708.1
-82708.1
-82708.1
-82310.5
-82310.5
-82310.5
-82708.1
-82310.5
-82310.5
-82708.1
-82310.5
-82310.5
-82310.5
-82310.5
-82310.5
-82310.5
-82310.5
-82310.5
-82310.5
-82310.5
-82310.5
-82310.5
-82310.5
-82310.5
-82310.5
-82310.5
-82310.5
-82310.5
-82310.5
-82310.5
-82310.5
-82310.5
-82310.5
-82310.5
-82310.5
-82310.5
-82310.5
-82310.5
-82310.5
-82310.5
-82310.5
-82310.5
-82310.5
-81912.8
-81912.8
-81912.8
-81912.8
-81912.8
-81912.8
-81912.8
-81912.8
-81912.8
-81912.8
-81912.8
-81912.8
-81912.8
-81912.8
-81912.8
-81912.8
-81912.8
-81912.8
-81912.8
-81912.8
-81912.8
-81912.8
-81912.8
-81912.8
-81912.8
-81912.8
-81912.8
-81515.2
-81515.2
-81912.8
-81515.2
-81515.2
-81515.2
-81912.8
-81515.2
-81515.2
-81515.2
-81515.2
-81515.2
-81515.2
-81515.2
-81515.2
-81515.2
-81515.2
-81515.2
-81515.2
-81515.2
-81515.2
-81515.2
-81515.2
-81515.2
-81515.2
-81515.2
-81515.2
-81515.2
-81515.2
-81515.2
-81515.2
-81515.2
-81515.2
-81515.2
-81117.6
-81117.6
-81117.6
-81117.6
-81117.6
-81515.2
-81117.6
-81117.6
-81117.6
-81117.6
-81117.6
-81117.6
-81117.6
-81117.6
-81117.6
-81117.6
-81117.6
-81117.6
-81117.6
-81117.6
-81117.6
-81117.6
-81117.6
-81117.6
-81117.6
-81117.6
-81117.6
-81117.6
-81117.6
-81117.6
-81117.6
-81117.6
-81117.6
-81117.6
-81117.6
-81117.6
-81117.6
-81117.6
-81117.6
-80719.9
-80719.9
-80719.9
-80719.9
-80719.9
-80719.9
-81117.6
-80719.9
-80719.9
-80719.9
-80719.9
-80719.9
-80719.9
-80719.9
-80719.9
-80719.9
-80719.9
-80719.9
-80719.9
-80719.9
-80719.9
-80322.3
-80322.3
-80322.3
-80322.3
-80322.3
-80322.3
-80322.3
-80322.3
-80322.3
-80322.3
-80322.3
-80322.3
-80322.3
-80322.3
-80322.3
-80322.3
-80322.3
-80322.3
-80322.3
-80322.3
-80322.3
-80322.3
-80322.3
-80322.3
-80322.3
-80322.3
-80322.3
-80322.3
-80322.3
-80322.3
-80322.3
-80322.3
-80322.3
-80322.3
-80322.3
-80322.3
-80322.3
-80322.3
-80322.3
-80322.3
-80322.3
-80322.3
-79924.6
-79924.6
-79924.6
-79924.6
-79924.6
-79924.6
-79924.6
-79924.6
-79924.6
-79924.6
-79924.6
-79924.6
-79924.6
-79924.6
-79924.6
-79924.6
-79924.6
-79924.6
-79924.6
-79924.6
-79924.6
-79924.6
-79924.6
-79924.6
-79924.6
-79924.6
-79924.6
-79924.6
-79924.6
-79924.6
-79924.6
-79924.6
-79924.6
-79527.0
-79924.6
-79924.6
-79924.6
-79527.0
-79527.0
-79527.0
-79527.0
-79527.0
-79527.0
-79527.0
-79527.0
-79527.0
-79527.0
-79527.0
-79527.0
-79527.0
-79527.0
-79527.0
-79527.0
-79527.0
-79527.0
-79527.0
-79527.0
-79527.0
-79527.0
-79527.0
-79527.0
-79527.0
-79527.0
-79527.0
-79527.0
-79129.4
-79527.0
-79527.0
-79129.4
-79527.0
-79527.0
-79129.4
-79527.0
-79527.0
-79527.0
-79129.4
-79129.4
-79129.4
-79129.4
-79129.4
-79129.4
-79129.4
-79129.4
-79129.4
-79129.4
-79129.4
-79129.4
-79129.4
-79129.4
-79129.4
-79129.4
-79129.4
-79129.4
-79129.4
-79129.4
-79129.4
-79129.4
-79129.4
-79129.4
-79129.4
-79129.4
-79129.4
-79129.4
-79129.4
-79129.4
-78731.7
-78731.7
-78731.7
-78731.7
-78731.7
-78731.7
-78731.7
-78731.7
-78731.7
-78731.7
-78731.7
-78731.7
-78731.7
-78731.7
-78731.7
-78731.7
-78731.7
-78731.7
-78731.7
-78731.7
-78731.7
-78731.7
-78731.7
-78731.7
-78731.7
-78731.7
-78731.7
-78731.7
-78731.7
-78731.7
-78731.7
-78731.7
-78731.7
-78731.7
-78731.7
-78731.7
-78334.1
-78334.1
-78731.7
-78334.1
-78334.1
-78334.1
-78334.1
-78334.1
-78334.1
-78334.1
-78334.1
-78334.1
-78334.1
-78334.1
-78334.1
-78334.1
-78334.1
-78334.1
-78334.1
-78334.1
-78334.1
-78334.1
-78334.1
-78334.1
-78334.1
-78334.1
-78334.1
-78334.1
-78334.1
-78334.1
-78334.1
-78334.1
-78334.1
-78334.1
-78334.1
-78334.1
-78334.1
-77936.5
-78334.1
-78334.1
-77936.5
-77936.5
-77936.5
-77936.5
-77936.5
-77936.5
-77936.5
-77936.5
-77936.5
-77936.5
-77936.5
-77936.5
-77936.5
-77936.5
-77936.5
-77936.5
-77936.5
-77936.5
-77936.5
-77936.5
-77936.5
-77936.5
-77936.5
-77936.5
-77936.5
-77936.5
-77936.5
-77936.5
-77936.5
-77936.5
-77936.5
-77936.5
-77936.5
-77538.8
-77538.8
-77936.5
-77936.5
-77538.8
-77538.8
-77538.8
-77538.8
-77538.8
-77538.8
-77538.8
-77538.8
-77538.8
-77538.8
-77538.8
-77538.8
-77538.8
-77538.8
-77538.8
-77538.8
-77538.8
-77538.8
-77538.8
-77538.8
-77538.8
-77538.8
-77538.8
-77538.8
-77538.8
-77538.8
-77538.8
-77538.8
-77538.8
-77538.8
-77538.8
-77538.8
-77538.8
-77141.2
-77141.2
-77538.8
-77141.2
-77141.2
-77141.2
-77141.2
-77141.2
-77141.2
-77141.2
-77141.2
-77141.2
-77141.2
-77141.2
-77141.2
-77141.2
-77141.2
-77141.2
-77141.2
-77141.2
-77141.2
-77141.2
-77141.2
-77141.2
-77141.2
-77141.2
-77141.2
-77141.2
-77141.2
-77141.2
-77141.2
-77141.2
-77141.2
-77141.2
-77141.2
-77141.2
-77141.2
-77141.2
-77141.2
-77141.2
-76743.6
-76743.6
-77141.2
-76743.6
-76743.6
-76743.6
-76743.6
-76743.6
-76743.6
-76743.6
-76743.6
-76743.6
-76743.6
-76743.6
-76743.6
-76743.6
-76743.6
-76743.6
-76743.6
-76743.6
-76743.6
-76743.6
-76743.6
-76743.6
-76743.6
-76743.6
-76743.6
-76345.9
-76743.6
-76743.6
-76743.6
-76345.9
-76345.9
-76345.9
-76345.9
-76345.9
-76345.9
-76345.9
-76345.9
-76345.9
-76345.9
-76345.9
-76345.9
-76345.9
-76345.9
-76345.9
-76345.9
-76345.9
-76345.9
-76345.9
-76345.9
-76345.9
-76345.9
-76345.9
-76345.9
-76345.9
-76345.9
-76345.9
-76345.9
-76345.9
-76345.9
-76345.9
-76345.9
-76345.9
-76345.9
-76345.9
-76345.9
-76345.9
-76345.9
-76345.9
-76345.9
-76345.9
-76345.9
-75948.3
-75948.3
-75948.3
-75948.3
-75948.3
-75948.3
-75948.3
-75948.3
-75948.3
-75948.3
-75948.3
-75948.3
-75948.3
-75948.3
-75948.3
-75948.3
-75948.3
-75948.3
-75948.3
-75948.3
-75948.3
-75948.3
-75948.3
-75948.3
-75948.3
-75948.3
-75948.3
-75948.3
-75948.3
-75948.3
-75948.3
-75948.3
-75948.3
-75948.3
-75948.3
-75550.7
-75550.7
-75550.7
-75550.7
-75550.7
-75550.7
-75550.7
-75550.7
-75550.7
-75550.7
-75550.7
-75550.7
-75550.7
-75550.7
-75550.7
-75550.7
-75550.7
-75550.7
-75550.7
-75550.7
-75550.7
-75550.7
-75550.7
-75550.7
-75550.7
-75550.7
-75550.7
-75550.7
-75550.7
-75550.7
-75550.7
-75153.0
-75153.0
-75153.0
-75153.0
-75153.0
-75153.0
-75153.0
-75153.0
-75153.0
-75153.0
-75153.0
-75153.0
-75153.0
-75153.0
-75153.0
-75153.0
-75153.0
-75153.0
-75153.0
-75153.0
-75153.0
-75153.0
-75153.0
-75153.0
-75153.0
-75153.0
-75153.0
-75153.0
-75153.0
-75153.0
-75153.0
-75153.0
-75153.0
-75153.0
-75153.0
-74755.4
-74755.4
-74755.4
-74755.4
-74755.4
-74755.4
-74755.4
-74755.4
-74755.4
-74755.4
-74755.4
-74755.4
-74755.4
-74755.4
-74755.4
-74755.4
-74755.4
-74755.4
-74755.4
-74755.4
-74755.4
-74755.4
-74755.4
-74755.4
-74755.4
-74755.4
-74755.4
-74755.4
-74755.4
-74755.4
-74755.4
-74755.4
-74755.4
-74755.4
-74755.4
-74755.4
-74755.4
-74755.4
-74755.4
-74755.4
-74357.8
-74357.8
-74357.8
-74357.8
-74357.8
-74357.8
-74357.8
-74357.8
-74357.8
-74357.8
-74357.8
-74357.8
-74357.8
-74357.8
-74357.8
-74357.8
-74357.8
-74357.8
-74357.8
-74357.8
-74357.8
-74357.8
-74357.8
-74357.8
-74357.8
-74357.8
-74357.8
-74357.8
-74357.8
-74357.8
-74357.8
-74357.8
-74357.8
-73960.1
-74357.8
-74357.8
-74357.8
-74357.8
-73960.1
-73960.1
-73960.1
-73960.1
-73960.1
-73960.1
-73960.1
-73960.1
-73960.1
-73960.1
-73960.1
-73960.1
-73960.1
-73960.1
-73960.1
-73960.1
-73960.1
-73960.1
-73960.1
-73960.1
-73960.1
-73960.1
-73960.1
-73960.1
-73960.1
-73960.1
-73960.1
-73960.1
-73960.1
-73960.1
-73960.1
-73960.1
-73960.1
-73960.1
-73960.1
-73562.5
-73960.1
-73960.1
-73562.5
-73960.1
-73960.1
-73960.1
-73562.5
-73562.5
-73562.5
-73562.5
-73562.5
-73562.5
-73562.5
-73562.5
-73562.5
-73562.5
-73562.5
-73562.5
-73562.5
-73562.5
-73562.5
-73562.5
-73562.5
-73562.5
-73562.5
-73562.5
-73562.5
-73562.5
-73562.5
-73562.5
-73562.5
-73562.5
-73562.5
-73562.5
-73562.5
-73562.5
-73562.5
-73562.5
-73562.5
-73164.8
-73164.8
-73164.8
-73164.8
-73164.8
-73164.8
-73164.8
-73164.8
-73164.8
-73164.8
-73164.8
-73164.8
-73164.8
-73164.8
-73164.8
-73164.8
-73164.8
-73164.8
-73164.8
-73164.8
-73164.8
-73164.8
-73164.8
-73164.8
-73164.8
-73164.8
-73164.8
-73164.8
-73164.8
-73164.8
-73164.8
-73164.8
-73164.8
-72767.2
-72767.2
-73164.8
-72767.2
-72767.2
-73164.8
-73164.8
-72767.2
-72767.2
-72767.2
-72767.2
-72767.2
-72767.2
-72767.2
-72767.2
-72767.2
-72767.2
-72767.2
-72767.2
-72767.2
-72767.2
-72767.2
-72767.2
-72767.2
-72767.2
-72767.2
-72767.2
-72767.2
-72767.2
-72767.2
-72767.2
-72767.2
-72767.2
-72767.2
-72767.2
-72767.2
-72767.2
-72767.2
-72767.2
-72767.2
-72767.2
-72767.2
-72767.2
-72369.6
-72369.6
-72767.2
-72767.2
-72369.6
-72369.6
-72369.6
-72369.6
-72369.6
-72369.6
-72369.6
-72369.6
-72369.6
-72369.6
-72369.6
-72369.6
-72369.6
-72369.6
-72369.6
-72369.6
-72369.6
-72369.6
-72369.6
-72369.6
-72369.6
-72369.6
-72369.6
-72369.6
-72369.6
-72369.6
-72369.6
-72369.6
-72369.6
-72369.6
-72369.6
-72369.6
-72369.6
-71971.9
-71971.9
-72369.6
-71971.9
-71971.9
-72369.6
-71971.9
-71971.9
-71971.9
-71971.9
-71971.9
-71971.9
-72369.6
-71971.9
-71971.9
-71971.9
-71971.9
-71971.9
-71971.9
-71971.9
-71971.9
-71971.9
-71971.9
-71971.9
-71971.9
-71971.9
-71971.9
-71971.9
-71971.9
-71971.9
-71971.9
-71971.9
-71971.9
-71971.9
-71971.9
-71971.9
-71971.9
-71971.9
-71971.9
-71971.9
-71971.9
-71574.3
-71574.3
-71574.3
-71574.3
-71574.3
-71574.3
-71574.3
-71574.3
-71574.3
-71574.3
-71574.3
-71574.3
-71574.3
-71574.3
-71574.3
-71574.3
-71574.3
-71574.3
-71574.3
-71574.3
-71574.3
-71574.3
-71574.3
-71574.3
-71574.3
-71574.3
-71574.3
-71574.3
-71574.3
-71574.3
-71574.3
-71574.3
-71574.3
-71574.3
-71574.3
-71574.3
-71574.3
-71574.3
-71574.3
-71574.3
-71176.7
-71176.7
-71176.7
-71176.7
-71176.7
-71176.7
-71176.7
-71176.7
-71176.7
-71176.7
-71176.7
-71176.7
-71176.7
-71176.7
-71176.7
-71176.7
-71176.7
-71176.7
-71176.7
-71176.7
-71176.7
-71176.7
-71176.7
-71176.7
-71176.7
-71176.7
-71176.7
-71176.7
-71176.7
-71176.7
-71176.7
-71176.7
-71176.7
-71176.7
-71176.7
-71176.7
-71176.7
-71176.7
-70779.0
-70779.0
-70779.0
-71176.7
-70779.0
-70779.0
-70779.0
-70779.0
-70779.0
-70779.0
-70779.0
-70779.0
-70779.0
-70779.0
-70779.0
-70779.0
-70779.0
-70779.0
-70779.0
-70779.0
-70779.0
-70779.0
-70779.0
-70779.0
-70779.0
-70779.0
-70779.0
-70779.0
-70779.0
-70779.0
-70779.0
-70779.0
-70779.0
-70779.0
-70779.0
-70779.0
-70779.0
-70779.0
-70779.0
-70779.0
-70381.4
-70381.4
-70381.4
-70779.0
-70381.4
-70381.4
-70381.4
-70381.4
-70381.4
-70381.4
-70381.4
-70381.4
-70381.4
-70381.4
-70381.4
-70381.4
-70381.4
-70381.4
-70381.4
-70381.4
-70381.4
-70381.4
-70381.4
-70381.4
-70381.4
-70381.4
-70381.4
-70381.4
-69983.8
-70381.4
-70381.4
-70381.4
-70381.4
-70381.4
-70381.4
-69983.8
-69983.8
-69983.8
-69983.8
-69983.8
-69983.8
-69983.8
-69983.8
-69983.8
-69983.8
-69983.8
-69983.8
-69983.8
-69983.8
-69983.8
-69983.8
-69983.8
-69983.8
-69983.8
-69983.8
-69983.8
-69983.8
-69983.8
-69983.8
-69983.8
-69983.8
-69983.8
-69983.8
-69983.8
-69983.8
-69983.8
-69983.8
-69983.8
-69983.8
-69983.8
-69983.8
-69983.8
-69983.8
-69983.8
-69983.8
-69586.1
-69586.1
-69586.1
-69586.1
-69586.1
-69586.1
-69586.1
-69586.1
-69586.1
-69586.1
-69586.1
-69586.1
-69586.1
-69586.1
-69586.1
-69586.1
-69586.1
-69586.1
-69586.1
-69586.1
-69586.1
-69586.1
-69586.1
-69586.1
-69586.1
-69586.1
-69586.1
-69586.1
-69586.1
-69586.1
-69586.1
-69586.1
-69586.1
-69586.1
-69586.1
-69586.1
-69586.1
-69586.1
-69586.1
-69586.1
-69188.5
-69188.5
-69188.5
-69188.5
-69188.5
-69188.5
-69188.5
-69188.5
-69188.5
-69188.5
-69188.5
-69188.5
-69188.5
-69188.5
-69188.5
-69188.5
-69188.5
-69188.5
-69188.5
-69188.5
-69188.5
-69188.5
-69188.5
-69188.5
-69188.5
-69188.5
-69188.5
-69188.5
-69188.5
-69188.5
-69188.5
-69188.5
-69188.5
-69188.5
-69188.5
-69188.5
-69188.5
-69188.5
-69188.5
-69188.5
-68790.9
-68790.9
-68790.9
-68790.9
-68790.9
-68790.9
-68790.9
-68790.9
-68790.9
-68790.9
-68790.9
-68790.9
-68790.9
-68790.9
-68790.9
-68790.9
-68790.9
-68790.9
-68790.9
-68790.9
-68790.9
-68790.9
-68790.9
-68790.9
-68790.9
-68790.9
-68790.9
-68790.9
-68790.9
-68790.9
-68790.9
-68790.9
-68790.9
-68790.9
-68790.9
-68790.9
-68790.9
-68790.9
-68790.9
-68790.9
-68393.2
-68393.2
-68393.2
-68393.2
-68790.9
-68790.9
-68393.2
-68393.2
-68393.2
-68393.2
-68393.2
-68393.2
-68393.2
-68393.2
-68393.2
-68393.2
-68393.2
-68393.2
-68393.2
-68393.2
-68393.2
-68393.2
-68393.2
-68393.2
-68393.2
-68393.2
-68393.2
-68393.2
-68393.2
-68393.2
-68393.2
-68393.2
-68393.2
-68393.2
-68393.2
-68393.2
-68393.2
-68393.2
-68393.2
-68393.2
-68393.2
-68393.2
-68393.2
-67995.6
-68393.2
-68393.2
-67995.6
-67995.6
-68393.2
-67995.6
-67995.6
-67995.6
-67995.6
-67995.6
-67995.6
-67995.6
-67995.6
-67995.6
-67995.6
-67995.6
-67995.6
-67995.6
-67995.6
-67995.6
-67995.6
-67995.6
-67995.6
-67995.6
-67995.6
-67995.6
-67995.6
-67995.6
-67995.6
-67995.6
-67995.6
-67995.6
-67995.6
-67995.6
-67995.6
-67995.6
-67995.6
-67995.6
-67995.6
-67995.6
-67995.6
-67995.6
-67598.0
-67598.0
-67598.0
-67598.0
-67598.0
-67598.0
-67598.0
-67598.0
-67598.0
-67598.0
-67598.0
-67598.0
-67598.0
-67598.0
-67598.0
-67598.0
-67598.0
-67598.0
-67598.0
-67598.0
-67598.0
-67598.0
-67598.0
-67598.0
-67598.0
-67598.0
-67598.0
-67598.0
-67598.0
-67598.0
-67598.0
-67598.0
-67598.0
-67598.0
-67598.0
-67598.0
-67598.0
-67598.0
-67598.0
-67598.0
-67598.0
-67598.0
-67200.3
-67200.3
-67200.3
-67200.3
-67200.3
-67200.3
-67200.3
-67200.3
-67200.3
-67200.3
-67200.3
-67200.3
-67200.3
-67200.3
-67200.3
-67200.3
-67200.3
-67200.3
-67200.3
-67200.3
-67200.3
-67200.3
-67200.3
-67200.3
-67200.3
-67200.3
-67200.3
-67200.3
-67200.3
-67200.3
-67200.3
-67200.3
-67200.3
-67200.3
-67200.3
-67200.3
-67200.3
-67200.3
-67200.3
-67200.3
-67200.3
-67200.3
-67200.3
-67200.3
-67200.3
-67200.3
-66802.7
-66802.7
-67200.3
-66802.7
-66802.7
-66802.7
-66802.7
-66802.7
-66802.7
-66802.7
-66802.7
-66802.7
-66802.7
-66802.7
-66802.7
-66802.7
-66802.7
-66802.7
-66802.7
-66802.7
-66802.7
-66802.7
-66802.7
-66802.7
-66802.7
-66802.7
-66802.7
-66802.7
-66802.7
-66802.7
-66802.7
-66802.7
-66802.7
-66802.7
-66802.7
-66802.7
-66802.7
-66802.7
-66405.1
-66405.1
-66405.1
-66802.7
-66405.1
-66405.1
-66405.1
-66405.1
-66405.1
-66405.1
-66405.1
-66405.1
-66405.1
-66405.1
-66405.1
-66405.1
-66405.1
-66405.1
-66405.1
-66405.1
-66405.1
-66405.1
-66405.1
-66405.1
-66405.1
-66405.1
-66405.1
-66405.1
-66405.1
-66405.1
-66405.1
-66405.1
-66405.1
-66405.1
-66405.1
-66405.1
-66405.1
-66405.1
-66405.1
-66405.1
-66405.1
-66405.1
-66405.1
-66007.4
-66007.4
-66007.4
-66405.1
-66007.4
-66007.4
-66007.4
-66007.4
-66007.4
-66007.4
-66007.4
-66007.4
-66007.4
-66007.4
-66007.4
-66007.4
-66007.4
-66007.4
-66007.4
-66007.4
-66007.4
-66007.4
-66007.4
-66007.4
-66007.4
-66007.4
-66007.4
-66007.4
-66007.4
-66007.4
-66007.4
-66007.4
-66007.4
-66007.4
-66007.4
-66007.4
-66007.4
-66007.4
-66007.4
-66007.4
-66007.4
-66007.4
-66007.4
-66007.4
-65609.8
-65609.8
-65609.8
-65609.8
-65609.8
-65609.8
-65609.8
-65609.8
-65609.8
-65609.8
-65609.8
-65609.8
-65609.8
-65609.8
-65609.8
-65609.8
-65609.8
-65609.8
-65609.8
-65609.8
-65609.8
-65609.8
-65609.8
-65609.8
-65609.8
-65609.8
-65609.8
-65609.8
-65609.8
-65609.8
-65609.8
-65609.8
-65609.8
-65609.8
-65609.8
-65609.8
-65609.8
-65609.8
-65609.8
-65609.8
-65609.8
-65609.8
-65609.8
-65609.8
-65609.8
-65609.8
-65212.1
-65212.1
-65212.1
-65609.8
-65212.1
-65212.1
-65212.1
-65212.1
-65212.1
-65212.1
-65212.1
-65212.1
-65212.1
-65212.1
-65212.1
-65212.1
-65212.1
-65212.1
-65212.1
-65212.1
-65212.1
-65212.1
-65212.1
-65212.1
-65212.1
-65212.1
-65212.1
-65212.1
-65212.1
-65212.1
-65212.1
-65212.1
-65212.1
-65212.1
-65212.1
-64814.5
-64814.5
-64814.5
-64814.5
-64814.5
-64814.5
-64814.5
-64814.5
-64814.5
-64814.5
-64814.5
-64814.5
-64814.5
-64814.5
-64814.5
-64814.5
-64814.5
-64814.5
-64814.5
-64814.5
-64814.5
-64814.5
-64814.5
-64814.5
-64814.5
-64814.5
-64814.5
-64814.5
-64814.5
-64814.5
-64814.5
-64814.5
-64814.5
-64814.5
-64814.5
-64814.5
-64814.5
-64814.5
-64814.5
-64814.5
-64814.5
-64814.5
-64814.5
-64416.9
-64814.5
-64814.5
-64814.5
-64416.9
-64416.9
-64416.9
-64416.9
-64416.9
-64416.9
-64416.9
-64416.9
-64416.9
-64416.9
-64416.9
-64416.9
-64416.9
-64416.9
-64416.9
-64416.9
-64416.9
-64416.9
-64416.9
-64416.9
-64416.9
-64416.9
-64416.9
-64416.9
-64416.9
-64416.9
-64416.9
-64416.9
-64416.9
-64416.9
-64416.9
-64416.9
-64416.9
-64019.2
-64416.9
-64416.9
-64019.2
-64416.9
-64416.9
-64019.2
-64019.2
-64019.2
-64019.2
-64019.2
-64019.2
-64019.2
-64019.2
-64019.2
-64019.2
-64019.2
-64019.2
-64019.2
-64019.2
-64019.2
-64019.2
-64019.2
-64019.2
-64019.2
-64019.2
-64019.2
-64019.2
-64019.2
-64019.2
-64019.2
-64019.2
-64019.2
-64019.2
-64019.2
-64019.2
-64019.2
-64019.2
-64019.2
-64019.2
-64019.2
-64019.2
-64019.2
-64019.2
-64019.2
-64019.2
-63621.6
-64019.2
-64019.2
-64019.2
-63621.6
-64019.2
-64019.2
-63621.6
-63621.6
-63621.6
-63621.6
-63621.6
-63621.6
-63621.6
-63621.6
-63621.6
-63621.6
-63621.6
-63621.6
-63621.6
-63621.6
-63621.6
-63621.6
-63621.6
-63621.6
-63621.6
-63621.6
-63621.6
-63621.6
-63621.6
-63621.6
-63621.6
-63621.6
-63621.6
-63621.6
-63621.6
-63621.6
-63621.6
-63621.6
-63621.6
-63621.6
-63621.6
-63621.6
-63621.6
-63621.6
-63621.6
-63621.6
-63224.0
-63621.6
-63621.6
-63224.0
-63224.0
-63224.0
-63224.0
-63224.0
-63224.0
-63224.0
-63224.0
-63224.0
-63224.0
-63224.0
-63224.0
-63224.0
-63224.0
-63224.0
-63224.0
-63224.0
-63224.0
-63224.0
-63224.0
-63224.0
-63224.0
-63224.0
-63224.0
-63224.0
-63224.0
-63224.0
-63224.0
-63224.0
-63224.0
-63224.0
-63224.0
-63224.0
-63224.0
-63224.0
-63224.0
-63224.0
-63224.0
-63224.0
-63224.0
-63224.0
-63224.0
-63224.0
-62826.3
-62826.3
-62826.3
-62826.3
-62826.3
-62826.3
-62826.3
-62826.3
-62826.3
-62826.3
-62826.3
-62826.3
-62826.3
-62826.3
-62826.3
-62826.3
-62826.3
-62826.3
-62826.3
-62826.3
-62826.3
-62826.3
-62826.3
-62826.3
-62826.3
-62826.3
-62826.3
-62826.3
-62826.3
-62826.3
-62826.3
-62826.3
-62826.3
-62826.3
-62826.3
-62826.3
-62826.3
-62826.3
-62826.3
-62826.3
-62826.3
-62826.3
-62826.3
-62826.3
-62826.3
-62428.7
-62428.7
-62826.3
-62826.3
-62428.7
-62826.3
-62826.3
-62428.7
-62428.7
-62428.7
-62428.7
-62428.7
-62428.7
-62428.7
-62428.7
-62428.7
-62428.7
-62428.7
-62428.7
-62428.7
-62428.7
-62428.7
-62428.7
-62428.7
-62428.7
-62428.7
-62428.7
-62428.7
-62428.7
-62428.7
-62428.7
-62428.7
-62428.7
-62428.7
-62428.7
-62428.7
-62428.7
-62428.7
-62428.7
-62428.7
-62428.7
-62428.7
-62428.7
-62428.7
-62428.7
-62031.1
-62031.1
-62428.7
-62031.1
-62031.1
-62031.1
-62031.1
-62031.1
-62031.1
-62428.7
-62031.1
-62031.1
-62031.1
-62031.1
-62031.1
-62031.1
-62031.1
-62031.1
-62031.1
-62031.1
-62031.1
-62031.1
-62031.1
-62031.1
-62031.1
-62031.1
-62031.1
-62031.1
-62031.1
-62031.1
-62031.1
-62031.1
-62031.1
-62031.1
-62031.1
-62031.1
-62031.1
-62031.1
-62031.1
-62031.1
-62031.1
-62031.1
-62031.1
-61633.4
-61633.4
-61633.4
-62031.1
-61633.4
-61633.4
-62031.1
-61633.4
-61633.4
-62031.1
-61633.4
-61633.4
-61633.4
-62031.1
-61633.4
-61633.4
-61633.4
-61633.4
-61633.4
-61633.4
-61633.4
-61633.4
-61633.4
-61633.4
-61633.4
-61633.4
-61633.4
-61633.4
-61633.4
-61633.4
-61633.4
-61633.4
-61633.4
-61633.4
-61633.4
-61633.4
-61633.4
-61633.4
-61633.4
-61633.4
-61633.4
-61633.4
-61633.4
-61633.4
-61633.4
-61633.4
-61633.4
-61235.8
-61235.8
-61633.4
-61235.8
-61235.8
-61235.8
-61633.4
-61235.8
-61235.8
-61235.8
-61235.8
-61235.8
-61235.8
-61235.8
-61235.8
-61235.8
-61235.8
-61235.8
-61235.8
-61235.8
-61235.8
-61235.8
-61235.8
-61235.8
-61235.8
-61235.8
-61235.8
-61235.8
-61235.8
-61235.8
-61235.8
-61235.8
-61235.8
-61235.8
-61235.8
-61235.8
-61235.8
-61235.8
-61235.8
-61235.8
-61235.8
-61235.8
-61235.8
-61235.8
-61235.8
-61235.8
-61235.8
-61235.8
-61235.8
-61235.8
-60838.2
-60838.2
-60838.2
-60838.2
-60838.2
-60838.2
-60838.2
-60838.2
-60838.2
-61235.8
-60838.2
-60838.2
-60838.2
-60838.2
-60838.2
-60838.2
-60838.2
-60838.2
-60838.2
-60838.2
-60838.2
-60838.2
-60838.2
-60838.2
-60838.2
-60838.2
-60838.2
-60838.2
-60838.2
-60838.2
-60838.2
-60838.2
-60838.2
-60838.2
-60838.2
-60838.2
-60838.2
-60838.2
-60838.2
-60838.2
-60838.2
-60838.2
-60838.2
-60838.2
-60838.2
-60838.2
-60838.2
-60838.2
-60838.2
-60838.2
-60440.5
-60440.5
-60440.5
-60440.5
-60440.5
-60440.5
-60440.5
-60440.5
-60440.5
-60440.5
-60440.5
-60440.5
-60440.5
-60440.5
-60440.5
-60440.5
-60440.5
-60440.5
-60440.5
-60440.5
-60440.5
-60440.5
-60440.5
-60440.5
-60440.5
-60440.5
-60440.5
-60440.5
-60440.5
-60440.5
-60440.5
-60440.5
-60440.5
-60440.5
-60042.9
-60042.9
-60042.9
-60042.9
-60042.9
-60042.9
-60042.9
-60042.9
-60042.9
-60042.9
-60042.9
-60042.9
-60042.9
-60042.9
-60042.9
-60042.9
-60042.9
-60042.9
-60042.9
-60042.9
-60042.9
-60042.9
-60042.9
-60042.9
-60042.9
-60042.9
-60042.9
-60042.9
-60042.9
-60042.9
-60042.9
-60042.9
-60042.9
-60042.9
-60042.9
-60042.9
-60042.9
-60042.9
-60042.9
-60042.9
-59645.3
-60042.9
-60042.9
-60042.9
-60042.9
-60042.9
-60042.9
-60042.9
-60042.9
-60042.9
-59645.3
-59645.3
-59645.3
-59645.3
-59645.3
-59645.3
-59645.3
-59645.3
-59645.3
-59645.3
-59645.3
-59645.3
-59645.3
-59645.3
-59645.3
-59645.3
-59645.3
-59645.3
-59645.3
-59645.3
-59645.3
-59645.3
-59645.3
-59645.3
-59645.3
-59645.3
-59645.3
-59645.3
-59645.3
-59645.3
-59645.3
-59645.3
-59645.3
-59645.3
-59645.3
-59645.3
-59645.3
-59645.3
-59645.3
-59645.3
-59645.3
-59645.3
-59645.3
-59645.3
-59645.3
-59645.3
-59645.3
-59247.6
-59247.6
-59247.6
-59247.6
-59247.6
-59247.6
-59247.6
-59247.6
-59247.6
-59247.6
-59247.6
-59247.6
-59247.6
-59247.6
-59247.6
-59247.6
-59247.6
-59247.6
-59247.6
-59247.6
-59247.6
-59247.6
-59247.6
-59247.6
-59247.6
-59247.6
-59247.6
-59247.6
-59247.6
-59247.6
-59247.6
-59247.6
-59247.6
-59247.6
-59247.6
-59247.6
-59247.6
-58850.0
-58850.0
-59247.6
-59247.6
-59247.6
-59247.6
-59247.6
-59247.6
-58850.0
-58850.0
-58850.0
-58850.0
-58850.0
-58850.0
-58850.0
-58850.0
-58850.0
-58850.0
-58850.0
-58850.0
-58850.0
-58850.0
-58850.0
-58850.0
-58850.0
-58850.0
-58850.0
-58850.0
-58850.0
-58850.0
-58850.0
-58850.0
-58850.0
-58850.0
-58850.0
-58850.0
-58850.0
-58850.0
-58850.0
-58850.0
-58850.0
-58850.0
-58850.0
-58850.0
-58850.0
-58850.0
-58850.0
-58850.0
-58850.0
-58850.0
-58850.0
-58850.0
-58850.0
-58850.0
-58850.0
-58850.0
-58850.0
-58850.0
-58850.0
-58452.4
-58452.4
-58452.4
-58452.4
-58452.4
-58452.4
-58452.4
-58452.4
-58452.4
-58452.4
-58452.4
-58452.4
-58452.4
-58452.4
-58452.4
-58452.4
-58452.4
-58452.4
-58452.4
-58452.4
-58452.4
-58452.4
-58452.4
-58452.4
-58452.4
-58452.4
-58452.4
-58452.4
-58452.4
-58452.4
-58452.4
-58452.4
-58452.4
-58452.4
-58452.4
-58452.4
-58452.4
-58452.4
-58452.4
-58452.4
-58452.4
-58452.4
-58452.4
-58452.4
-58452.4
-58452.4
-58452.4
-58452.4
-58452.4
-58452.4
-58054.7
-58054.7
-58054.7
-58054.7
-58054.7
-58054.7
-58054.7
-58054.7
-58054.7
-58054.7
-58054.7
-58054.7
-58054.7
-58054.7
-58054.7
-58054.7
-58054.7
-58054.7
-58054.7
-58054.7
-58054.7
-58054.7
-58054.7
-58054.7
-58054.7
-58054.7
-58054.7
-58054.7
-58054.7
-58054.7
-58054.7
-58054.7
-58054.7
-58054.7
-58054.7
-58054.7
-58054.7
-58054.7
-58054.7
-58054.7
-58054.7
-58054.7
-58054.7
-58054.7
-58054.7
-58054.7
-58054.7
-57657.1
-58054.7
-58054.7
-57657.1
-57657.1
-57657.1
-57657.1
-57657.1
-57657.1
-57657.1
-57657.1
-57657.1
-57657.1
-57657.1
-57657.1
-57657.1
-57657.1
-57657.1
-57657.1
-57657.1
-57657.1
-57657.1
-57657.1
-57657.1
-57657.1
-57657.1
-57657.1
-57657.1
-57657.1
-57657.1
-57657.1
-57657.1
-57657.1
-57657.1
-57657.1
-57657.1
-57657.1
-57657.1
-57657.1
-57657.1
-57657.1
-57657.1
-57657.1
-57657.1
-57657.1
-57657.1
-57657.1
-57657.1
-57657.1
-57657.1
-57259.4
-57259.4
-57259.4
-57259.4
-57259.4
-57657.1
-57259.4
-57259.4
-57259.4
-57259.4
-57259.4
-57259.4
-57259.4
-57259.4
-57259.4
-57259.4
-57259.4
-57259.4
-57259.4
-57259.4
-57259.4
-57259.4
-57259.4
-57259.4
-57259.4
-57259.4
-57259.4
-57259.4
-57259.4
-57259.4
-57259.4
-57259.4
-57259.4
-57259.4
-57259.4
-57259.4
-57259.4
-57259.4
-57259.4
-57259.4
-57259.4
-57259.4
-57259.4
-57259.4
-57259.4
-57259.4
-56861.8
-56861.8
-57259.4
-56861.8
-56861.8
-56861.8
-57259.4
-56861.8
-56861.8
-57259.4
-56861.8
-56861.8
-56861.8
-56861.8
-56861.8
-56861.8
-56861.8
-56861.8
-56861.8
-56861.8
-56861.8
-56861.8
-56861.8
-56861.8
-56861.8
-56861.8
-56861.8
-56861.8
-56861.8
-56861.8
-56861.8
-56861.8
-56861.8
-56861.8
-56861.8
-56861.8
-56861.8
-56861.8
-56861.8
-56861.8
-56861.8
-56861.8
-56861.8
-56861.8
-56861.8
-56861.8
-56861.8
-56861.8
-56861.8
-56861.8
-56861.8
-56861.8
-56861.8
-56464.2
-56464.2
-56464.2
-56861.8
-56861.8
-56861.8
-56861.8
-56464.2
-56464.2
-56861.8
-56464.2
-56464.2
-56464.2
-56464.2
-56464.2
-56464.2
-56464.2
-56464.2
-56464.2
-56464.2
-56464.2
-56464.2
-56464.2
-56464.2
-56464.2
-56464.2
-56464.2
-56464.2
-56464.2
-56464.2
-56464.2
-56464.2
-56464.2
-56464.2
-56464.2
-56464.2
-56464.2
-56464.2
-56464.2
-56464.2
-56464.2
-56464.2
-56464.2
-56464.2
-56464.2
-56464.2
-56464.2
-56464.2
-56464.2
-56464.2
-56464.2
-56464.2
-56464.2
-56464.2
-56066.5
-56066.5
-56464.2
-56066.5
-56066.5
-56066.5
-56066.5
-56066.5
-56066.5
-56066.5
-56066.5
-56066.5
-56066.5
-56066.5
-56066.5
-56066.5
-56066.5
-56066.5
-56066.5
-56066.5
-56066.5
-56066.5
-56066.5
-56066.5
-56066.5
-56066.5
-56066.5
-56066.5
-56066.5
-56066.5
-56066.5
-56066.5
-56066.5
-56066.5
-56066.5
-56066.5
-56066.5
-56066.5
-56066.5
-56066.5
-56066.5
-56066.5
-56066.5
-56066.5
-56066.5
-56066.5
-56066.5
-56066.5
-56066.5
-56066.5
-56066.5
-56066.5
-56066.5
-56066.5
-55668.9
-55668.9
-55668.9
-55668.9
-55668.9
-55668.9
-55668.9
-55668.9
-55668.9
-55668.9
-55668.9
-55668.9
-55668.9
-55668.9
-55668.9
-55668.9
-55668.9
-55668.9
-55668.9
-55668.9
-55668.9
-55668.9
-55668.9
-55668.9
-55668.9
-55668.9
-55668.9
-55668.9
-55668.9
-55668.9
-55668.9
-55668.9
-55668.9
-55668.9
-55668.9
-55668.9
-55668.9
-55668.9
-55668.9
-55668.9
-55668.9
-55668.9
-55668.9
-55668.9
-55668.9
-55271.3
-55271.3
-55271.3
-55668.9
-55271.3
-55271.3
-55271.3
-55271.3
-55271.3
-55271.3
-55271.3
-55271.3
-55271.3
-55668.9
-55271.3
-55271.3
-55271.3
-55271.3
-55271.3
-55271.3
-55271.3
-55271.3
-55271.3
-55271.3
-55271.3
-55271.3
-55271.3
-55271.3
-55271.3
-55271.3
-55271.3
-55271.3
-55271.3
-55271.3
-55271.3
-55271.3
-55271.3
-55271.3
-54873.6
-55271.3
-55271.3
-55271.3
-55271.3
-55271.3
-55271.3
-55271.3
-55271.3
-55271.3
-54873.6
-54873.6
-54873.6
-54873.6
-54873.6
-54873.6
-54873.6
-54873.6
-54873.6
-54873.6
-54873.6
-54873.6
-54873.6
-54873.6
-54873.6
-54873.6
-54873.6
-54873.6
-54873.6
-54873.6
-54873.6
-54873.6
-54873.6
-54873.6
-54873.6
-54873.6
-54873.6
-54873.6
-54873.6
-54873.6
-54476.0
-54873.6
-54873.6
-54873.6
-54873.6
-54873.6
-54873.6
-54873.6
-54873.6
-54873.6
-54476.0
-54873.6
-54873.6
-54873.6
-54873.6
-54873.6
-54873.6
-54873.6
-54873.6
-54873.6
-54476.0
-54873.6
-54873.6
-54873.6
-54873.6
-54873.6
-54873.6
-54873.6
-54873.6
-54873.6
-54476.0
-54476.0
-54476.0
-54476.0
-54476.0
-54476.0
-54476.0
-54476.0
-54476.0
-54476.0
-54476.0
-54476.0
-54476.0
-54476.0
-54476.0
-54476.0
-54476.0
-54476.0
-54476.0
-54476.0
-54476.0
-54476.0
-54476.0
-54476.0
-54476.0
-54476.0
-54476.0
-54476.0
-54476.0
-54476.0
-54476.0
-54476.0
-54078.4
-54078.4
-54078.4
-54078.4
-54078.4
-54078.4
-54078.4
-54078.4
-54078.4
-54078.4
-54078.4
-54078.4
-54078.4
-54078.4
-54078.4
-54078.4
-54078.4
-54078.4
-54078.4
-54078.4
-54078.4
-54078.4
-54078.4
-54078.4
-54078.4
-54078.4
-54078.4
-54078.4
-54078.4
-54078.4
-54078.4
-54078.4
-54078.4
-54078.4
-54078.4
-54078.4
-54078.4
-54078.4
-54078.4
-54078.4
-54078.4
-54078.4
-54078.4
-54078.4
-54078.4
-54078.4
-54078.4
-54078.4
-54078.4
-54078.4
-54078.4
-54078.4
-54078.4
-53680.7
-54078.4
-54078.4
-53680.7
-53680.7
-53680.7
-53680.7
-53680.7
-53680.7
-53680.7
-53680.7
-53680.7
-53680.7
-53680.7
-53680.7
-53680.7
-53680.7
-53680.7
-53680.7
-53680.7
-53680.7
-53680.7
-53680.7
-53680.7
-53680.7
-53680.7
-53680.7
-53680.7
-53680.7
-53680.7
-53680.7
-53680.7
-53680.7
-53680.7
-53680.7
-53680.7
-53680.7
-53680.7
-53680.7
-53680.7
-53680.7
-53680.7
-53680.7
-53680.7
-53680.7
-53680.7
-53680.7
-53680.7
-53680.7
-53680.7
-53680.7
-53680.7
-53283.1
-53680.7
-53680.7
-53283.1
-53283.1
-53283.1
-53283.1
-53283.1
-53283.1
-53283.1
-53283.1
-53283.1
-53283.1
-53283.1
-53283.1
-53283.1
-53283.1
-53283.1
-53283.1
-53283.1
-53283.1
-53283.1
-53283.1
-53283.1
-53283.1
-53283.1
-53283.1
-53283.1
-53283.1
-53283.1
-53283.1
-53283.1
-53283.1
-53283.1
-53283.1
-53283.1
-53283.1
-53283.1
-53283.1
-53283.1
-53283.1
-53283.1
-53283.1
-53283.1
-53283.1
-53283.1
-53283.1
-53283.1
-53283.1
-53283.1
-53283.1
-53283.1
-53283.1
-52885.5
-53283.1
-53283.1
-52885.5
-52885.5
-53283.1
-52885.5
-52885.5
-53283.1
-53283.1
-52885.5
-53283.1
-53283.1
-52885.5
-52885.5
-52885.5
-52885.5
-52885.5
-52885.5
-52885.5
-52885.5
-52885.5
-52885.5
-52885.5
-52885.5
-52885.5
-52885.5
-52885.5
-52885.5
-52885.5
-52885.5
-52885.5
-52885.5
-52885.5
-52885.5
-52885.5
-52885.5
-52885.5
-52885.5
-52885.5
-52885.5
-52885.5
-52885.5
-52885.5
-52885.5
-52885.5
-52885.5
-52885.5
-52885.5
-52885.5
-52487.8
-52885.5
-52885.5
-52487.8
-52487.8
-52885.5
-52487.8
-52487.8
-52885.5
-52885.5
-52487.8
-52885.5
-52885.5
-52487.8
-52487.8
-52487.8
-52487.8
-52487.8
-52487.8
-52487.8
-52487.8
-52487.8
-52487.8
-52487.8
-52487.8
-52487.8
-52487.8
-52487.8
-52487.8
-52487.8
-52487.8
-52487.8
-52487.8
-52487.8
-52487.8
-52487.8
-52487.8
-52487.8
-52487.8
-52487.8
-52487.8
-52487.8
-52487.8
-52487.8
-52487.8
-52487.8
-52487.8
-52487.8
-52487.8
-52487.8
-52487.8
-52487.8
-52487.8
-52487.8
-52487.8
-52487.8
-52487.8
-52487.8
-52487.8
-52487.8
-52487.8
-52487.8
-52487.8
-52090.2
-52090.2
-52487.8
-52090.2
-52090.2
-52487.8
-52487.8
-52090.2
-52090.2
-52090.2
-52090.2
-52090.2
-52090.2
-52090.2
-52090.2
-52090.2
-52090.2
-52090.2
-52090.2
-52090.2
-52090.2
-52090.2
-52090.2
-52090.2
-52090.2
-52090.2
-52090.2
-52090.2
-52090.2
-52090.2
-52090.2
-52090.2
-52090.2
-52090.2
-52090.2
-52090.2
-52090.2
-52090.2
-52090.2
-52090.2
-52090.2
-52090.2
-52090.2
-52090.2
-52090.2
-52090.2
-52090.2
-52090.2
-52090.2
-52090.2
-52090.2
-52090.2
-52090.2
-52090.2
-52090.2
-52090.2
-51692.6
-51692.6
-51692.6
-51692.6
-51692.6
-51692.6
-52090.2
-51692.6
-51692.6
-51692.6
-51692.6
-51692.6
-51692.6
-51692.6
-51692.6
-51692.6
-51692.6
-51692.6
-51692.6
-51692.6
-51692.6
-51692.6
-51692.6
-51692.6
-51692.6
-51692.6
-51692.6
-51692.6
-51692.6
-51692.6
-51692.6
-51692.6
-51692.6
-51692.6
-51692.6
-51692.6
-51692.6
-51692.6
-51692.6
-51692.6
-51692.6
-51692.6
-51692.6
-51692.6
-51692.6
-51692.6
-51692.6
-51692.6
-51692.6
-51692.6
-51692.6
-51692.6
-51692.6
-51692.6
-51294.9
-51294.9
-51692.6
-51294.9
-51294.9
-51692.6
-51294.9
-51294.9
-51294.9
-51294.9
-51294.9
-51294.9
-51294.9
-51294.9
-51294.9
-51294.9
-51294.9
-51294.9
-51294.9
-51294.9
-51294.9
-51294.9
-51294.9
-51294.9
-51294.9
-51294.9
-51294.9
-51294.9
-51294.9
-51294.9
-51294.9
-51294.9
-51294.9
-51294.9
-51294.9
-51294.9
-51294.9
-51294.9
-51294.9
-51294.9
-51294.9
-51294.9
-51294.9
-51294.9
-51294.9
-51294.9
-51294.9
-51294.9
-51294.9
-51294.9
-51294.9
-51294.9
-51294.9
-50897.3
-50897.3
-50897.3
-50897.3
-50897.3
-50897.3
-50897.3
-50897.3
-50897.3
-50897.3
-50897.3
-50897.3
-50897.3
-50897.3
-50897.3
-50897.3
-50897.3
-50897.3
-50897.3
-50897.3
-50897.3
-50897.3
-50897.3
-50897.3
-50897.3
-50897.3
-50897.3
-50897.3
-50897.3
-50897.3
-50897.3
-50897.3
-50897.3
-50897.3
-50897.3
-50897.3
-50897.3
-50897.3
-50897.3
-50897.3
-50897.3
-50897.3
-50897.3
-50897.3
-50897.3
-50897.3
-50897.3
-50897.3
-50897.3
-50897.3
-50897.3
-50897.3
-50897.3
-50897.3
-50897.3
-50897.3
-50499.7
-50499.7
-50499.7
-50897.3
-50499.7
-50499.7
-50499.7
-50499.7
-50499.7
-50499.7
-50499.7
-50499.7
-50499.7
-50499.7
-50499.7
-50499.7
-50499.7
-50499.7
-50499.7
-50499.7
-50499.7
-50499.7
-50499.7
-50897.3
-50499.7
-50499.7
-50499.7
-50499.7
-50499.7
-50499.7
-50499.7
-50499.7
-50499.7
-50499.7
-50499.7
-50499.7
-50499.7
-50499.7
-50499.7
-50499.7
-50499.7
-50499.7
-50499.7
-50499.7
-50499.7
-50499.7
-50499.7
-50499.7
-50499.7
-50499.7
-50499.7
-50499.7
-50499.7
-50499.7
-50499.7
-50499.7
-50499.7
-50499.7
-50499.7
-50499.7
-50499.7
-50499.7
-50499.7
-50499.7
-50102.0
-50102.0
-50102.0
-50102.0
-50102.0
-50102.0
-50102.0
-50102.0
-50102.0
-50102.0
-50102.0
-50102.0
-50102.0
-50102.0
-50102.0
-50102.0
-50102.0
-50102.0
-50102.0
-50102.0
-50102.0
-50102.0
-50102.0
-50102.0
-50102.0
-50102.0
-50102.0
-50102.0
-50102.0
-50102.0
-50102.0
-50102.0
-50102.0
-50102.0
-50102.0
-50102.0
-50102.0
-50102.0
-50102.0
-50102.0
-50102.0
-50102.0
-50102.0
-49704.4
-49704.4
-49704.4
-49704.4
-49704.4
-49704.4
-49704.4
-49704.4
-49704.4
-49704.4
-49704.4
-49704.4
-49704.4
-49704.4
-49704.4
-49704.4
-49704.4
-49704.4
-49704.4
-49704.4
-49704.4
-49704.4
-49704.4
-49704.4
-49704.4
-49704.4
-49704.4
-49704.4
-49704.4
-49704.4
-49704.4
-49704.4
-49704.4
-49704.4
-49704.4
-49704.4
-49704.4
-49704.4
-49704.4
-49704.4
-49704.4
-49704.4
-49704.4
-49704.4
-49704.4
-49704.4
-49704.4
-49704.4
-49704.4
-49704.4
-49704.4
-49704.4
-49704.4
-49704.4
-49704.4
-49704.4
-49306.7
-49306.7
-49306.7
-49306.7
-49306.7
-49306.7
-49306.7
-49306.7
-49306.7
-49306.7
-49306.7
-49306.7
-49306.7
-49306.7
-49306.7
-49306.7
-49306.7
-49306.7
-49306.7
-49306.7
-49306.7
-49306.7
-49306.7
-49306.7
-49306.7
-49306.7
-49306.7
-49306.7
-49306.7
-49306.7
-49306.7
-49306.7
-49306.7
-49306.7
-49306.7
-49306.7
-49306.7
-49306.7
-49306.7
-49306.7
-49306.7
-49306.7
-49306.7
-49306.7
-49306.7
-49306.7
-49306.7
-49306.7
-49306.7
-49306.7
-49306.7
-49306.7
-49306.7
-49306.7
-49306.7
-48909.1
-49306.7
-49306.7
-48909.1
-49306.7
-49306.7
-49306.7
-48909.1
-48909.1
-48909.1
-48909.1
-48909.1
-48909.1
-48909.1
-48909.1
-48909.1
-48909.1
-48909.1
-48909.1
-48909.1
-48909.1
-48909.1
-48909.1
-48909.1
-48909.1
-48909.1
-48909.1
-48909.1
-48909.1
-48909.1
-48909.1
-48909.1
-48909.1
-48909.1
-48909.1
-48909.1
-48909.1
-48909.1
-48909.1
-48909.1
-48909.1
-48909.1
-48909.1
-48909.1
-48909.1
-48909.1
-48909.1
-48909.1
-48909.1
-48909.1
-48909.1
-48909.1
-48909.1
-48511.5
-48909.1
-48909.1
-48909.1
-48909.1
-48909.1
-48909.1
-48511.5
-48909.1
-48909.1
-48511.5
-48909.1
-48909.1
-48909.1
-48511.5
-48511.5
-48511.5
-48511.5
-48511.5
-48511.5
-48511.5
-48511.5
-48511.5
-48511.5
-48511.5
-48511.5
-48511.5
-48511.5
-48511.5
-48511.5
-48511.5
-48511.5
-48511.5
-48511.5
-48511.5
-48511.5
-48511.5
-48511.5
-48511.5
-48511.5
-48511.5
-48511.5
-48511.5
-48511.5
-48511.5
-48511.5
-48511.5
-48511.5
-48511.5
-48511.5
-48511.5
-48511.5
-48511.5
-48511.5
-48511.5
-48511.5
-48511.5
-48511.5
-48511.5
-48511.5
-48511.5
-48511.5
-48511.5
-48511.5
-48113.8
-48511.5
-48511.5
-48113.8
-48511.5
-48511.5
-48113.8
-48511.5
-48511.5
-48511.5
-48113.8
-48113.8
-48113.8
-48113.8
-48113.8
-48113.8
-48113.8
-48113.8
-48113.8
-48113.8
-48113.8
-48113.8
-48113.8
-48113.8
-48113.8
-48113.8
-48113.8
-48113.8
-48113.8
-48113.8
-48113.8
-48113.8
-48113.8
-48113.8
-48113.8
-48113.8
-48113.8
-48113.8
-48113.8
-48113.8
-48113.8
-48113.8
-48113.8
-48113.8
-48113.8
-48113.8
-48113.8
-48113.8
-48113.8
-48113.8
-48113.8
-48113.8
-48113.8
-48113.8
-48113.8
-48113.8
-48113.8
-48113.8
-48113.8
-48113.8
-48113.8
-48113.8
-48113.8
-47716.2
-48113.8
-48113.8
-47716.2
-47716.2
-48113.8
-47716.2
-47716.2
-47716.2
-47716.2
-47716.2
-47716.2
-47716.2
-47716.2
-47716.2
-47716.2
-47716.2
-47716.2
-47716.2
-47716.2
-47716.2
-47716.2
-47716.2
-47716.2
-47716.2
-47716.2
-47716.2
-47716.2
-47716.2
-47716.2
-47716.2
-47716.2
-47716.2
-47716.2
-47716.2
-47716.2
-47716.2
-47716.2
-47716.2
-47716.2
-47716.2
-47716.2
-47716.2
-47716.2
-47716.2
-47716.2
-47716.2
-47716.2
-47716.2
-47716.2
-47716.2
-47716.2
-47716.2
-47716.2
-47716.2
-47716.2
-47716.2
-47716.2
-47716.2
-47716.2
-47716.2
-47716.2
-47716.2
-47318.6
-47318.6
-47716.2
-47318.6
-47318.6
-47716.2
-47716.2
-47318.6
-47318.6
-47318.6
-47318.6
-47318.6
-47318.6
-47318.6
-47318.6
-47318.6
-47318.6
-47318.6
-47318.6
-47318.6
-47318.6
-47318.6
-47318.6
-47318.6
-47318.6
-47318.6
-47318.6
-47318.6
-47318.6
-47318.6
-47318.6
-47318.6
-47318.6
-47318.6
-47318.6
-47318.6
-47318.6
-47318.6
-47318.6
-47318.6
-47318.6
-47318.6
-47318.6
-47318.6
-47318.6
-47318.6
-47318.6
-47318.6
-47318.6
-47318.6
-47318.6
-47318.6
-47318.6
-47318.6
-47318.6
-47318.6
-47318.6
-47318.6
-47318.6
-47318.6
-47318.6
-47318.6
-47318.6
-46920.9
-46920.9
-47318.6
-47318.6
-46920.9
-46920.9
-46920.9
-46920.9
-46920.9
-46920.9
-46920.9
-46920.9
-46920.9
-46920.9
-46920.9
-46920.9
-46920.9
-46920.9
-46920.9
-46920.9
-46920.9
-46920.9
-46920.9
-46920.9
-46920.9
-46920.9
-46920.9
-46920.9
-46920.9
-46920.9
-46920.9
-46920.9
-46920.9
-46920.9
-46920.9
-46920.9
-46920.9
-46920.9
-46920.9
-46920.9
-46920.9
-46920.9
-46920.9
-46920.9
-46920.9
-46920.9
-46920.9
-46920.9
-46920.9
-46920.9
-46920.9
-46920.9
-46920.9
-46920.9
-46523.3
-46523.3
-46920.9
-46523.3
-46523.3
-46920.9
-46523.3
-46523.3
-46920.9
-46523.3
-46523.3
-46523.3
-46920.9
-46523.3
-46523.3
-46523.3
-46523.3
-46523.3
-46523.3
-46523.3
-46523.3
-46523.3
-46523.3
-46523.3
-46523.3
-46523.3
-46523.3
-46523.3
-46523.3
-46523.3
-46523.3
-46523.3
-46523.3
-46523.3
-46523.3
-46523.3
-46523.3
-46523.3
-46523.3
-46523.3
-46523.3
-46523.3
-46523.3
-46523.3
-46523.3
-46523.3
-46523.3
-46523.3
-46523.3
-46523.3
-46523.3
-46523.3
-46523.3
-46523.3
-46523.3
-46523.3
-46523.3
-46523.3
-46523.3
-46523.3
-46523.3
-46523.3
-46523.3
-46523.3
-46523.3
-46523.3
-46125.7
-46125.7
-46523.3
-46125.7
-46125.7
-46125.7
-46523.3
-46125.7
-46125.7
-46523.3
-46125.7
-46125.7
-46523.3
-46125.7
-46125.7
-46125.7
-46125.7
-46125.7
-46125.7
-46523.3
-46125.7
-46125.7
-46125.7
-46125.7
-46125.7
-46125.7
-46125.7
-46125.7
-46125.7
-46125.7
-46125.7
-46125.7
-46125.7
-46125.7
-46125.7
-46125.7
-46125.7
-46125.7
-46125.7
-46125.7
-46125.7
-46125.7
-46125.7
-46125.7
-46125.7
-46125.7
-46125.7
-46125.7
-46125.7
-46125.7
-46125.7
-46125.7
-46125.7
-46125.7
-46125.7
-46125.7
-46125.7
-46125.7
-46125.7
-46125.7
-46125.7
-45728.0
-45728.0
-45728.0
-46125.7
-45728.0
-45728.0
-45728.0
-45728.0
-45728.0
-45728.0
-45728.0
-45728.0
-45728.0
-45728.0
-45728.0
-45728.0
-45728.0
-45728.0
-45728.0
-45728.0
-45728.0
-45728.0
-45728.0
-45728.0
-45728.0
-45728.0
-45728.0
-45728.0
-45728.0
-45728.0
-45728.0
-45728.0
-45728.0
-45728.0
-45728.0
-45728.0
-45728.0
-45728.0
-45728.0
-45728.0
-45728.0
-45728.0
-45728.0
-45728.0
-45728.0
-45728.0
-45728.0
-45728.0
-45728.0
-45728.0
-45728.0
-45728.0
-45728.0
-45728.0
-45728.0
-45728.0
-45728.0
-45728.0
-45728.0
-45728.0
-45728.0
-45728.0
-45728.0
-45728.0
-45728.0
-45728.0
-45728.0
-45728.0
-45728.0
-45728.0
-45728.0
-45728.0
-45330.4
-45330.4
-45330.4
-45330.4
-45330.4
-45330.4
-45330.4
-45330.4
-45330.4
-45330.4
-45330.4
-45330.4
-45330.4
-45330.4
-45330.4
-45330.4
-45330.4
-45330.4
-45330.4
-45330.4
-45330.4
-45330.4
-45330.4
-45330.4
-45330.4
-45330.4
-45330.4
-45330.4
-45330.4
-45330.4
-45330.4
-45330.4
-45330.4
-45330.4
-45330.4
-45330.4
-45330.4
-45330.4
-45330.4
-45330.4
-45330.4
-45330.4
-45330.4
-45330.4
-45330.4
-45330.4
-45330.4
-45330.4
-45330.4
-45330.4
-45330.4
-45330.4
-45330.4
-45330.4
-45330.4
-45330.4
-45330.4
-45330.4
-45330.4
-45330.4
-45330.4
-45330.4
-45330.4
-45330.4
-45330.4
-45330.4
-45330.4
-45330.4
-44932.8
-44932.8
-44932.8
-44932.8
-44932.8
-44932.8
-44932.8
-44932.8
-44932.8
-44932.8
-44932.8
-44932.8
-44932.8
-44932.8
-44932.8
-44932.8
-44932.8
-44932.8
-44932.8
-44932.8
-44932.8
-44932.8
-44932.8
-44932.8
-44932.8
-44932.8
-44932.8
-44932.8
-44932.8
-44932.8
-44932.8
-44932.8
-44932.8
-44932.8
-44932.8
-44932.8
-44932.8
-44932.8
-44932.8
-44932.8
-44932.8
-44932.8
-44932.8
-44535.1
-44535.1
-44535.1
-44932.8
-44932.8
-44535.1
-44932.8
-44932.8
-44535.1
-44535.1
-44535.1
-44535.1
-44535.1
-44535.1
-44535.1
-44535.1
-44535.1
-44535.1
-44535.1
-44535.1
-44932.8
-44535.1
-44535.1
-44535.1
-44535.1
-44535.1
-44535.1
-44535.1
-44535.1
-44535.1
-44535.1
-44535.1
-44535.1
-44535.1
-44535.1
-44535.1
-44535.1
-44535.1
-44535.1
-44535.1
-44535.1
-44535.1
-44535.1
-44535.1
-44535.1
-44535.1
-44535.1
-44535.1
-44535.1
-44535.1
-44535.1
-44535.1
-44535.1
-44535.1
-44535.1
-44535.1
-44535.1
-44137.5
-44535.1
-44535.1
-44137.5
-44137.5
-44137.5
-44137.5
-44137.5
-44137.5
-44137.5
-44137.5
-44137.5
-44137.5
-44137.5
-44137.5
-44137.5
-44137.5
-44137.5
-44137.5
-44137.5
-44137.5
-44137.5
-44137.5
-44137.5
-44137.5
-44137.5
-44137.5
-44137.5
-44137.5
-44137.5
-44137.5
-44137.5
-44137.5
-44137.5
-44137.5
-44137.5
-44137.5
-44137.5
-44137.5
-44137.5
-44137.5
-44137.5
-44137.5
-44137.5
-44137.5
-44137.5
-44137.5
-44137.5
-44137.5
-44137.5
-44137.5
-44137.5
-44137.5
-44137.5
-44137.5
-44137.5
-44137.5
-44137.5
-44137.5
-44137.5
-44137.5
-44137.5
-44137.5
-43739.9
-44137.5
-44137.5
-44137.5
-44137.5
-44137.5
-44137.5
-43739.9
-43739.9
-44137.5
-44137.5
-44137.5
-44137.5
-44137.5
-44137.5
-44137.5
-43739.9
-43739.9
-43739.9
-43739.9
-43739.9
-43739.9
-43739.9
-43739.9
-43739.9
-43739.9
-43739.9
-43739.9
-43739.9
-43739.9
-43739.9
-43739.9
-43739.9
-43739.9
-43739.9
-43739.9
-43739.9
-43739.9
-43739.9
-43739.9
-43739.9
-43739.9
-43739.9
-43739.9
-43739.9
-43739.9
-43739.9
-43739.9
-43739.9
-43739.9
-43739.9
-43739.9
-43739.9
-43739.9
-43739.9
-43739.9
-43739.9
-43739.9
-43739.9
-43739.9
-43739.9
-43739.9
-43739.9
-43739.9
-43739.9
-43739.9
-43739.9
-43739.9
-43739.9
-43739.9
-43739.9
-43739.9
-43739.9
-43739.9
-43342.2
-43342.2
-43342.2
-43739.9
-43342.2
-43342.2
-43739.9
-43342.2
-43342.2
-43342.2
-43342.2
-43342.2
-43342.2
-43342.2
-43342.2
-43342.2
-43342.2
-43342.2
-43342.2
-43342.2
-43342.2
-43342.2
-43342.2
-43342.2
-43342.2
-43342.2
-43342.2
-43342.2
-43342.2
-43342.2
-43342.2
-43342.2
-43342.2
-43342.2
-43342.2
-43342.2
-43342.2
-43342.2
-43342.2
-43342.2
-43342.2
-43342.2
-43342.2
-43342.2
-43342.2
-43342.2
-43342.2
-43342.2
-43342.2
-43342.2
-43342.2
-43342.2
-43342.2
-43342.2
-43342.2
-43342.2
-43342.2
-43342.2
-43342.2
-43342.2
-42944.6
-42944.6
-42944.6
-43342.2
-42944.6
-42944.6
-43342.2
-42944.6
-42944.6
-42944.6
-42944.6
-42944.6
-42944.6
-42944.6
-42944.6
-42944.6
-42944.6
-42944.6
-42944.6
-42944.6
-42944.6
-42944.6
-42944.6
-42944.6
-42944.6
-42944.6
-42944.6
-42944.6
-42944.6
-42944.6
-42944.6
-42944.6
-42944.6
-42944.6
-42944.6
-42944.6
-42944.6
-42944.6
-42944.6
-42944.6
-42944.6
-42944.6
-42944.6
-42944.6
-42944.6
-42944.6
-42944.6
-42944.6
-42944.6
-42944.6
-42944.6
-42944.6
-42944.6
-42944.6
-42944.6
-42944.6
-42944.6
-42944.6
-42944.6
-42944.6
-42944.6
-42944.6
-42944.6
-42944.6
-42944.6
-42944.6
-42944.6
-42547.0
-42547.0
-42944.6
-42944.6
-42547.0
-42547.0
-42547.0
-42547.0
-42547.0
-42547.0
-42547.0
-42547.0
-42547.0
-42547.0
-42547.0
-42547.0
-42547.0
-42547.0
-42547.0
-42547.0
-42547.0
-42547.0
-42547.0
-42547.0
-42547.0
-42547.0
-42547.0
-42547.0
-42547.0
-42547.0
-42547.0
-42547.0
-42547.0
-42547.0
-42547.0
-42547.0
-42547.0
-42547.0
-42547.0
-42547.0
-42547.0
-42547.0
-42547.0
-42547.0
-42547.0
-42547.0
-42547.0
-42547.0
-42547.0
-42547.0
-42547.0
-42547.0
-42547.0
-42547.0
-42547.0
-42547.0
-42547.0
-42547.0
-42547.0
-42547.0
-42149.3
-42149.3
-42547.0
-42547.0
-42547.0
-42547.0
-42547.0
-42149.3
-42149.3
-42149.3
-42149.3
-42149.3
-42149.3
-42149.3
-42149.3
-42149.3
-42149.3
-42149.3
-42149.3
-42149.3
-42149.3
-42149.3
-42149.3
-42149.3
-42149.3
-42149.3
-42149.3
-42149.3
-42149.3
-42149.3
-42149.3
-42149.3
-42149.3
-42149.3
-42149.3
-42149.3
-42149.3
-42149.3
-42149.3
-42149.3
-42149.3
-42149.3
-42149.3
-42149.3
-42149.3
-42149.3
-42149.3
-42149.3
-42149.3
-42149.3
-42149.3
-42149.3
-42149.3
-42149.3
-42149.3
-42149.3
-42149.3
-42149.3
-42149.3
-42149.3
-42149.3
-42149.3
-42149.3
-42149.3
-42149.3
-42149.3
-42149.3
-41751.7
-42149.3
-42149.3
-42149.3
-41751.7
-41751.7
-41751.7
-41751.7
-41751.7
-41751.7
-41751.7
-41751.7
-41751.7
-41751.7
-41751.7
-41751.7
-41751.7
-41751.7
-41751.7
-41751.7
-41751.7
-41751.7
-42149.3
-41751.7
-41751.7
-41751.7
-41751.7
-41751.7
-41751.7
-41751.7
-41751.7
-41751.7
-41751.7
-41751.7
-41751.7
-41751.7
-41751.7
-41751.7
-41751.7
-41751.7
-41751.7
-41751.7
-41751.7
-41751.7
-41751.7
-41751.7
-41751.7
-41751.7
-41751.7
-41751.7
-41751.7
-41751.7
-41751.7
-41751.7
-41751.7
-41751.7
-41751.7
-41751.7
-41751.7
-41751.7
-41751.7
-41751.7
-41751.7
-41751.7
-41751.7
-41751.7
-41751.7
-41354.0
-41751.7
-41751.7
-41751.7
-41751.7
-41751.7
-41354.0
-41354.0
-41354.0
-41354.0
-41751.7
-41751.7
-41751.7
-41751.7
-41354.0
-41354.0
-41354.0
-41354.0
-41354.0
-41354.0
-41354.0
-41354.0
-41354.0
-41354.0
-41354.0
-41354.0
-41354.0
-41354.0
-41354.0
-41354.0
-41354.0
-41354.0
-41354.0
-41354.0
-41354.0
-41354.0
-41354.0
-41354.0
-41354.0
-41354.0
-41354.0
-41354.0
-41354.0
-41354.0
-41354.0
-41354.0
-41354.0
-41354.0
-41354.0
-41354.0
-41354.0
-41354.0
-41354.0
-41354.0
-41354.0
-41354.0
-41354.0
-41354.0
-41354.0
-41354.0
-41354.0
-41354.0
-41354.0
-41354.0
-41354.0
-41354.0
-41354.0
-40956.4
-41354.0
-41354.0
-41354.0
-41354.0
-41354.0
-41354.0
-41354.0
-41354.0
-41354.0
-41354.0
-41354.0
-41354.0
-41354.0
-40956.4
-40956.4
-41354.0
-40956.4
-40956.4
-40956.4
-40956.4
-40956.4
-40956.4
-40956.4
-40956.4
-40956.4
-40956.4
-40956.4
-40956.4
-40956.4
-40956.4
-40956.4
-40956.4
-40956.4
-40956.4
-40956.4
-40956.4
-40956.4
-40956.4
-40956.4
-40956.4
-40956.4
-40956.4
-40956.4
-40956.4
-40956.4
-40956.4
-40956.4
-40956.4
-40956.4
-40956.4
-40956.4
-40956.4
-40956.4
-40956.4
-40956.4
-40956.4
-40956.4
-40956.4
-40956.4
-40956.4
-40956.4
-40956.4
-40956.4
-40956.4
-40956.4
-40956.4
-40956.4
-40956.4
-40956.4
-40956.4
-40956.4
-40956.4
-40956.4
-40558.8
-40558.8
-40956.4
-40956.4
-40956.4
-40956.4
-40956.4
-40558.8
-40558.8
-40956.4
-40558.8
-40558.8
-40956.4
-40956.4
-40558.8
-40956.4
-40956.4
-40558.8
-40558.8
-40558.8
-40558.8
-40558.8
-40558.8
-40558.8
-40558.8
-40558.8
-40558.8
-40558.8
-40558.8
-40558.8
-40558.8
-40558.8
-40558.8
-40558.8
-40558.8
-40558.8
-40558.8
-40558.8
-40558.8
-40558.8
-40558.8
-40558.8
-40558.8
-40558.8
-40558.8
-40558.8
-40558.8
-40558.8
-40558.8
-40558.8
-40558.8
-40558.8
-40558.8
-40558.8
-40558.8
-40558.8
-40558.8
-40558.8
-40558.8
-40558.8
-40558.8
-40558.8
-40558.8
-40558.8
-40558.8
-40558.8
-40558.8
-40558.8
-40558.8
-40558.8
-40558.8
-40558.8
-40161.1
-40161.1
-40161.1
-40161.1
-40161.1
-40558.8
-40558.8
-40161.1
-40161.1
-40161.1
-40161.1
-40161.1
-40161.1
-40161.1
-40161.1
-40161.1
-40161.1
-40161.1
-40161.1
-40161.1
-40161.1
-40161.1
-40161.1
-40161.1
-40161.1
-40161.1
-40161.1
-40161.1
-40161.1
-40161.1
-40161.1
-40161.1
-40161.1
-40161.1
-40161.1
-40161.1
-40161.1
-40161.1
-40161.1
-40161.1
-40161.1
-40161.1
-40161.1
-40161.1
-40161.1
-40161.1
-40161.1
-40161.1
-40161.1
-40161.1
-40161.1
-40161.1
-40161.1
-40161.1
-40161.1
-40161.1
-40161.1
-40161.1
-40161.1
-40161.1
-40161.1
-40161.1
-40161.1
-40161.1
-40161.1
-40161.1
-40161.1
-39763.5
-40161.1
-40161.1
-39763.5
-40161.1
-40161.1
-40161.1
-39763.5
-39763.5
-39763.5
-39763.5
-39763.5
-39763.5
-39763.5
-39763.5
-39763.5
-39763.5
-39763.5
-39763.5
-39763.5
-39763.5
-39763.5
-39763.5
-39763.5
-39763.5
-39763.5
-39763.5
-39763.5
-39763.5
-39763.5
-39763.5
-39763.5
-39763.5
-39763.5
-39763.5
-39763.5
-39763.5
-39763.5
-39763.5
-39763.5
-39763.5
-39763.5
-39763.5
-39763.5
-39763.5
-39763.5
-39763.5
-39763.5
-39763.5
-39763.5
-39763.5
-39763.5
-39763.5
-39763.5
-39763.5
-39763.5
-39763.5
-39763.5
-39763.5
-39763.5
-39763.5
-39763.5
-39763.5
-39763.5
-39763.5
-39763.5
-39763.5
-39763.5
-39763.5
-39763.5
-39763.5
-39763.5
-39763.5
-39763.5
-39365.9
-39365.9
-39365.9
-39763.5
-39763.5
-39763.5
-39365.9
-39365.9
-39365.9
-39365.9
-39365.9
-39763.5
-39365.9
-39365.9
-39365.9
-39365.9
-39365.9
-39365.9
-39365.9
-39365.9
-39365.9
-39365.9
-39365.9
-39365.9
-39365.9
-39365.9
-39365.9
-39365.9
-39365.9
-39365.9
-39365.9
-39365.9
-39365.9
-39365.9
-39365.9
-39365.9
-39365.9
-39365.9
-39365.9
-39365.9
-39365.9
-39365.9
-39365.9
-39365.9
-39365.9
-39365.9
-39365.9
-39365.9
-39365.9
-39365.9
-39365.9
-39365.9
-39365.9
-39365.9
-39365.9
-39365.9
-39365.9
-39365.9
-39365.9
-39365.9
-39365.9
-39365.9
-39365.9
-39365.9
-39365.9
-39365.9
-39365.9
-39365.9
-38968.2
-38968.2
-39365.9
-39365.9
-39365.9
-39365.9
-39365.9
-38968.2
-38968.2
-38968.2
-38968.2
-38968.2
-38968.2
-39365.9
-38968.2
-38968.2
-38968.2
-38968.2
-38968.2
-38968.2
-38968.2
-38968.2
-38968.2
-38968.2
-38968.2
-38968.2
-38968.2
-38968.2
-38968.2
-38968.2
-38968.2
-38968.2
-38968.2
-38968.2
-38968.2
-38968.2
-38968.2
-38968.2
-38968.2
-38968.2
-38968.2
-38968.2
-38968.2
-38968.2
-38968.2
-38968.2
-38968.2
-38968.2
-38968.2
-38968.2
-38968.2
-38968.2
-38968.2
-38968.2
-38968.2
-38968.2
-38968.2
-38968.2
-38968.2
-38968.2
-38968.2
-38968.2
-38968.2
-38968.2
-38968.2
-38968.2
-38968.2
-38968.2
-38968.2
-38968.2
-38968.2
-38968.2
-38968.2
-38968.2
-38968.2
-38968.2
-38968.2
-38968.2
-38570.6
-38570.6
-38968.2
-38570.6
-38570.6
-38968.2
-38570.6
-38570.6
-38968.2
-38570.6
-38570.6
-38570.6
-38968.2
-38570.6
-38570.6
-38570.6
-38570.6
-38570.6
-38570.6
-38570.6
-38570.6
-38570.6
-38570.6
-38570.6
-38570.6
-38570.6
-38570.6
-38570.6
-38570.6
-38570.6
-38570.6
-38570.6
-38570.6
-38570.6
-38570.6
-38570.6
-38570.6
-38570.6
-38570.6
-38570.6
-38570.6
-38570.6
-38570.6
-38570.6
-38570.6
-38570.6
-38570.6
-38570.6
-38570.6
-38570.6
-38570.6
-38570.6
-38570.6
-38570.6
-38570.6
-38570.6
-38570.6
-38570.6
-38570.6
-38570.6
-38570.6
-38570.6
-38570.6
-38173.0
-38173.0
-38570.6
-38570.6
-38570.6
-38570.6
-38570.6
-38570.6
-38570.6
-38570.6
-38173.0
-38173.0
-38570.6
-38173.0
-38173.0
-38570.6
-38570.6
-38173.0
-38173.0
-38173.0
-38173.0
-38173.0
-38173.0
-38173.0
-38173.0
-38173.0
-38173.0
-38173.0
-38173.0
-38173.0
-38173.0
-38173.0
-38173.0
-38173.0
-38173.0
-38173.0
-38173.0
-38173.0
-38173.0
-38173.0
-38173.0
-38173.0
-38173.0
-38173.0
-38173.0
-38173.0
-38173.0
-38173.0
-38173.0
-38173.0
-38173.0
-38173.0
-38173.0
-38173.0
-38173.0
-38173.0
-38173.0
-38173.0
-38173.0
-38173.0
-38173.0
-38173.0
-38173.0
-38173.0
-38173.0
-38173.0
-38173.0
-38173.0
-38173.0
-38173.0
-38173.0
-38173.0
-38173.0
-38173.0
-38173.0
-38173.0
-38173.0
-38173.0
-37775.3
-37775.3
-38173.0
-38173.0
-37775.3
-38173.0
-38173.0
-37775.3
-37775.3
-37775.3
-37775.3
-37775.3
-37775.3
-37775.3
-37775.3
-37775.3
-37775.3
-37775.3
-37775.3
-37775.3
-37775.3
-37775.3
-37775.3
-37775.3
-37775.3
-37775.3
-37775.3
-37775.3
-37775.3
-37775.3
-37775.3
-37775.3
-37775.3
-37775.3
-37775.3
-37775.3
-37775.3
-37775.3
-37775.3
-37775.3
-37775.3
-37775.3
-37775.3
-37775.3
-37775.3
-37775.3
-37775.3
-37775.3
-37775.3
-37775.3
-37775.3
-37775.3
-37775.3
-37775.3
-37775.3
-37775.3
-37775.3
-37775.3
-37775.3
-37775.3
-37775.3
-37775.3
-37775.3
-37775.3
-37775.3
-37775.3
-37775.3
-37775.3
-37775.3
-37377.7
-37775.3
-37775.3
-37377.7
-37377.7
-37377.7
-37377.7
-37377.7
-37377.7
-37377.7
-37377.7
-37377.7
-37377.7
-37377.7
-37377.7
-37377.7
-37377.7
-37377.7
-37377.7
-37377.7
-37377.7
-37377.7
-37377.7
-37377.7
-37377.7
-37377.7
-37377.7
-37377.7
-37377.7
-37377.7
-37377.7
-37377.7
-37377.7
-37377.7
-37377.7
-37377.7
-37377.7
-37377.7
-37377.7
-37377.7
-37377.7
-37377.7
-37377.7
-37377.7
-37377.7
-37377.7
-37377.7
-37377.7
-37377.7
-37377.7
-37377.7
-37377.7
-37377.7
-37377.7
-37377.7
-37377.7
-37377.7
-37377.7
-37377.7
-37377.7
-37377.7
-37377.7
-37377.7
-37377.7
-37377.7
-37377.7
-37377.7
-37377.7
-37377.7
-37377.7
-36980.1
-37377.7
-37377.7
-36980.1
-37377.7
-37377.7
-37377.7
-36980.1
-37377.7
-37377.7
-36980.1
-36980.1
-36980.1
-36980.1
-36980.1
-36980.1
-36980.1
-36980.1
-36980.1
-36980.1
-36980.1
-36980.1
-36980.1
-36980.1
-36980.1
-36980.1
-36980.1
-36980.1
-36980.1
-36980.1
-36980.1
-36980.1
-36980.1
-36980.1
-36980.1
-36980.1
-36980.1
-36980.1
-36980.1
-36980.1
-36980.1
-36980.1
-36980.1
-36980.1
-36980.1
-36980.1
-36980.1
-36980.1
-36980.1
-36980.1
-36980.1
-36980.1
-36980.1
-36980.1
-36980.1
-36980.1
-36980.1
-36980.1
-36980.1
-36980.1
-36980.1
-36980.1
-36980.1
-36980.1
-36980.1
-36980.1
-36980.1
-36980.1
-36980.1
-36980.1
-36980.1
-36980.1
-36980.1
-36980.1
-36980.1
-36980.1
-36980.1
-36980.1
-36582.4
-36582.4
-36582.4
-36582.4
-36582.4
-36582.4
-36582.4
-36582.4
-36582.4
-36582.4
-36582.4
-36582.4
-36582.4
-36582.4
-36980.1
-36980.1
-36980.1
-36980.1
-36582.4
-36582.4
-36582.4
-36582.4
-36582.4
-36582.4
-36582.4
-36582.4
-36582.4
-36582.4
-36582.4
-36582.4
-36582.4
-36582.4
-36582.4
-36582.4
-36582.4
-36582.4
-36582.4
-36582.4
-36582.4
-36582.4
-36582.4
-36582.4
-36582.4
-36582.4
-36582.4
-36582.4
-36582.4
-36582.4
-36582.4
-36582.4
-36582.4
-36582.4
-36582.4
-36582.4
-36582.4
-36582.4
-36582.4
-36582.4
-36582.4
-36582.4
-36582.4
-36582.4
-36582.4
-36582.4
-36582.4
-36582.4
-36582.4
-36582.4
-36582.4
-36582.4
-36582.4
-36582.4
-36582.4
-36582.4
-36582.4
-36582.4
-36184.8
-36184.8
-36184.8
-36582.4
-36582.4
-36582.4
-36582.4
-36582.4
-36582.4
-36582.4
-36582.4
-36582.4
-36184.8
-36184.8
-36184.8
-36184.8
-36184.8
-36184.8
-36582.4
-36184.8
-36184.8
-36184.8
-36184.8
-36184.8
-36184.8
-36184.8
-36184.8
-36184.8
-36184.8
-36184.8
-36184.8
-36184.8
-36184.8
-36184.8
-36184.8
-36184.8
-36184.8
-36184.8
-36184.8
-36184.8
-36184.8
-36184.8
-36184.8
-36184.8
-36184.8
-36184.8
-36184.8
-36184.8
-36184.8
-36184.8
-36184.8
-36184.8
-36184.8
-36184.8
-36184.8
-36184.8
-36184.8
-36184.8
-36184.8
-36184.8
-36184.8
-36184.8
-36184.8
-36184.8
-36184.8
-36184.8
-35787.2
-36184.8
-36184.8
-36184.8
-36184.8
-36184.8
-36184.8
-36184.8
-36184.8
-36184.8
-36184.8
-36184.8
-36184.8
-36184.8
-36184.8
-36184.8
-36184.8
-36184.8
-36184.8
-35787.2
-35787.2
-35787.2
-36184.8
-35787.2
-35787.2
-36184.8
-35787.2
-35787.2
-36184.8
-35787.2
-35787.2
-36184.8
-36184.8
-35787.2
-35787.2
-35787.2
-35787.2
-35787.2
-35787.2
-35787.2
-35787.2
-35787.2
-35787.2
-35787.2
-35787.2
-35787.2
-35787.2
-35787.2
-35787.2
-35787.2
-35787.2
-35787.2
-35787.2
-35787.2
-35787.2
-35787.2
-35787.2
-35787.2
-35787.2
-35787.2
-35787.2
-35787.2
-35787.2
-35787.2
-35787.2
-35787.2
-35787.2
-35787.2
-35787.2
-35787.2
-35787.2
-35787.2
-35787.2
-35787.2
-35787.2
-35787.2
-35787.2
-35787.2
-35787.2
-35787.2
-35787.2
-35787.2
-35787.2
-35787.2
-35787.2
-35787.2
-35787.2
-35787.2
-35787.2
-35787.2
-35787.2
-35787.2
-35787.2
-35787.2
-35787.2
-35787.2
-35389.5
-35389.5
-35787.2
-35787.2
-35389.5
-35787.2
-35787.2
-35389.5
-35389.5
-35787.2
-35389.5
-35389.5
-35389.5
-35389.5
-35389.5
-35787.2
-35787.2
-35389.5
-35389.5
-35389.5
-35389.5
-35389.5
-35787.2
-35389.5
-35389.5
-35389.5
-35389.5
-35389.5
-35389.5
-35389.5
-35389.5
-35389.5
-35389.5
-35389.5
-35389.5
-35389.5
-35389.5
-35389.5
-35389.5
-35389.5
-35389.5
-35389.5
-35389.5
-35389.5
-35389.5
-35389.5
-35389.5
-35389.5
-35389.5
-35389.5
-35389.5
-35389.5
-35389.5
-35389.5
-35389.5
-35389.5
-35389.5
