IEC 61083-2 TDG Version 2.1.0
Data File Version  2.1.0
21 LI-M9
8 bits, 7658 samples at 10ns
1.000000e-008
0.0
0.0
0.0
0.0
0.0
0.0
0.0
0.0
0.0
0.0
0.0
0.0
0.0
0.0
0.0
0.0
0.0
0.0
0.0
0.0
-395.5
0.0
0.0
0.0
0.0
0.0
0.0
0.0
0.0
0.0
0.0
0.0
0.0
0.0
0.0
0.0
0.0
0.0
0.0
0.0
-395.5
0.0
0.0
0.0
0.0
0.0
0.0
0.0
0.0
0.0
0.0
0.0
0.0
0.0
0.0
0.0
0.0
0.0
0.0
0.0
-395.5
0.0
0.0
0.0
0.0
0.0
0.0
0.0
0.0
0.0
0.0
0.0
0.0
0.0
0.0
0.0
0.0
0.0
0.0
0.0
0.0
0.0
0.0
0.0
0.0
0.0
0.0
0.0
0.0
0.0
0.0
0.0
0.0
0.0
0.0
0.0
0.0
0.0
0.0
0.0
0.0
0.0
0.0
0.0
0.0
0.0
0.0
0.0
0.0
0.0
0.0
0.0
0.0
0.0
0.0
0.0
0.0
0.0
0.0
0.0
0.0
0.0
0.0
0.0
0.0
0.0
0.0
0.0
0.0
0.0
0.0
0.0
0.0
0.0
0.0
0.0
0.0
0.0
0.0
0.0
0.0
0.0
0.0
0.0
0.0
0.0
0.0
0.0
0.0
0.0
0.0
0.0
0.0
0.0
0.0
0.0
0.0
0.0
0.0
0.0
0.0
0.0
0.0
0.0
0.0
0.0
0.0
0.0
0.0
0.0
0.0
0.0
0.0
0.0
0.0
0.0
0.0
0.0
0.0
0.0
0.0
0.0
0.0
0.0
0.0
0.0
0.0
0.0
0.0
0.0
0.0
0.0
0.0
0.0
0.0
0.0
0.0
0.0
0.0
0.0
0.0
0.0
0.0
0.0
0.0
0.0
0.0
0.0
0.0
0.0
0.0
0.0
0.0
0.0
0.0
0.0
0.0
0.0
0.0
0.0
0.0
0.0
0.0
0.0
0.0
0.0
0.0
0.0
0.0
0.0
0.0
0.0
0.0
0.0
0.0
0.0
0.0
0.0
0.0
0.0
-395.5
0.0
0.0
0.0
0.0
0.0
0.0
0.0
0.0
0.0
0.0
0.0
0.0
0.0
0.0
0.0
0.0
0.0
0.0
0.0
-395.5
0.0
0.0
0.0
0.0
0.0
0.0
0.0
0.0
0.0
0.0
0.0
0.0
0.0
0.0
0.0
0.0
0.0
0.0
0.0
0.0
0.0
0.0
0.0
0.0
0.0
0.0
0.0
0.0
0.0
-395.5
0.0
0.0
0.0
0.0
0.0
0.0
0.0
0.0
0.0
0.0
0.0
0.0
0.0
0.0
0.0
0.0
0.0
0.0
0.0
-395.5
0.0
0.0
0.0
0.0
0.0
0.0
0.0
0.0
0.0
-395.5
0.0
0.0
0.0
0.0
0.0
0.0
0.0
0.0
0.0
0.0
0.0
0.0
0.0
0.0
0.0
0.0
0.0
0.0
0.0
-395.5
0.0
0.0
0.0
0.0
0.0
0.0
0.0
0.0
0.0
0.0
0.0
0.0
0.0
0.0
0.0
0.0
0.0
0.0
0.0
0.0
0.0
0.0
0.0
0.0
0.0
0.0
0.0
0.0
0.0
0.0
0.0
0.0
0.0
0.0
0.0
0.0
0.0
0.0
0.0
-395.5
0.0
0.0
0.0
0.0
0.0
0.0
0.0
0.0
0.0
-395.5
0.0
0.0
0.0
0.0
0.0
0.0
0.0
0.0
0.0
0.0
0.0
0.0
0.0
0.0
0.0
0.0
0.0
0.0
0.0
0.0
0.0
0.0
0.0
0.0
0.0
0.0
0.0
0.0
0.0
-395.5
0.0
0.0
0.0
0.0
0.0
0.0
0.0
0.0
0.0
0.0
0.0
0.0
0.0
0.0
0.0
0.0
0.0
0.0
0.0
-395.5
0.0
0.0
0.0
0.0
0.0
0.0
0.0
0.0
0.0
0.0
0.0
0.0
0.0
0.0
0.0
0.0
0.0
0.0
0.0
-395.5
0.0
0.0
0.0
0.0
0.0
0.0
0.0
0.0
0.0
0.0
0.0
0.0
0.0
0.0
0.0
0.0
0.0
0.0
0.0
-395.5
0.0
0.0
0.0
0.0
0.0
0.0
0.0
0.0
0.0
0.0
0.0
0.0
0.0
0.0
0.0
0.0
0.0
0.0
0.0
0.0
0.0
0.0
0.0
0.0
0.0
0.0
0.0
0.0
0.0
0.0
0.0
0.0
0.0
0.0
0.0
0.0
0.0
0.0
0.0
0.0
0.0
0.0
0.0
0.0
0.0
0.0
0.0
0.0
0.0
0.0
0.0
0.0
0.0
0.0
0.0
0.0
0.0
0.0
0.0
-395.5
0.0
0.0
0.0
0.0
0.0
0.0
0.0
0.0
0.0
0.0
0.0
0.0
0.0
0.0
0.0
0.0
0.0
0.0
0.0
0.0
0.0
0.0
0.0
0.0
0.0
0.0
0.0
0.0
0.0
0.0
0.0
0.0
0.0
0.0
0.0
0.0
0.0
0.0
0.0
-395.5
0.0
0.0
0.0
0.0
0.0
0.0
0.0
0.0
0.0
0.0
0.0
0.0
0.0
0.0
0.0
0.0
0.0
0.0
0.0
0.0
0.0
0.0
0.0
0.0
0.0
0.0
0.0
0.0
0.0
0.0
0.0
0.0
0.0
0.0
0.0
0.0
0.0
0.0
0.0
-395.5
0.0
0.0
0.0
0.0
0.0
0.0
0.0
0.0
0.0
0.0
0.0
0.0
0.0
0.0
0.0
0.0
0.0
0.0
0.0
-395.5
0.0
0.0
0.0
0.0
0.0
0.0
0.0
0.0
0.0
-395.5
0.0
0.0
0.0
0.0
0.0
0.0
0.0
0.0
0.0
0.0
0.0
0.0
0.0
0.0
0.0
0.0
0.0
0.0
0.0
0.0
0.0
0.0
0.0
0.0
0.0
0.0
0.0
0.0
0.0
0.0
0.0
0.0
0.0
0.0
0.0
0.0
0.0
0.0
0.0
0.0
0.0
0.0
0.0
0.0
0.0
0.0
0.0
0.0
0.0
0.0
0.0
0.0
0.0
0.0
0.0
0.0
0.0
0.0
0.0
0.0
0.0
0.0
0.0
0.0
0.0
0.0
0.0
0.0
0.0
0.0
0.0
0.0
0.0
0.0
0.0
0.0
0.0
0.0
0.0
0.0
0.0
0.0
0.0
0.0
0.0
0.0
0.0
0.0
0.0
-395.5
0.0
0.0
0.0
0.0
0.0
0.0
0.0
0.0
0.0
0.0
0.0
0.0
0.0
0.0
0.0
0.0
0.0
0.0
0.0
-395.5
0.0
0.0
0.0
0.0
0.0
0.0
0.0
0.0
0.0
-395.5
0.0
0.0
0.0
0.0
0.0
0.0
0.0
0.0
0.0
0.0
0.0
0.0
-395.5
-395.5
0.0
-395.5
-395.5
-791.0
-1186.5
-1582.0
-1582.0
-1977.5
-1977.5
-1582.0
-1582.0
-1582.0
-1582.0
-2373.0
-3164.0
-3955.0
-4746.0
-5932.5
-7119.0
-8305.5
-9492.0
-11074.0
-12260.5
-13051.5
-14238.0
-15029.0
-16215.5
-17006.5
-18193.0
-18984.0
-19775.0
-21752.5
-23334.5
-25312.0
-27289.5
-29662.5
-31640.0
-33617.5
-35595.0
-37177.0
-38759.0
-40341.0
-41527.5
-42714.0
-43900.5
-44691.5
-46273.5
-47855.5
-49437.5
-51415.0
-52997.0
-55370.0
-57347.5
-59720.5
-61698.0
-63675.5
-64862.0
-66048.5
-67235.0
-67630.5
-68421.5
-69212.5
-69608.0
-70399.0
-71190.0
-71981.0
-72772.0
-74354.0
-75540.5
-77122.5
-78704.5
-79891.0
-81473.0
-82659.5
-83450.5
-84637.0
-85428.0
-85823.5
-86219.0
-86614.5
-87010.0
-87405.5
-87801.0
-88196.5
-88592.0
-89383.0
-90174.0
-90569.5
-91756.0
-92547.0
-93338.0
-94129.0
-94920.0
-95315.5
-95711.0
-96106.5
-96502.0
-96502.0
-96502.0
-96897.5
-96897.5
-96897.5
-96897.5
-97293.0
-97293.0
-97688.5
-98084.0
-98479.5
-98875.0
-99270.5
-99666.0
-100061.5
-100061.5
-100457.0
-100457.0
-100457.0
-100457.0
-100457.0
-100457.0
-100061.5
-100061.5
-99666.0
-99666.0
-99666.0
-100061.5
-100061.5
-100061.5
-100061.5
-100457.0
-100457.0
-100852.5
-100852.5
-100852.5
-100852.5
-100852.5
-100852.5
-100457.0
-100457.0
-100061.5
-100061.5
-99666.0
-99666.0
-99666.0
-99666.0
-99666.0
-99666.0
-100061.5
-100061.5
-100061.5
-100061.5
-100061.5
-100061.5
-100061.5
-100061.5
-100061.5
-99666.0
-99666.0
-99666.0
-99666.0
-99666.0
-99270.5
-99270.5
-99270.5
-99270.5
-99270.5
-99270.5
-99270.5
-99270.5
-99666.0
-99666.0
-99666.0
-99666.0
-99270.5
-99270.5
-99270.5
-99270.5
-99270.5
-99270.5
-99270.5
-99270.5
-98875.0
-98875.0
-98875.0
-98875.0
-98875.0
-98875.0
-98875.0
-98875.0
-98875.0
-98875.0
-98875.0
-98875.0
-98875.0
-98875.0
-98875.0
-98875.0
-98875.0
-98875.0
-98479.5
-98479.5
-98479.5
-98479.5
-98479.5
-98479.5
-98479.5
-98479.5
-98479.5
-98479.5
-98479.5
-98479.5
-98479.5
-98479.5
-98479.5
-98479.5
-98479.5
-98479.5
-98479.5
-98479.5
-98479.5
-98479.5
-98084.0
-98084.0
-98084.0
-98084.0
-98084.0
-98479.5
-98084.0
-98084.0
-98084.0
-98084.0
-98084.0
-98084.0
-98084.0
-98084.0
-98084.0
-98084.0
-98084.0
-98084.0
-98084.0
-98084.0
-98084.0
-98084.0
-98084.0
-98084.0
-98084.0
-98084.0
-98084.0
-98084.0
-98084.0
-98084.0
-98084.0
-97688.5
-97688.5
-98084.0
-97688.5
-97688.5
-97688.5
-97688.5
-97688.5
-97688.5
-97688.5
-97688.5
-97688.5
-97688.5
-97688.5
-97688.5
-97688.5
-97688.5
-97688.5
-97688.5
-97688.5
-97688.5
-97688.5
-97688.5
-97688.5
-97688.5
-97688.5
-97688.5
-97688.5
-97688.5
-97688.5
-97688.5
-97688.5
-97688.5
-97688.5
-97293.0
-97293.0
-97688.5
-97293.0
-97293.0
-97688.5
-97293.0
-97293.0
-97688.5
-97293.0
-97293.0
-97293.0
-97293.0
-97293.0
-97293.0
-97293.0
-97293.0
-97293.0
-97293.0
-97293.0
-97293.0
-97293.0
-97293.0
-97293.0
-97293.0
-97293.0
-97293.0
-97293.0
-97293.0
-97293.0
-97293.0
-97293.0
-97293.0
-97293.0
-97293.0
-97293.0
-97293.0
-96897.5
-97293.0
-97293.0
-97293.0
-97293.0
-97293.0
-96897.5
-96897.5
-96897.5
-96897.5
-96897.5
-96897.5
-96897.5
-96897.5
-96897.5
-96897.5
-96897.5
-96897.5
-96897.5
-96897.5
-96897.5
-96897.5
-96897.5
-96897.5
-96897.5
-96897.5
-96897.5
-96897.5
-96897.5
-96897.5
-96897.5
-96897.5
-96897.5
-96897.5
-96897.5
-96502.0
-96502.0
-96502.0
-96897.5
-96502.0
-96502.0
-96502.0
-96502.0
-96502.0
-96502.0
-96502.0
-96502.0
-96502.0
-96502.0
-96502.0
-96502.0
-96502.0
-96502.0
-96502.0
-96502.0
-96502.0
-96502.0
-96502.0
-96502.0
-96502.0
-96502.0
-96502.0
-96502.0
-96502.0
-96502.0
-96106.5
-96106.5
-96106.5
-96502.0
-96106.5
-96106.5
-96106.5
-96106.5
-96106.5
-96106.5
-96106.5
-96106.5
-96106.5
-96106.5
-96106.5
-96106.5
-96106.5
-96106.5
-96106.5
-96106.5
-96106.5
-96106.5
-96106.5
-96106.5
-96106.5
-96106.5
-96106.5
-96106.5
-95711.0
-95711.0
-95711.0
-95711.0
-95711.0
-95711.0
-95711.0
-95711.0
-95711.0
-95711.0
-95711.0
-95711.0
-95711.0
-95711.0
-95711.0
-95711.0
-95711.0
-95711.0
-95711.0
-95711.0
-95711.0
-95711.0
-95711.0
-95711.0
-95711.0
-95711.0
-95711.0
-95711.0
-95711.0
-95711.0
-95315.5
-95315.5
-95315.5
-95315.5
-95315.5
-95315.5
-95315.5
-95315.5
-95315.5
-95315.5
-95315.5
-95315.5
-95315.5
-95315.5
-95315.5
-95315.5
-95315.5
-95315.5
-95315.5
-95315.5
-95315.5
-95315.5
-95315.5
-95315.5
-95315.5
-95315.5
-95315.5
-94920.0
-95315.5
-95315.5
-94920.0
-95315.5
-95315.5
-94920.0
-94920.0
-94920.0
-94920.0
-94920.0
-94920.0
-94920.0
-94920.0
-94920.0
-94920.0
-94920.0
-94920.0
-94920.0
-94920.0
-94920.0
-94920.0
-94920.0
-94920.0
-94920.0
-94920.0
-94920.0
-94920.0
-94920.0
-94920.0
-94920.0
-94920.0
-94920.0
-94524.5
-94920.0
-94920.0
-94524.5
-94524.5
-94524.5
-94524.5
-94524.5
-94524.5
-94524.5
-94524.5
-94524.5
-94524.5
-94524.5
-94524.5
-94524.5
-94524.5
-94524.5
-94524.5
-94524.5
-94524.5
-94524.5
-94524.5
-94524.5
-94524.5
-94524.5
-94524.5
-94524.5
-94524.5
-94524.5
-94524.5
-94129.0
-94129.0
-94129.0
-94129.0
-94129.0
-94129.0
-94129.0
-94129.0
-94129.0
-94129.0
-94129.0
-94129.0
-94129.0
-94129.0
-94129.0
-94129.0
-94129.0
-94129.0
-94129.0
-93733.5
-94129.0
-94129.0
-93733.5
-93733.5
-94129.0
-93733.5
-93733.5
-94129.0
-94129.0
-93733.5
-94129.0
-94129.0
-93733.5
-93733.5
-93733.5
-93733.5
-93733.5
-93733.5
-93733.5
-93733.5
-93733.5
-93733.5
-93733.5
-93733.5
-93733.5
-93733.5
-93733.5
-93733.5
-93733.5
-93733.5
-93733.5
-93733.5
-93733.5
-93733.5
-93733.5
-93338.0
-93338.0
-93733.5
-93338.0
-93338.0
-93338.0
-93733.5
-93338.0
-93338.0
-93338.0
-93338.0
-93338.0
-93338.0
-93338.0
-93338.0
-93338.0
-93338.0
-93338.0
-93338.0
-93338.0
-93338.0
-93338.0
-93338.0
-93338.0
-93338.0
-93338.0
-93338.0
-93338.0
-93338.0
-93338.0
-93338.0
-92942.5
-93338.0
-92942.5
-92942.5
-92942.5
-93338.0
-92942.5
-92942.5
-93338.0
-92942.5
-92942.5
-92942.5
-92942.5
-92942.5
-92942.5
-92942.5
-92942.5
-92942.5
-92942.5
-92942.5
-92942.5
-92942.5
-92942.5
-92942.5
-92942.5
-92942.5
-92942.5
-92942.5
-92942.5
-92942.5
-92942.5
-92942.5
-92942.5
-92942.5
-92942.5
-92547.0
-92547.0
-92547.0
-92547.0
-92547.0
-92547.0
-92547.0
-92547.0
-92547.0
-92547.0
-92547.0
-92547.0
-92547.0
-92547.0
-92547.0
-92547.0
-92547.0
-92547.0
-92547.0
-92547.0
-92547.0
-92547.0
-92547.0
-92547.0
-92547.0
-92547.0
-92547.0
-92151.5
-92151.5
-92151.5
-92151.5
-92151.5
-92151.5
-92151.5
-92151.5
-92151.5
-92151.5
-92151.5
-92151.5
-92151.5
-92151.5
-92151.5
-92151.5
-92151.5
-92151.5
-92151.5
-92151.5
-92151.5
-92151.5
-92151.5
-91756.0
-91756.0
-91756.0
-91756.0
-91756.0
-91756.0
-91756.0
-91756.0
-91756.0
-91756.0
-91756.0
-91756.0
-91756.0
-91756.0
-91756.0
-91756.0
-91756.0
-91756.0
-91756.0
-91756.0
-91756.0
-91756.0
-91756.0
-91756.0
-91756.0
-91756.0
-91756.0
-91756.0
-91756.0
-91756.0
-91756.0
-91756.0
-91360.5
-91360.5
-91360.5
-91360.5
-91360.5
-91360.5
-91360.5
-91360.5
-91360.5
-91360.5
-91360.5
-91360.5
-91360.5
-91360.5
-91360.5
-91360.5
-91360.5
-91360.5
-91360.5
-91360.5
-91360.5
-91360.5
-91360.5
-91360.5
-91360.5
-91360.5
-91360.5
-91360.5
-91360.5
-90965.0
-90965.0
-90965.0
-90965.0
-90965.0
-90965.0
-90965.0
-90965.0
-90965.0
-90965.0
-90965.0
-90965.0
-90965.0
-90965.0
-90965.0
-90965.0
-90965.0
-90965.0
-90965.0
-90965.0
-90965.0
-90965.0
-90965.0
-90965.0
-90965.0
-90965.0
-90965.0
-90965.0
-90965.0
-90965.0
-90569.5
-90569.5
-90569.5
-90569.5
-90569.5
-90569.5
-90569.5
-90569.5
-90569.5
-90569.5
-90569.5
-90569.5
-90569.5
-90569.5
-90569.5
-90569.5
-90569.5
-90569.5
-90569.5
-90569.5
-90569.5
-90569.5
-90569.5
-90569.5
-90569.5
-90569.5
-90569.5
-90174.0
-90174.0
-90174.0
-90174.0
-90174.0
-90174.0
-90174.0
-90174.0
-90174.0
-90174.0
-90174.0
-90174.0
-90174.0
-90174.0
-90174.0
-90174.0
-90174.0
-90174.0
-90174.0
-90174.0
-90174.0
-90174.0
-90174.0
-90174.0
-90174.0
-90174.0
-90174.0
-90174.0
-90174.0
-90174.0
-90174.0
-90174.0
-90174.0
-89778.5
-89778.5
-89778.5
-89778.5
-89778.5
-89778.5
-89778.5
-89778.5
-89778.5
-89778.5
-89778.5
-89778.5
-89778.5
-89778.5
-89778.5
-89778.5
-89778.5
-89778.5
-89778.5
-89778.5
-89778.5
-89778.5
-89778.5
-89778.5
-89778.5
-89778.5
-89778.5
-89778.5
-89383.0
-89383.0
-89778.5
-89778.5
-89383.0
-89383.0
-89383.0
-89383.0
-89383.0
-89383.0
-89383.0
-89383.0
-89383.0
-89383.0
-89383.0
-89383.0
-89383.0
-89383.0
-89383.0
-89383.0
-89383.0
-89383.0
-89383.0
-89383.0
-89383.0
-89383.0
-89383.0
-89383.0
-88987.5
-88987.5
-88987.5
-89383.0
-88987.5
-88987.5
-88987.5
-88987.5
-88987.5
-88987.5
-88987.5
-88987.5
-88987.5
-88987.5
-88987.5
-88987.5
-88987.5
-88987.5
-88987.5
-88987.5
-88987.5
-88987.5
-88987.5
-88987.5
-88987.5
-88987.5
-88987.5
-88987.5
-88592.0
-88987.5
-88592.0
-88592.0
-88592.0
-88987.5
-88592.0
-88592.0
-88987.5
-88592.0
-88592.0
-88987.5
-88592.0
-88592.0
-88592.0
-88592.0
-88592.0
-88592.0
-88592.0
-88592.0
-88592.0
-88592.0
-88592.0
-88592.0
-88592.0
-88592.0
-88592.0
-88592.0
-88592.0
-88592.0
-88592.0
-88592.0
-88592.0
-88592.0
-88592.0
-88196.5
-88196.5
-88196.5
-88196.5
-88196.5
-88196.5
-88196.5
-88196.5
-88196.5
-88196.5
-88196.5
-88196.5
-88196.5
-88196.5
-88196.5
-88196.5
-88196.5
-88196.5
-88196.5
-88196.5
-88196.5
-88196.5
-88196.5
-88196.5
-88196.5
-88196.5
-88196.5
-88196.5
-88196.5
-87801.0
-87801.0
-87801.0
-87801.0
-87801.0
-87801.0
-87801.0
-87801.0
-87801.0
-87801.0
-87801.0
-87801.0
-87801.0
-87801.0
-87801.0
-87801.0
-87801.0
-87801.0
-87801.0
-87801.0
-87801.0
-87801.0
-87801.0
-87801.0
-87405.5
-87405.5
-87405.5
-87405.5
-87405.5
-87405.5
-87405.5
-87405.5
-87405.5
-87405.5
-87405.5
-87405.5
-87405.5
-87405.5
-87405.5
-87405.5
-87405.5
-87405.5
-87405.5
-87405.5
-87405.5
-87405.5
-87405.5
-87405.5
-87405.5
-87405.5
-87405.5
-87405.5
-87405.5
-87405.5
-87405.5
-87405.5
-87010.0
-87010.0
-87010.0
-87010.0
-87010.0
-87010.0
-87010.0
-87010.0
-87010.0
-87010.0
-87010.0
-87010.0
-87010.0
-87010.0
-87010.0
-87010.0
-87010.0
-87010.0
-87010.0
-87010.0
-87010.0
-87010.0
-87010.0
-87010.0
-87010.0
-87010.0
-87010.0
-87010.0
-87010.0
-87010.0
-86614.5
-86614.5
-86614.5
-86614.5
-86614.5
-86614.5
-86614.5
-86614.5
-86614.5
-86614.5
-86614.5
-86614.5
-86614.5
-86614.5
-86614.5
-86614.5
-86614.5
-86614.5
-86614.5
-86614.5
-86614.5
-86614.5
-86614.5
-86614.5
-86614.5
-86614.5
-86614.5
-86614.5
-86614.5
-86614.5
-86219.0
-86614.5
-86614.5
-86219.0
-86219.0
-86219.0
-86219.0
-86219.0
-86219.0
-86219.0
-86219.0
-86219.0
-86219.0
-86219.0
-86219.0
-86219.0
-86219.0
-86219.0
-86219.0
-86219.0
-86219.0
-86219.0
-86219.0
-86219.0
-86219.0
-86219.0
-86219.0
-86219.0
-86219.0
-86219.0
-86219.0
-86219.0
-86219.0
-85823.5
-85823.5
-85823.5
-85823.5
-85823.5
-85823.5
-85823.5
-85823.5
-85823.5
-85823.5
-85823.5
-85823.5
-85823.5
-85823.5
-85823.5
-85823.5
-85823.5
-85823.5
-85823.5
-85823.5
-85823.5
-85823.5
-85823.5
-85823.5
-85823.5
-85823.5
-85823.5
-85823.5
-85428.0
-85428.0
-85823.5
-85428.0
-85428.0
-85428.0
-85428.0
-85428.0
-85428.0
-85428.0
-85428.0
-85428.0
-85428.0
-85428.0
-85428.0
-85428.0
-85428.0
-85428.0
-85428.0
-85428.0
-85428.0
-85428.0
-85428.0
-85428.0
-85428.0
-85428.0
-85428.0
-85428.0
-85428.0
-85428.0
-85428.0
-85032.5
-85032.5
-85032.5
-85428.0
-85032.5
-85032.5
-85032.5
-85032.5
-85032.5
-85032.5
-85032.5
-85032.5
-85032.5
-85032.5
-85032.5
-85032.5
-85032.5
-85032.5
-85032.5
-85032.5
-85032.5
-85032.5
-85032.5
-85032.5
-85032.5
-85032.5
-85032.5
-85032.5
-85032.5
-85032.5
-84637.0
-84637.0
-84637.0
-85032.5
-84637.0
-84637.0
-85032.5
-84637.0
-84637.0
-84637.0
-84637.0
-84637.0
-84637.0
-84637.0
-84637.0
-84637.0
-84637.0
-84637.0
-84637.0
-84637.0
-84637.0
-84637.0
-84637.0
-84637.0
-84637.0
-84637.0
-84637.0
-84637.0
-84637.0
-84637.0
-84241.5
-84241.5
-84241.5
-84241.5
-84241.5
-84241.5
-84637.0
-84241.5
-84241.5
-84241.5
-84241.5
-84241.5
-84241.5
-84241.5
-84241.5
-84241.5
-84241.5
-84241.5
-84241.5
-84241.5
-84241.5
-84241.5
-84241.5
-84241.5
-84241.5
-84241.5
-84241.5
-84241.5
-84241.5
-84241.5
-84241.5
-84241.5
-84241.5
-84241.5
-84241.5
-83846.0
-83846.0
-83846.0
-83846.0
-83846.0
-83846.0
-83846.0
-83846.0
-83846.0
-83846.0
-83846.0
-83846.0
-83846.0
-83846.0
-83846.0
-83846.0
-83846.0
-83846.0
-83846.0
-83846.0
-83846.0
-83846.0
-83846.0
-83846.0
-83846.0
-83846.0
-83846.0
-83846.0
-83846.0
-83846.0
-83846.0
-83846.0
-83846.0
-83450.5
-83450.5
-83450.5
-83450.5
-83450.5
-83450.5
-83450.5
-83450.5
-83450.5
-83450.5
-83450.5
-83450.5
-83450.5
-83450.5
-83450.5
-83450.5
-83450.5
-83450.5
-83450.5
-83450.5
-83450.5
-83450.5
-83450.5
-83055.0
-83055.0
-83055.0
-83055.0
-83055.0
-83055.0
-83055.0
-83055.0
-83055.0
-83055.0
-83055.0
-83055.0
-83055.0
-83055.0
-83055.0
-83055.0
-83055.0
-83055.0
-83055.0
-83055.0
-83055.0
-83055.0
-83055.0
-83055.0
-83055.0
-83055.0
-83055.0
-83055.0
-83055.0
-83055.0
-83055.0
-83055.0
-82659.5
-82659.5
-82659.5
-82659.5
-82659.5
-82659.5
-82659.5
-82659.5
-82659.5
-82659.5
-82659.5
-82659.5
-82659.5
-82659.5
-82659.5
-82659.5
-82659.5
-82659.5
-82659.5
-82659.5
-82659.5
-82659.5
-82659.5
-82659.5
-82659.5
-82659.5
-82659.5
-82659.5
-82659.5
-82659.5
-82659.5
-82659.5
-82659.5
-82659.5
-82659.5
-82264.0
-82264.0
-82264.0
-82264.0
-82264.0
-82264.0
-82264.0
-82264.0
-82264.0
-82264.0
-82264.0
-82264.0
-82264.0
-82264.0
-82264.0
-82264.0
-82264.0
-82264.0
-82264.0
-82264.0
-82264.0
-82264.0
-82264.0
-82264.0
-82264.0
-82264.0
-81868.5
-82264.0
-82264.0
-82264.0
-81868.5
-81868.5
-81868.5
-81868.5
-81868.5
-81868.5
-81868.5
-81868.5
-81868.5
-81868.5
-81868.5
-81868.5
-81868.5
-81868.5
-81868.5
-81868.5
-81868.5
-81868.5
-81868.5
-81868.5
-81868.5
-81868.5
-81868.5
-81868.5
-81868.5
-81868.5
-81868.5
-81868.5
-81868.5
-81868.5
-81868.5
-81473.0
-81473.0
-81868.5
-81473.0
-81473.0
-81473.0
-81473.0
-81473.0
-81473.0
-81473.0
-81473.0
-81473.0
-81473.0
-81473.0
-81473.0
-81473.0
-81473.0
-81473.0
-81473.0
-81473.0
-81473.0
-81473.0
-81473.0
-81473.0
-81473.0
-81473.0
-81473.0
-81473.0
-81473.0
-81473.0
-81077.5
-81077.5
-81473.0
-81077.5
-81077.5
-81473.0
-81473.0
-81077.5
-81077.5
-81077.5
-81077.5
-81077.5
-81077.5
-81077.5
-81077.5
-81077.5
-81077.5
-81077.5
-81077.5
-81077.5
-81077.5
-81077.5
-81077.5
-81077.5
-81077.5
-81077.5
-81077.5
-81077.5
-81077.5
-81077.5
-81077.5
-81077.5
-81077.5
-81077.5
-81077.5
-81077.5
-80682.0
-80682.0
-80682.0
-81077.5
-80682.0
-80682.0
-80682.0
-80682.0
-80682.0
-80682.0
-80682.0
-80682.0
-80682.0
-80682.0
-80682.0
-80682.0
-80682.0
-80682.0
-80682.0
-80682.0
-80682.0
-80682.0
-80682.0
-80682.0
-80682.0
-80682.0
-80682.0
-80682.0
-80682.0
-80682.0
-80682.0
-80682.0
-80286.5
-80286.5
-80682.0
-80286.5
-80286.5
-80286.5
-80286.5
-80286.5
-80286.5
-80286.5
-80286.5
-80286.5
-80286.5
-80286.5
-80286.5
-80286.5
-80286.5
-80286.5
-80286.5
-80286.5
-80286.5
-80286.5
-80286.5
-80286.5
-80286.5
-80286.5
-80286.5
-80286.5
-80286.5
-80286.5
-79891.0
-79891.0
-79891.0
-79891.0
-79891.0
-79891.0
-79891.0
-79891.0
-79891.0
-79891.0
-79891.0
-79891.0
-79891.0
-79891.0
-79891.0
-79891.0
-79891.0
-79891.0
-79891.0
-79891.0
-79891.0
-79891.0
-79891.0
-79891.0
-79891.0
-79891.0
-79891.0
-79891.0
-79891.0
-79891.0
-79891.0
-79891.0
-79891.0
-79891.0
-79891.0
-79891.0
-79495.5
-79495.5
-79495.5
-79495.5
-79495.5
-79495.5
-79495.5
-79495.5
-79495.5
-79495.5
-79495.5
-79495.5
-79495.5
-79495.5
-79495.5
-79495.5
-79495.5
-79495.5
-79495.5
-79495.5
-79495.5
-79495.5
-79495.5
-79495.5
-79495.5
-79495.5
-79495.5
-79100.0
-79100.0
-79100.0
-79100.0
-79100.0
-79100.0
-79100.0
-79100.0
-79100.0
-79100.0
-79100.0
-79100.0
-79100.0
-79100.0
-79100.0
-79100.0
-79100.0
-79100.0
-79100.0
-79100.0
-79100.0
-79100.0
-79100.0
-79100.0
-79100.0
-79100.0
-79100.0
-79100.0
-79100.0
-79100.0
-79100.0
-79100.0
-79100.0
-78704.5
-78704.5
-78704.5
-78704.5
-78704.5
-78704.5
-78704.5
-78704.5
-78704.5
-78704.5
-78704.5
-78704.5
-78704.5
-78704.5
-78704.5
-78704.5
-78704.5
-78704.5
-78704.5
-78704.5
-78704.5
-78704.5
-78704.5
-78704.5
-78704.5
-78704.5
-78704.5
-78704.5
-78704.5
-78704.5
-78704.5
-78309.0
-78309.0
-78309.0
-78309.0
-78309.0
-78309.0
-78309.0
-78309.0
-78309.0
-78309.0
-78309.0
-78309.0
-78309.0
-78309.0
-78309.0
-78309.0
-78309.0
-78309.0
-78309.0
-78309.0
-78309.0
-78309.0
-78309.0
-78309.0
-78309.0
-78309.0
-78309.0
-78309.0
-78309.0
-78309.0
-78309.0
-78309.0
-78309.0
-78309.0
-78309.0
-78309.0
-78309.0
-77913.5
-77913.5
-77913.5
-77913.5
-77913.5
-77913.5
-77913.5
-77913.5
-77913.5
-77913.5
-77913.5
-77913.5
-77913.5
-77913.5
-77913.5
-77913.5
-77913.5
-77913.5
-77913.5
-77913.5
-77913.5
-77913.5
-77913.5
-77913.5
-77913.5
-77913.5
-77913.5
-77913.5
-77913.5
-77913.5
-77913.5
-77913.5
-77913.5
-77518.0
-77518.0
-77518.0
-77518.0
-77518.0
-77518.0
-77518.0
-77518.0
-77518.0
-77518.0
-77518.0
-77518.0
-77518.0
-77518.0
-77518.0
-77518.0
-77518.0
-77518.0
-77518.0
-77518.0
-77518.0
-77518.0
-77518.0
-77518.0
-77518.0
-77518.0
-77518.0
-77518.0
-77518.0
-77518.0
-77518.0
-77518.0
-77122.5
-77122.5
-77122.5
-77122.5
-77122.5
-77122.5
-77122.5
-77122.5
-77122.5
-77122.5
-77122.5
-77122.5
-77122.5
-77122.5
-77122.5
-77122.5
-77122.5
-77122.5
-77122.5
-77122.5
-77122.5
-77122.5
-77122.5
-77122.5
-77122.5
-77122.5
-77122.5
-77122.5
-77122.5
-77122.5
-77122.5
-77122.5
-77122.5
-77122.5
-77122.5
-77122.5
-76727.0
-76727.0
-76727.0
-76727.0
-76727.0
-76727.0
-76727.0
-76727.0
-76727.0
-76727.0
-76727.0
-76727.0
-76727.0
-76727.0
-76727.0
-76727.0
-76727.0
-76727.0
-76727.0
-76727.0
-76727.0
-76727.0
-76727.0
-76727.0
-76727.0
-76727.0
-76331.5
-76727.0
-76331.5
-76331.5
-76331.5
-76727.0
-76331.5
-76331.5
-76331.5
-76331.5
-76331.5
-76331.5
-76331.5
-76331.5
-76331.5
-76331.5
-76331.5
-76331.5
-76331.5
-76331.5
-76331.5
-76331.5
-76331.5
-76331.5
-76331.5
-76331.5
-76331.5
-76331.5
-76331.5
-76331.5
-76331.5
-76331.5
-76331.5
-76331.5
-76331.5
-76331.5
-76331.5
-76331.5
-76331.5
-75936.0
-75936.0
-76331.5
-75936.0
-75936.0
-75936.0
-75936.0
-75936.0
-75936.0
-75936.0
-75936.0
-75936.0
-75936.0
-75936.0
-75936.0
-75936.0
-75936.0
-75936.0
-75936.0
-75936.0
-75936.0
-75936.0
-75936.0
-75936.0
-75936.0
-75936.0
-75936.0
-75936.0
-75936.0
-75936.0
-75936.0
-75936.0
-75936.0
-75540.5
-75540.5
-75540.5
-75540.5
-75540.5
-75540.5
-75936.0
-75540.5
-75540.5
-75540.5
-75540.5
-75540.5
-75540.5
-75540.5
-75540.5
-75540.5
-75540.5
-75540.5
-75540.5
-75540.5
-75540.5
-75540.5
-75540.5
-75540.5
-75540.5
-75540.5
-75540.5
-75540.5
-75540.5
-75540.5
-75540.5
-75540.5
-75540.5
-75540.5
-75540.5
-75540.5
-75540.5
-75540.5
-75145.0
-75145.0
-75145.0
-75145.0
-75145.0
-75145.0
-75145.0
-75145.0
-75145.0
-75145.0
-75145.0
-75145.0
-75145.0
-75145.0
-75145.0
-75145.0
-75145.0
-75145.0
-75145.0
-75145.0
-75145.0
-75145.0
-75145.0
-74749.5
-75145.0
-75145.0
-75145.0
-74749.5
-74749.5
-74749.5
-74749.5
-74749.5
-74749.5
-74749.5
-74749.5
-74749.5
-74749.5
-74749.5
-74749.5
-74749.5
-74749.5
-74749.5
-74749.5
-74749.5
-74749.5
-74749.5
-74749.5
-74749.5
-74749.5
-74749.5
-74749.5
-74749.5
-74749.5
-74749.5
-74749.5
-74749.5
-74749.5
-74749.5
-74749.5
-74749.5
-74749.5
-74749.5
-74354.0
-74354.0
-74354.0
-74354.0
-74354.0
-74354.0
-74354.0
-74354.0
-74354.0
-74354.0
-74354.0
-74354.0
-74354.0
-74354.0
-74354.0
-74354.0
-74354.0
-74354.0
-74354.0
-74354.0
-74354.0
-74354.0
-74354.0
-74354.0
-74354.0
-74354.0
-74354.0
-74354.0
-74354.0
-74354.0
-74354.0
-74354.0
-74354.0
-74354.0
-74354.0
-74354.0
-74354.0
-74354.0
-73958.5
-73958.5
-73958.5
-73958.5
-73958.5
-73958.5
-73958.5
-73958.5
-73958.5
-73958.5
-73958.5
-73958.5
-73958.5
-73958.5
-73958.5
-73958.5
-73958.5
-73958.5
-73958.5
-73958.5
-73958.5
-73958.5
-73958.5
-73958.5
-73958.5
-73958.5
-73958.5
-73958.5
-73958.5
-73958.5
-73958.5
-73958.5
-73958.5
-73958.5
-73958.5
-73563.0
-73563.0
-73563.0
-73563.0
-73563.0
-73563.0
-73563.0
-73563.0
-73563.0
-73563.0
-73563.0
-73563.0
-73563.0
-73563.0
-73563.0
-73563.0
-73563.0
-73563.0
-73563.0
-73563.0
-73563.0
-73563.0
-73563.0
-73563.0
-73563.0
-73563.0
-73563.0
-73563.0
-73563.0
-73563.0
-73563.0
-73563.0
-73563.0
-73563.0
-73167.5
-73167.5
-73167.5
-73167.5
-73167.5
-73167.5
-73167.5
-73167.5
-73167.5
-73167.5
-73167.5
-73167.5
-73167.5
-73167.5
-73167.5
-73167.5
-73167.5
-73167.5
-73167.5
-73167.5
-73167.5
-73167.5
-73167.5
-73167.5
-73167.5
-73167.5
-73167.5
-73167.5
-73167.5
-73167.5
-73167.5
-73167.5
-72772.0
-72772.0
-73167.5
-72772.0
-72772.0
-72772.0
-72772.0
-72772.0
-72772.0
-72772.0
-72772.0
-72772.0
-72772.0
-72772.0
-72772.0
-72772.0
-72772.0
-72772.0
-72772.0
-72772.0
-72772.0
-72772.0
-72772.0
-72772.0
-72772.0
-72772.0
-72772.0
-72772.0
-72772.0
-72772.0
-72772.0
-72772.0
-72772.0
-72772.0
-72772.0
-72772.0
-72772.0
-72772.0
-72772.0
-72772.0
-72376.5
-72376.5
-72772.0
-72376.5
-72376.5
-72772.0
-72376.5
-72376.5
-72376.5
-72376.5
-72376.5
-72376.5
-72376.5
-72376.5
-72376.5
-72376.5
-72376.5
-72376.5
-72376.5
-72376.5
-72376.5
-72376.5
-72376.5
-72376.5
-72376.5
-72376.5
-72376.5
-72376.5
-72376.5
-72376.5
-72376.5
-72376.5
-72376.5
-72376.5
-72376.5
-72376.5
-71981.0
-71981.0
-71981.0
-72376.5
-71981.0
-71981.0
-71981.0
-71981.0
-71981.0
-72376.5
-71981.0
-71981.0
-71981.0
-71981.0
-71981.0
-71981.0
-71981.0
-71981.0
-71981.0
-71981.0
-71981.0
-71981.0
-71981.0
-71981.0
-71981.0
-71981.0
-71981.0
-71981.0
-71981.0
-71981.0
-71981.0
-71981.0
-71981.0
-71981.0
-71981.0
-71585.5
-71585.5
-71585.5
-71585.5
-71585.5
-71585.5
-71585.5
-71585.5
-71585.5
-71585.5
-71585.5
-71585.5
-71585.5
-71585.5
-71585.5
-71585.5
-71585.5
-71585.5
-71585.5
-71585.5
-71585.5
-71585.5
-71585.5
-71585.5
-71585.5
-71585.5
-71585.5
-71585.5
-71585.5
-71585.5
-71585.5
-71585.5
-71585.5
-71585.5
-71585.5
-71585.5
-71585.5
-71190.0
-71190.0
-71190.0
-71190.0
-71190.0
-71190.0
-71190.0
-71190.0
-71190.0
-71190.0
-71190.0
-71190.0
-71190.0
-71190.0
-71190.0
-71190.0
-71190.0
-71190.0
-71190.0
-71190.0
-71190.0
-71190.0
-71190.0
-71190.0
-71190.0
-71190.0
-71190.0
-71190.0
-71190.0
-71190.0
-71190.0
-71190.0
-71190.0
-71190.0
-71190.0
-71190.0
-71190.0
-71190.0
-70794.5
-70794.5
-70794.5
-70794.5
-70794.5
-70794.5
-70794.5
-70794.5
-70794.5
-70794.5
-70794.5
-70794.5
-70794.5
-70794.5
-70794.5
-70794.5
-70794.5
-70794.5
-70794.5
-70794.5
-70794.5
-70794.5
-70794.5
-70794.5
-70794.5
-70794.5
-70794.5
-70794.5
-70399.0
-70399.0
-70399.0
-70399.0
-70399.0
-70399.0
-70399.0
-70399.0
-70399.0
-70399.0
-70399.0
-70399.0
-70399.0
-70399.0
-70399.0
-70399.0
-70399.0
-70399.0
-70399.0
-70399.0
-70399.0
-70399.0
-70399.0
-70399.0
-70399.0
-70399.0
-70399.0
-70399.0
-70399.0
-70399.0
-70399.0
-70399.0
-70399.0
-70399.0
-70399.0
-70399.0
-70399.0
-70399.0
-70399.0
-70399.0
-70003.5
-70003.5
-70003.5
-70003.5
-70003.5
-70003.5
-70003.5
-70003.5
-70003.5
-70003.5
-70003.5
-70003.5
-70003.5
-70003.5
-70003.5
-70003.5
-70003.5
-70003.5
-70003.5
-70003.5
-70003.5
-70003.5
-70003.5
-70003.5
-70003.5
-70003.5
-70003.5
-70003.5
-70003.5
-70003.5
-70003.5
-70003.5
-70003.5
-70003.5
-70003.5
-70003.5
-69608.0
-70003.5
-70003.5
-70003.5
-69608.0
-69608.0
-69608.0
-69608.0
-69608.0
-69608.0
-69608.0
-69608.0
-69608.0
-69608.0
-69608.0
-69608.0
-69608.0
-69608.0
-69608.0
-69608.0
-69608.0
-69608.0
-69608.0
-69608.0
-69608.0
-69608.0
-69608.0
-69608.0
-69608.0
-69608.0
-69608.0
-69608.0
-69608.0
-69608.0
-69608.0
-69608.0
-69608.0
-69608.0
-69608.0
-69608.0
-69212.5
-69212.5
-69212.5
-69212.5
-69212.5
-69212.5
-69212.5
-69212.5
-69212.5
-69212.5
-69212.5
-69212.5
-69212.5
-69212.5
-69212.5
-69212.5
-69212.5
-69212.5
-69212.5
-69212.5
-69212.5
-69212.5
-69212.5
-69212.5
-69212.5
-69212.5
-69212.5
-69212.5
-69212.5
-69212.5
-69212.5
-69212.5
-69212.5
-69212.5
-69212.5
-69212.5
-69212.5
-68817.0
-68817.0
-68817.0
-68817.0
-68817.0
-68817.0
-68817.0
-68817.0
-68817.0
-68817.0
-68817.0
-68817.0
-68817.0
-68817.0
-68817.0
-68817.0
-68817.0
-68817.0
-68817.0
-68817.0
-68817.0
-68817.0
-68817.0
-68817.0
-68817.0
-68817.0
-68817.0
-68817.0
-68817.0
-68817.0
-68817.0
-68817.0
-68817.0
-68817.0
-68817.0
-68817.0
-68421.5
-68421.5
-68421.5
-68421.5
-68421.5
-68421.5
-68421.5
-68421.5
-68421.5
-68421.5
-68421.5
-68421.5
-68421.5
-68421.5
-68421.5
-68421.5
-68421.5
-68421.5
-68421.5
-68421.5
-68421.5
-68421.5
-68421.5
-68421.5
-68421.5
-68421.5
-68421.5
-68421.5
-68421.5
-68421.5
-68421.5
-68421.5
-68421.5
-68421.5
-68421.5
-68421.5
-68421.5
-68421.5
-68421.5
-68421.5
-68026.0
-68026.0
-68421.5
-68026.0
-68026.0
-68026.0
-68026.0
-68026.0
-68026.0
-68026.0
-68026.0
-68026.0
-68026.0
-68026.0
-68026.0
-68026.0
-68026.0
-68026.0
-68026.0
-68026.0
-68026.0
-68026.0
-68026.0
-68026.0
-68026.0
-68026.0
-68026.0
-68026.0
-68026.0
-68026.0
-68026.0
-68026.0
-68026.0
-68026.0
-68026.0
-68026.0
-68026.0
-68026.0
-67630.5
-67630.5
-67630.5
-68026.0
-67630.5
-67630.5
-67630.5
-67630.5
-67630.5
-67630.5
-67630.5
-67630.5
-67630.5
-67630.5
-67630.5
-67630.5
-67630.5
-67630.5
-67630.5
-67630.5
-67630.5
-67630.5
-67630.5
-67630.5
-67630.5
-67630.5
-67630.5
-67630.5
-67630.5
-67630.5
-67630.5
-67630.5
-67630.5
-67630.5
-67630.5
-67630.5
-67630.5
-67630.5
-67630.5
-67630.5
-67235.0
-67235.0
-67235.0
-67235.0
-67235.0
-67235.0
-67235.0
-67235.0
-67235.0
-67235.0
-67235.0
-67235.0
-67235.0
-67235.0
-67235.0
-67235.0
-67235.0
-67235.0
-67235.0
-67235.0
-67235.0
-67235.0
-67235.0
-67235.0
-67235.0
-67235.0
-67235.0
-67235.0
-67235.0
-67235.0
-67235.0
-67235.0
-67235.0
-67235.0
-67235.0
-67235.0
-67235.0
-66839.5
-66839.5
-66839.5
-66839.5
-66839.5
-66839.5
-66839.5
-66839.5
-66839.5
-66839.5
-66839.5
-66839.5
-66839.5
-66839.5
-66839.5
-66839.5
-66839.5
-66839.5
-66839.5
-66839.5
-66839.5
-66839.5
-66839.5
-66839.5
-66839.5
-66839.5
-66839.5
-66839.5
-66839.5
-66839.5
-66839.5
-66839.5
-66839.5
-66839.5
-66444.0
-66839.5
-66839.5
-66839.5
-66444.0
-66444.0
-66444.0
-66444.0
-66444.0
-66444.0
-66444.0
-66444.0
-66444.0
-66444.0
-66444.0
-66444.0
-66444.0
-66444.0
-66444.0
-66444.0
-66444.0
-66444.0
-66444.0
-66444.0
-66444.0
-66444.0
-66444.0
-66444.0
-66444.0
-66444.0
-66444.0
-66444.0
-66444.0
-66444.0
-66444.0
-66048.5
-66048.5
-66048.5
-66048.5
-66444.0
-66444.0
-66444.0
-66048.5
-66048.5
-66048.5
-66048.5
-66048.5
-66048.5
-66048.5
-66048.5
-66048.5
-66048.5
-66048.5
-66048.5
-66048.5
-66048.5
-66048.5
-66048.5
-66048.5
-66048.5
-66048.5
-66048.5
-66048.5
-66048.5
-66048.5
-66048.5
-66048.5
-66048.5
-66048.5
-66048.5
-66048.5
-66048.5
-66048.5
-66048.5
-66048.5
-65653.0
-66048.5
-66048.5
-65653.0
-65653.0
-65653.0
-65653.0
-65653.0
-65653.0
-65653.0
-65653.0
-65653.0
-65653.0
-65653.0
-65653.0
-65653.0
-65653.0
-65653.0
-65653.0
-65653.0
-65653.0
-65653.0
-65653.0
-65653.0
-65653.0
-65653.0
-65653.0
-65653.0
-65653.0
-65653.0
-65653.0
-65653.0
-65653.0
-65653.0
-65653.0
-65653.0
-65653.0
-65653.0
-65653.0
-65653.0
-65653.0
-65653.0
-65653.0
-65653.0
-65653.0
-65257.5
-65257.5
-65257.5
-65257.5
-65257.5
-65257.5
-65257.5
-65257.5
-65257.5
-65257.5
-65257.5
-65257.5
-65257.5
-65257.5
-65257.5
-65257.5
-65257.5
-65257.5
-65257.5
-65257.5
-65257.5
-65257.5
-65257.5
-65257.5
-65257.5
-65257.5
-65257.5
-65257.5
-65257.5
-65257.5
-65257.5
-65257.5
-65257.5
-65257.5
-65257.5
-65257.5
-64862.0
-64862.0
-64862.0
-64862.0
-64862.0
-64862.0
-64862.0
-64862.0
-64862.0
-64862.0
-64862.0
-64862.0
-64862.0
-64862.0
-64862.0
-64862.0
-64862.0
-64862.0
-64862.0
-64862.0
-64862.0
-64862.0
-64862.0
-64862.0
-64862.0
-64862.0
-64862.0
-64862.0
-64862.0
-64862.0
-64862.0
-64862.0
-64862.0
-64862.0
-64862.0
-64862.0
-64862.0
-64862.0
-64862.0
-64862.0
-64862.0
-64862.0
-64862.0
-64862.0
-64862.0
-64466.5
-64466.5
-64466.5
-64466.5
-64466.5
-64466.5
-64466.5
-64466.5
-64466.5
-64466.5
-64466.5
-64466.5
-64466.5
-64466.5
-64466.5
-64466.5
-64466.5
-64466.5
-64466.5
-64466.5
-64466.5
-64466.5
-64466.5
-64466.5
-64466.5
-64466.5
-64466.5
-64466.5
-64466.5
-64466.5
-64466.5
-64466.5
-64466.5
-64071.0
-64071.0
-64071.0
-64466.5
-64071.0
-64071.0
-64071.0
-64071.0
-64071.0
-64071.0
-64071.0
-64071.0
-64071.0
-64071.0
-64071.0
-64071.0
-64071.0
-64071.0
-64071.0
-64071.0
-64071.0
-64071.0
-64071.0
-64071.0
-64071.0
-64071.0
-64071.0
-64071.0
-64071.0
-64071.0
-64071.0
-64071.0
-64071.0
-64071.0
-64071.0
-64071.0
-64071.0
-64071.0
-64071.0
-64071.0
-64071.0
-64071.0
-64071.0
-64071.0
-64071.0
-64071.0
-64071.0
-63675.5
-63675.5
-63675.5
-63675.5
-63675.5
-63675.5
-63675.5
-63675.5
-63675.5
-63675.5
-63675.5
-63675.5
-63675.5
-63675.5
-63675.5
-63675.5
-63675.5
-63675.5
-63675.5
-63675.5
-63675.5
-63675.5
-63675.5
-63675.5
-63675.5
-63675.5
-63675.5
-63675.5
-63675.5
-63675.5
-63675.5
-63675.5
-63675.5
-63675.5
-63675.5
-63280.0
-63280.0
-63675.5
-63675.5
-63675.5
-63675.5
-63675.5
-63280.0
-63280.0
-63280.0
-63280.0
-63280.0
-63280.0
-63280.0
-63280.0
-63280.0
-63280.0
-63280.0
-63280.0
-63280.0
-63280.0
-63280.0
-63280.0
-63280.0
-63280.0
-63280.0
-63280.0
-63280.0
-63280.0
-63280.0
-63280.0
-63280.0
-63280.0
-63280.0
-63280.0
-63280.0
-63280.0
-63280.0
-63280.0
-63280.0
-63280.0
-63280.0
-63280.0
-63280.0
-63280.0
-63280.0
-63280.0
-63280.0
-63280.0
-63280.0
-62884.5
-62884.5
-62884.5
-62884.5
-62884.5
-62884.5
-62884.5
-62884.5
-62884.5
-62884.5
-62884.5
-62884.5
-62884.5
-62884.5
-62884.5
-62884.5
-62884.5
-62884.5
-62884.5
-62884.5
-62884.5
-62884.5
-62884.5
-62884.5
-62884.5
-62884.5
-62884.5
-62884.5
-62884.5
-62884.5
-62884.5
-62884.5
-62884.5
-62884.5
-62884.5
-62884.5
-62489.0
-62489.0
-62489.0
-62884.5
-62489.0
-62489.0
-62489.0
-62489.0
-62489.0
-62489.0
-62489.0
-62489.0
-62489.0
-62489.0
-62489.0
-62489.0
-62489.0
-62489.0
-62489.0
-62489.0
-62489.0
-62489.0
-62489.0
-62489.0
-62489.0
-62489.0
-62489.0
-62489.0
-62489.0
-62489.0
-62489.0
-62489.0
-62489.0
-62489.0
-62489.0
-62489.0
-62489.0
-62489.0
-62093.5
-62093.5
-62093.5
-62093.5
-62093.5
-62093.5
-62093.5
-62093.5
-62093.5
-62093.5
-62093.5
-62093.5
-62093.5
-62093.5
-62093.5
-62093.5
-62093.5
-62093.5
-62093.5
-62093.5
-62093.5
-62093.5
-62093.5
-62093.5
-62093.5
-62093.5
-62093.5
-62093.5
-62093.5
-62093.5
-62093.5
-62093.5
-62093.5
-62093.5
-62093.5
-62093.5
-62093.5
-62093.5
-62093.5
-62093.5
-62093.5
-62093.5
-61698.0
-61698.0
-61698.0
-61698.0
-61698.0
-61698.0
-61698.0
-61698.0
-61698.0
-61698.0
-61698.0
-61698.0
-61698.0
-61698.0
-61698.0
-61698.0
-61698.0
-61698.0
-61698.0
-61698.0
-61698.0
-61698.0
-61698.0
-61698.0
-61698.0
-61698.0
-61698.0
-61698.0
-61698.0
-61698.0
-61698.0
-61698.0
-61698.0
-61698.0
-61698.0
-61698.0
-61698.0
-61698.0
-61698.0
-61698.0
-61302.5
-61302.5
-61302.5
-61302.5
-61302.5
-61302.5
-61302.5
-61302.5
-61302.5
-61302.5
-61302.5
-61302.5
-61302.5
-61302.5
-61302.5
-61302.5
-61302.5
-61302.5
-61302.5
-61302.5
-61302.5
-61302.5
-61302.5
-61302.5
-61302.5
-61302.5
-61302.5
-61302.5
-61302.5
-61302.5
-61302.5
-61302.5
-61302.5
-61302.5
-61302.5
-61302.5
-61302.5
-61302.5
-61302.5
-61302.5
-61302.5
-61302.5
-61302.5
-61302.5
-61302.5
-61302.5
-60907.0
-60907.0
-60907.0
-60907.0
-60907.0
-60907.0
-60907.0
-60907.0
-60907.0
-60907.0
-60907.0
-60907.0
-60907.0
-60907.0
-60907.0
-60907.0
-60907.0
-60907.0
-60907.0
-60907.0
-60907.0
-60907.0
-60907.0
-60907.0
-60907.0
-60907.0
-60907.0
-60907.0
-60907.0
-60907.0
-60907.0
-60907.0
-60907.0
-60907.0
-60907.0
-60907.0
-60907.0
-60907.0
-60907.0
-60907.0
-60511.5
-60511.5
-60511.5
-60511.5
-60511.5
-60511.5
-60511.5
-60511.5
-60511.5
-60511.5
-60511.5
-60511.5
-60511.5
-60511.5
-60511.5
-60511.5
-60511.5
-60511.5
-60511.5
-60511.5
-60511.5
-60511.5
-60511.5
-60511.5
-60511.5
-60511.5
-60511.5
-60511.5
-60511.5
-60511.5
-60511.5
-60511.5
-60511.5
-60511.5
-60511.5
-60511.5
-60511.5
-60511.5
-60511.5
-60511.5
-60511.5
-60511.5
-60511.5
-60116.0
-60116.0
-60116.0
-60116.0
-60116.0
-60116.0
-60116.0
-60116.0
-60116.0
-60116.0
-60116.0
-60116.0
-60116.0
-60116.0
-60116.0
-60116.0
-60116.0
-60116.0
-60116.0
-60116.0
-60116.0
-60116.0
-60116.0
-60116.0
-60116.0
-60116.0
-60116.0
-60116.0
-60116.0
-60116.0
-60116.0
-60116.0
-60116.0
-60116.0
-60116.0
-60116.0
-60116.0
-60116.0
-60116.0
-60116.0
-60116.0
-60116.0
-60116.0
-59720.5
-59720.5
-59720.5
-59720.5
-59720.5
-59720.5
-59720.5
-59720.5
-59720.5
-59720.5
-59720.5
-59720.5
-59720.5
-59720.5
-59720.5
-59720.5
-59720.5
-59720.5
-59720.5
-59720.5
-59720.5
-59720.5
-59720.5
-59720.5
-59720.5
-59720.5
-59720.5
-59720.5
-59720.5
-59720.5
-59720.5
-59720.5
-59720.5
-59720.5
-59720.5
-59720.5
-59720.5
-59720.5
-59720.5
-59720.5
-59720.5
-59720.5
-59720.5
-59720.5
-59720.5
-59720.5
-59720.5
-59325.0
-59325.0
-59325.0
-59325.0
-59325.0
-59325.0
-59325.0
-59325.0
-59325.0
-59325.0
-59325.0
-59325.0
-59325.0
-59325.0
-59325.0
-59325.0
-59325.0
-59325.0
-59325.0
-59325.0
-59325.0
-59325.0
-59325.0
-59325.0
-59325.0
-59325.0
-59325.0
-59325.0
-59325.0
-59325.0
-59325.0
-59325.0
-59325.0
-59325.0
-59325.0
-58929.5
-58929.5
-58929.5
-58929.5
-59325.0
-58929.5
-58929.5
-58929.5
-58929.5
-58929.5
-58929.5
-58929.5
-58929.5
-58929.5
-58929.5
-58929.5
-58929.5
-58929.5
-58929.5
-58929.5
-58929.5
-58929.5
-58929.5
-58929.5
-58929.5
-58929.5
-58929.5
-58929.5
-58929.5
-58929.5
-58929.5
-58929.5
-58929.5
-58929.5
-58929.5
-58929.5
-58929.5
-58929.5
-58929.5
-58929.5
-58929.5
-58929.5
-58929.5
-58929.5
-58929.5
-58929.5
-58929.5
-58929.5
-58929.5
-58929.5
-58929.5
-58929.5
-58929.5
-58534.0
-58534.0
-58534.0
-58534.0
-58534.0
-58534.0
-58534.0
-58534.0
-58534.0
-58534.0
-58534.0
-58534.0
-58534.0
-58534.0
-58534.0
-58534.0
-58534.0
-58534.0
-58534.0
-58534.0
-58534.0
-58534.0
-58534.0
-58534.0
-58534.0
-58534.0
-58534.0
-58534.0
-58534.0
-58534.0
-58534.0
-58138.5
-58534.0
-58534.0
-58534.0
-58534.0
-58534.0
-58534.0
-58138.5
-58138.5
-58138.5
-58138.5
-58138.5
-58138.5
-58138.5
-58138.5
-58138.5
-58138.5
-58138.5
-58138.5
-58138.5
-58138.5
-58138.5
-58138.5
-58138.5
-58138.5
-58138.5
-58138.5
-58138.5
-58138.5
-58138.5
-58138.5
-58138.5
-58138.5
-58138.5
-58138.5
-58138.5
-58138.5
-58138.5
-58138.5
-58138.5
-58138.5
-58138.5
-58138.5
-58138.5
-58138.5
-58138.5
-58138.5
-58138.5
-58138.5
-58138.5
-57743.0
-58138.5
-58138.5
-58138.5
-57743.0
-57743.0
-57743.0
-57743.0
-57743.0
-57743.0
-57743.0
-57743.0
-57743.0
-57743.0
-57743.0
-57743.0
-57743.0
-57743.0
-57743.0
-57743.0
-57743.0
-57743.0
-57743.0
-57743.0
-57743.0
-57743.0
-57743.0
-57743.0
-57743.0
-57743.0
-57743.0
-57743.0
-57743.0
-57743.0
-57743.0
-57743.0
-57743.0
-57743.0
-57743.0
-57743.0
-57743.0
-57743.0
-57743.0
-57743.0
-57743.0
-57347.5
-57347.5
-57347.5
-57347.5
-57347.5
-57347.5
-57347.5
-57347.5
-57347.5
-57347.5
-57347.5
-57347.5
-57347.5
-57347.5
-57347.5
-57347.5
-57347.5
-57347.5
-57347.5
-57347.5
-57347.5
-57347.5
-57347.5
-57347.5
-57347.5
-57347.5
-57347.5
-57347.5
-57347.5
-57347.5
-57347.5
-57347.5
-57347.5
-57347.5
-57347.5
-57347.5
-57347.5
-57347.5
-57347.5
-57347.5
-56952.0
-57347.5
-57347.5
-56952.0
-57347.5
-57347.5
-57347.5
-56952.0
-56952.0
-56952.0
-56952.0
-56952.0
-56952.0
-56952.0
-56952.0
-56952.0
-56952.0
-56952.0
-56952.0
-56952.0
-56952.0
-56952.0
-56952.0
-56952.0
-56952.0
-56952.0
-56952.0
-56952.0
-56952.0
-56952.0
-56952.0
-56952.0
-56952.0
-56952.0
-56952.0
-56952.0
-56952.0
-56952.0
-56952.0
-56952.0
-56952.0
-56952.0
-56952.0
-56952.0
-56952.0
-56952.0
-56952.0
-56952.0
-56952.0
-56952.0
-56952.0
-56952.0
-56556.5
-56556.5
-56556.5
-56556.5
-56556.5
-56556.5
-56556.5
-56556.5
-56556.5
-56556.5
-56556.5
-56556.5
-56556.5
-56556.5
-56556.5
-56556.5
-56556.5
-56556.5
-56556.5
-56556.5
-56556.5
-56556.5
-56556.5
-56556.5
-56556.5
-56556.5
-56556.5
-56556.5
-56556.5
-56556.5
-56556.5
-56556.5
-56556.5
-56556.5
-56556.5
-56556.5
-56556.5
-56556.5
-56556.5
-56556.5
-56556.5
-56556.5
-56556.5
-56556.5
-56161.0
-56161.0
-56161.0
-56161.0
-56161.0
-56161.0
-56161.0
-56161.0
-56161.0
-56161.0
-56161.0
-56161.0
-56161.0
-56161.0
-56161.0
-56161.0
-56161.0
-56161.0
-56161.0
-56161.0
-56161.0
-56161.0
-56161.0
-56161.0
-56161.0
-56161.0
-56161.0
-56161.0
-56161.0
-56161.0
-56161.0
-56161.0
-56161.0
-56161.0
-56161.0
-56161.0
-56161.0
-56161.0
-56161.0
-56161.0
-56161.0
-56161.0
-56161.0
-56161.0
-56161.0
-56161.0
-56161.0
-56161.0
-56161.0
-56161.0
-55765.5
-55765.5
-55765.5
-55765.5
-55765.5
-55765.5
-55765.5
-55765.5
-55765.5
-55765.5
-55765.5
-55765.5
-55765.5
-55765.5
-55765.5
-55765.5
-55765.5
-55765.5
-55765.5
-55765.5
-55765.5
-55765.5
-55765.5
-55765.5
-55765.5
-55765.5
-55765.5
-55765.5
-55765.5
-55765.5
-55765.5
-55765.5
-55765.5
-55765.5
-55765.5
-55765.5
-55765.5
-55765.5
-55765.5
-55765.5
-55765.5
-55765.5
-55370.0
-55370.0
-55765.5
-55370.0
-55370.0
-55370.0
-55370.0
-55370.0
-55370.0
-55370.0
-55370.0
-55370.0
-55370.0
-55370.0
-55370.0
-55370.0
-55370.0
-55370.0
-55370.0
-55370.0
-55370.0
-55370.0
-55370.0
-55370.0
-55370.0
-55370.0
-55370.0
-55370.0
-55370.0
-55370.0
-55370.0
-55370.0
-55370.0
-55370.0
-55370.0
-55370.0
-55370.0
-55370.0
-55370.0
-55370.0
-55370.0
-55370.0
-55370.0
-55370.0
-55370.0
-55370.0
-55370.0
-55370.0
-55370.0
-55370.0
-55370.0
-54974.5
-54974.5
-54974.5
-55370.0
-54974.5
-54974.5
-55370.0
-54974.5
-54974.5
-54974.5
-54974.5
-54974.5
-54974.5
-54974.5
-54974.5
-54974.5
-54974.5
-54974.5
-54974.5
-54974.5
-54974.5
-54974.5
-54974.5
-54974.5
-54974.5
-54974.5
-54974.5
-54974.5
-54974.5
-54974.5
-54974.5
-54974.5
-54974.5
-54974.5
-54579.0
-54579.0
-54974.5
-54974.5
-54974.5
-54974.5
-54974.5
-54579.0
-54579.0
-54974.5
-54974.5
-54974.5
-54974.5
-54974.5
-54974.5
-54974.5
-54579.0
-54579.0
-54579.0
-54579.0
-54579.0
-54579.0
-54974.5
-54579.0
-54579.0
-54579.0
-54579.0
-54579.0
-54579.0
-54579.0
-54579.0
-54579.0
-54579.0
-54579.0
-54579.0
-54579.0
-54579.0
-54579.0
-54579.0
-54579.0
-54579.0
-54579.0
-54579.0
-54579.0
-54579.0
-54183.5
-54183.5
-54579.0
-54579.0
-54579.0
-54579.0
-54183.5
-54183.5
-54183.5
-54183.5
-54183.5
-54183.5
-54579.0
-54183.5
-54183.5
-54183.5
-54183.5
-54183.5
-54183.5
-54183.5
-54183.5
-54183.5
-54183.5
-54183.5
-54183.5
-54183.5
-54183.5
-54183.5
-54183.5
-54183.5
-54183.5
-54183.5
-54183.5
-54183.5
-54183.5
-54183.5
-54183.5
-54183.5
-54183.5
-54183.5
-54183.5
-54183.5
-54183.5
-54183.5
-54183.5
-54183.5
-54183.5
-53788.0
-54183.5
-54183.5
-54183.5
-53788.0
-53788.0
-53788.0
-53788.0
-53788.0
-53788.0
-53788.0
-53788.0
-53788.0
-53788.0
-53788.0
-53788.0
-53788.0
-53788.0
-53788.0
-53788.0
-53788.0
-53788.0
-53788.0
-53788.0
-53788.0
-53788.0
-53788.0
-53788.0
-53788.0
-53788.0
-53788.0
-53788.0
-53788.0
-53788.0
-53788.0
-53788.0
-53788.0
-53788.0
-53788.0
-53788.0
-53788.0
-53788.0
-53788.0
-53788.0
-53788.0
-53788.0
-53788.0
-53788.0
-53788.0
-53788.0
-53392.5
-53788.0
-53788.0
-53788.0
-53788.0
-53788.0
-53788.0
-53788.0
-53788.0
-53788.0
-53392.5
-53392.5
-53392.5
-53392.5
-53392.5
-53392.5
-53392.5
-53392.5
-53392.5
-53392.5
-53392.5
-53392.5
-53392.5
-53392.5
-53392.5
-53392.5
-53392.5
-53392.5
-53392.5
-53392.5
-53392.5
-53392.5
-53392.5
-53392.5
-53392.5
-53392.5
-53392.5
-53392.5
-53392.5
-53392.5
-53392.5
-53392.5
-53392.5
-53392.5
-53392.5
-53392.5
-53392.5
-52997.0
-52997.0
-53392.5
-53392.5
-53392.5
-52997.0
-52997.0
-52997.0
-52997.0
-52997.0
-52997.0
-52997.0
-52997.0
-52997.0
-52997.0
-52997.0
-52997.0
-52997.0
-52997.0
-52997.0
-52997.0
-52997.0
-52997.0
-52997.0
-52997.0
-52997.0
-52997.0
-52997.0
-52997.0
-52997.0
-52997.0
-52997.0
-52997.0
-52997.0
-52997.0
-52997.0
-52997.0
-52997.0
-52997.0
-52997.0
-52997.0
-52997.0
-52997.0
-52997.0
-52997.0
-52997.0
-52997.0
-52997.0
-52997.0
-52997.0
-52997.0
-52601.5
-52997.0
-52997.0
-52997.0
-52601.5
-52997.0
-52997.0
-52601.5
-52601.5
-52601.5
-52601.5
-52601.5
-52601.5
-52601.5
-52601.5
-52601.5
-52601.5
-52601.5
-52601.5
-52601.5
-52601.5
-52601.5
-52601.5
-52601.5
-52601.5
-52601.5
-52601.5
-52601.5
-52601.5
-52601.5
-52601.5
-52601.5
-52601.5
-52601.5
-52601.5
-52601.5
-52601.5
-52601.5
-52601.5
-52601.5
-52601.5
-52601.5
-52601.5
-52601.5
-52601.5
-52601.5
-52601.5
-52601.5
-52601.5
-52601.5
-52601.5
-52601.5
-52601.5
-52206.0
-52206.0
-52206.0
-52206.0
-52206.0
-52206.0
-52206.0
-52206.0
-52206.0
-52206.0
-52206.0
-52206.0
-52206.0
-52206.0
-52206.0
-52206.0
-52206.0
-52206.0
-52206.0
-52206.0
-52206.0
-52206.0
-52206.0
-52206.0
-52206.0
-52206.0
-52206.0
-52206.0
-52206.0
-52206.0
-52206.0
-52206.0
-52206.0
-52206.0
-52206.0
-52206.0
-52206.0
-52206.0
-52206.0
-52206.0
-52206.0
-52206.0
-52206.0
-52206.0
-52206.0
-52206.0
-52206.0
-52206.0
-52206.0
-52206.0
-51810.5
-51810.5
-51810.5
-51810.5
-51810.5
-51810.5
-51810.5
-51810.5
-51810.5
-51810.5
-51810.5
-51810.5
-51810.5
-51810.5
-51810.5
-51810.5
-51810.5
-51810.5
-51810.5
-51810.5
-51810.5
-51810.5
-51810.5
-51810.5
-51810.5
-51810.5
-51810.5
-51810.5
-51810.5
-51810.5
-51810.5
-51810.5
-51810.5
-51810.5
-51810.5
-51810.5
-51810.5
-51810.5
-51810.5
-51810.5
-51810.5
-51810.5
-51810.5
-51810.5
-51810.5
-51810.5
-51810.5
-51810.5
-51810.5
-51810.5
-51415.0
-51415.0
-51415.0
-51415.0
-51810.5
-51415.0
-51415.0
-51415.0
-51415.0
-51415.0
-51415.0
-51415.0
-51415.0
-51415.0
-51415.0
-51415.0
-51415.0
-51415.0
-51415.0
-51415.0
-51415.0
-51415.0
-51415.0
-51415.0
-51415.0
-51415.0
-51415.0
-51415.0
-51415.0
-51415.0
-51415.0
-51415.0
-51415.0
-51415.0
-51415.0
-51415.0
-51415.0
-51415.0
-51415.0
-51415.0
-51415.0
-51415.0
-51415.0
-51415.0
-51415.0
-51415.0
-51415.0
-51415.0
-51415.0
-51415.0
-51019.5
-51019.5
-51415.0
-51019.5
-51019.5
-51019.5
-51019.5
-51019.5
-51019.5
-51019.5
-51019.5
-51019.5
-51019.5
-51019.5
-51019.5
-51019.5
-51019.5
-51019.5
-51019.5
-51019.5
-51019.5
-51019.5
-51019.5
-51019.5
-51019.5
-51019.5
-51019.5
-51019.5
-51019.5
-51019.5
-51019.5
-51019.5
-51019.5
-51019.5
-51019.5
-51019.5
-51019.5
-51019.5
-51019.5
-51019.5
-51019.5
-51019.5
-51019.5
-51019.5
-51019.5
-51019.5
-51019.5
-51019.5
-51019.5
-51019.5
-50624.0
-50624.0
-51019.5
-51019.5
-51019.5
-51019.5
-50624.0
-50624.0
-50624.0
-50624.0
-50624.0
-50624.0
-50624.0
-50624.0
-50624.0
-50624.0
-50624.0
-50624.0
-50624.0
-50624.0
-50624.0
-50624.0
-50624.0
-50624.0
-50624.0
-50624.0
-50624.0
-50624.0
-50624.0
-50624.0
-50624.0
-50624.0
-50624.0
-50624.0
-50624.0
-50624.0
-50624.0
-50624.0
-50624.0
-50624.0
-50624.0
-50624.0
-50624.0
-50624.0
-50624.0
-50624.0
-50624.0
-50624.0
-50624.0
-50624.0
-50624.0
-50624.0
-50624.0
-50624.0
-50624.0
-50228.5
-50228.5
-50228.5
-50228.5
-50228.5
-50228.5
-50228.5
-50228.5
-50228.5
-50228.5
-50228.5
-50228.5
-50228.5
-50228.5
-50228.5
-50228.5
-50228.5
-50228.5
-50228.5
-50228.5
-50228.5
-50228.5
-50228.5
-50228.5
-50228.5
-50228.5
-50228.5
-50228.5
-50228.5
-50228.5
-50228.5
-50228.5
-50228.5
-50228.5
-50228.5
-50228.5
-50228.5
-50228.5
-50228.5
-50228.5
-50228.5
-50228.5
-50228.5
-50228.5
-50228.5
-50228.5
-50228.5
-50228.5
-50228.5
-50228.5
-50228.5
-50228.5
-50228.5
-50228.5
-50228.5
-50228.5
-49833.0
-49833.0
-49833.0
-49833.0
-49833.0
-49833.0
-49833.0
-49833.0
-49833.0
-49833.0
-49833.0
-49833.0
-49833.0
-49833.0
-49833.0
-49833.0
-49833.0
-49833.0
-49833.0
-49833.0
-49833.0
-49833.0
-49833.0
-49833.0
-49833.0
-49833.0
-49833.0
-49833.0
-49833.0
-49833.0
-49833.0
-49833.0
-49833.0
-49833.0
-49833.0
-49833.0
-49833.0
-49833.0
-49437.5
-49833.0
-49833.0
-49833.0
-49437.5
-49437.5
-49437.5
-49437.5
-49437.5
-49437.5
-49437.5
-49437.5
-49437.5
-49437.5
-49437.5
-49437.5
-49437.5
-49437.5
-49437.5
-49437.5
-49437.5
-49437.5
-49437.5
-49437.5
-49437.5
-49437.5
-49437.5
-49437.5
-49437.5
-49437.5
-49437.5
-49437.5
-49437.5
-49437.5
-49437.5
-49437.5
-49437.5
-49437.5
-49437.5
-49437.5
-49437.5
-49437.5
-49437.5
-49437.5
-49437.5
-49437.5
-49437.5
-49437.5
-49437.5
-49437.5
-49437.5
-49437.5
-49437.5
-49437.5
-49437.5
-49437.5
-49437.5
-49437.5
-49437.5
-49437.5
-49042.0
-49042.0
-49042.0
-49042.0
-49042.0
-49042.0
-49042.0
-49042.0
-49042.0
-49042.0
-49042.0
-49042.0
-49042.0
-49042.0
-49042.0
-49042.0
-49042.0
-49042.0
-49042.0
-49042.0
-49042.0
-49042.0
-49042.0
-49042.0
-49042.0
-49042.0
-49042.0
-49042.0
-49042.0
-49042.0
-49042.0
-49042.0
-49042.0
-49042.0
-49042.0
-49042.0
-49042.0
-49042.0
-49042.0
-49042.0
-49042.0
-49042.0
-49042.0
-49042.0
-49042.0
-48646.5
-48646.5
-48646.5
-48646.5
-49042.0
-49042.0
-49042.0
-48646.5
-48646.5
-48646.5
-48646.5
-48646.5
-48646.5
-48646.5
-48646.5
-48646.5
-48646.5
-48646.5
-48646.5
-48646.5
-48646.5
-48646.5
-48646.5
-48646.5
-48646.5
-48646.5
-48646.5
-48646.5
-48646.5
-48646.5
-48646.5
-48646.5
-48646.5
-48646.5
-48646.5
-48646.5
-48646.5
-48646.5
-48646.5
-48646.5
-48646.5
-48646.5
-48646.5
-48646.5
-48646.5
-48646.5
-48646.5
-48646.5
-48646.5
-48646.5
-48646.5
-48646.5
-48646.5
-48251.0
-48646.5
-48646.5
-48646.5
-48251.0
-48646.5
-48646.5
-48251.0
-48646.5
-48646.5
-48251.0
-48251.0
-48251.0
-48251.0
-48251.0
-48251.0
-48251.0
-48251.0
-48251.0
-48251.0
-48251.0
-48251.0
-48251.0
-48251.0
-48251.0
-48251.0
-48251.0
-48251.0
-48251.0
-48251.0
-48251.0
-48251.0
-48251.0
-48251.0
-48251.0
-48251.0
-48251.0
-48251.0
-48251.0
-48251.0
-48251.0
-48251.0
-48251.0
-48251.0
-48251.0
-48251.0
-48251.0
-48251.0
-48251.0
-48251.0
-48251.0
-48251.0
-48251.0
-48251.0
-48251.0
-48251.0
-48251.0
-48251.0
-48251.0
-48251.0
-47855.5
-47855.5
-47855.5
-47855.5
-47855.5
-47855.5
-47855.5
-47855.5
-47855.5
-47855.5
-47855.5
-47855.5
-47855.5
-47855.5
-47855.5
-47855.5
-47855.5
-47855.5
-47855.5
-47855.5
-47855.5
-47855.5
-47855.5
-47855.5
-47855.5
-47855.5
-47855.5
-47855.5
-47855.5
-47855.5
-47855.5
-47855.5
-47855.5
-47855.5
-47855.5
-47855.5
-47855.5
-47855.5
-47855.5
-47855.5
-47855.5
-47855.5
-47855.5
-47855.5
-47855.5
-47855.5
-47855.5
-47855.5
-47855.5
-47855.5
-47855.5
-47855.5
-47855.5
-47460.0
-47460.0
-47460.0
-47460.0
-47460.0
-47460.0
-47460.0
-47460.0
-47460.0
-47460.0
-47460.0
-47460.0
-47460.0
-47460.0
-47460.0
-47460.0
-47460.0
-47460.0
-47460.0
-47460.0
-47460.0
-47460.0
-47460.0
-47460.0
-47460.0
-47460.0
-47460.0
-47460.0
-47460.0
-47460.0
-47460.0
-47460.0
-47460.0
-47460.0
-47460.0
-47460.0
-47460.0
-47460.0
-47460.0
-47460.0
-47460.0
-47460.0
-47460.0
-47460.0
-47460.0
-47460.0
-47460.0
-47460.0
-47460.0
-47460.0
-47460.0
-47460.0
-47460.0
-47460.0
-47460.0
-47064.5
-47064.5
-47064.5
-47064.5
-47460.0
-47064.5
-47064.5
-47064.5
-47064.5
-47064.5
-47064.5
-47064.5
-47064.5
-47064.5
-47064.5
-47064.5
-47064.5
-47064.5
-47064.5
-47064.5
-47064.5
-47064.5
-47064.5
-47064.5
-47064.5
-47064.5
-47064.5
-47064.5
-47064.5
-47064.5
-47064.5
-47064.5
-47064.5
-47064.5
-47064.5
-47064.5
-47064.5
-47064.5
-47064.5
-47064.5
-47064.5
-47064.5
-47064.5
-47064.5
-47064.5
-47064.5
-47064.5
-47064.5
-47064.5
-47064.5
-47064.5
-47064.5
-46669.0
-46669.0
-47064.5
-46669.0
-46669.0
-47064.5
-46669.0
-46669.0
-46669.0
-47064.5
-46669.0
-46669.0
-46669.0
-46669.0
-46669.0
-46669.0
-46669.0
-46669.0
-46669.0
-46669.0
-46669.0
-46669.0
-46669.0
-46669.0
-46669.0
-46669.0
-46669.0
-46669.0
-46669.0
-46669.0
-46669.0
-46669.0
-46669.0
-46669.0
-46669.0
-46669.0
-46669.0
-46669.0
-46669.0
-46669.0
-46669.0
-46669.0
-46669.0
-46669.0
-46669.0
-46669.0
-46669.0
-46669.0
-46669.0
-46669.0
-46669.0
-46669.0
-46669.0
-46669.0
-46669.0
-46669.0
-46669.0
-46669.0
-46669.0
-46669.0
-46669.0
-46669.0
-46669.0
-46273.5
-46273.5
-46273.5
-46273.5
-46273.5
-46273.5
-46273.5
-46273.5
-46273.5
-46669.0
-46273.5
-46273.5
-46273.5
-46273.5
-46273.5
-46273.5
-46273.5
-46273.5
-46273.5
-46273.5
-46273.5
-46273.5
-46273.5
-46273.5
-46273.5
-46273.5
-46273.5
-46273.5
-46273.5
-46273.5
-46273.5
-46273.5
-46273.5
-46273.5
-46273.5
-46273.5
-46273.5
-46273.5
-46273.5
-46273.5
-46273.5
-46273.5
-46273.5
-46273.5
-46273.5
-46273.5
-46273.5
-46273.5
-46273.5
-46273.5
-46273.5
-46273.5
-46273.5
-46273.5
-46273.5
-46273.5
-46273.5
-46273.5
-45878.0
-45878.0
-45878.0
-45878.0
-45878.0
-45878.0
-45878.0
-45878.0
-45878.0
-45878.0
-45878.0
-45878.0
-45878.0
-45878.0
-45878.0
-45878.0
-45878.0
-45878.0
-45878.0
-45878.0
-45878.0
-45878.0
-45878.0
-45878.0
-45878.0
-45878.0
-45878.0
-45878.0
-45878.0
-45878.0
-45878.0
-45878.0
-45878.0
-45878.0
-45878.0
-45878.0
-45878.0
-45878.0
-45878.0
-45878.0
-45878.0
-45482.5
-45482.5
-45482.5
-45482.5
-45482.5
-45482.5
-45482.5
-45482.5
-45482.5
-45482.5
-45482.5
-45482.5
-45482.5
-45482.5
-45482.5
-45482.5
-45482.5
-45482.5
-45482.5
-45482.5
-45482.5
-45482.5
-45482.5
-45482.5
-45482.5
-45482.5
-45482.5
-45482.5
-45482.5
-45482.5
-45482.5
-45482.5
-45482.5
-45482.5
-45482.5
-45482.5
-45482.5
-45482.5
-45482.5
-45482.5
-45482.5
-45482.5
-45482.5
-45482.5
-45482.5
-45482.5
-45482.5
-45482.5
-45482.5
-45482.5
-45482.5
-45482.5
-45482.5
-45482.5
-45482.5
-45482.5
-45482.5
-45482.5
-45482.5
-45482.5
-45087.0
-45482.5
-45482.5
-45482.5
-45087.0
-45087.0
-45087.0
-45087.0
-45087.0
-45087.0
-45087.0
-45087.0
-45087.0
-45087.0
-45087.0
-45087.0
-45087.0
-45087.0
-45087.0
-45087.0
-45087.0
-45087.0
-45087.0
-45087.0
-45087.0
-45087.0
-45087.0
-45087.0
-45087.0
-45087.0
-45087.0
-45087.0
-45087.0
-45087.0
-45087.0
-45087.0
-45087.0
-45087.0
-45087.0
-45087.0
-45087.0
-45087.0
-45087.0
-45087.0
-45087.0
-45087.0
-45087.0
-45087.0
-45087.0
-45087.0
-45087.0
-45087.0
-45087.0
-44691.5
-45087.0
-45087.0
-45087.0
-45087.0
-45087.0
-45087.0
-44691.5
-45087.0
-45087.0
-44691.5
-44691.5
-44691.5
-44691.5
-44691.5
-44691.5
-44691.5
-44691.5
-44691.5
-44691.5
-44691.5
-44691.5
-44691.5
-44691.5
-44691.5
-44691.5
-44691.5
-44691.5
-44691.5
-44691.5
-44691.5
-44691.5
-44691.5
-44691.5
-44691.5
-44691.5
-44691.5
-44691.5
-44691.5
-44691.5
-44691.5
-44691.5
-44691.5
-44691.5
-44691.5
-44691.5
-44691.5
-44691.5
-44691.5
-44691.5
-44691.5
-44691.5
-44691.5
-44691.5
-44691.5
-44296.0
-44691.5
-44691.5
-44691.5
-44296.0
-44691.5
-44691.5
-44296.0
-44691.5
-44691.5
-44296.0
-44296.0
-44296.0
-44296.0
-44296.0
-44296.0
-44296.0
-44296.0
-44296.0
-44296.0
-44296.0
-44296.0
-44296.0
-44296.0
-44296.0
-44296.0
-44296.0
-44296.0
-44296.0
-44296.0
-44296.0
-44296.0
-44296.0
-44296.0
-44296.0
-44296.0
-44296.0
-44296.0
-44296.0
-44296.0
-44296.0
-44296.0
-44296.0
-44296.0
-44296.0
-44296.0
-44296.0
-44296.0
-44296.0
-44296.0
-44296.0
-44296.0
-44296.0
-44296.0
-44296.0
-44296.0
-44296.0
-44296.0
-44296.0
-44296.0
-44296.0
-44296.0
-44296.0
-43900.5
-43900.5
-44296.0
-44296.0
-43900.5
-44296.0
-44296.0
-43900.5
-43900.5
-43900.5
-43900.5
-43900.5
-43900.5
-43900.5
-43900.5
-43900.5
-43900.5
-43900.5
-43900.5
-43900.5
-43900.5
-43900.5
-43900.5
-43900.5
-43900.5
-43900.5
-43900.5
-43900.5
-43900.5
-43900.5
-43900.5
-43900.5
-43900.5
-43900.5
-43900.5
-43900.5
-43900.5
-43900.5
-43900.5
-43900.5
-43900.5
-43900.5
-43900.5
-43900.5
-43900.5
-43900.5
-43900.5
-43900.5
-43900.5
-43900.5
-43900.5
-43900.5
-43900.5
-43900.5
-43900.5
-43900.5
-43900.5
-43900.5
-43900.5
-43900.5
-43900.5
-43900.5
-43900.5
-43900.5
-43900.5
-43505.0
-43505.0
-43505.0
-43505.0
-43505.0
-43505.0
-43505.0
-43505.0
-43505.0
-43505.0
-43505.0
-43505.0
-43505.0
-43505.0
-43505.0
-43505.0
-43505.0
-43505.0
-43505.0
-43505.0
-43505.0
-43505.0
-43505.0
-43505.0
-43505.0
-43505.0
-43505.0
-43505.0
-43505.0
-43505.0
-43505.0
-43505.0
-43505.0
-43505.0
-43505.0
-43505.0
-43505.0
-43505.0
-43505.0
-43505.0
-43505.0
-43505.0
-43505.0
-43505.0
-43505.0
-43505.0
-43505.0
-43505.0
-43505.0
-43505.0
-43505.0
-43505.0
-43505.0
-43505.0
-43505.0
-43505.0
-43505.0
-43505.0
-43505.0
-43505.0
-43505.0
-43505.0
-43109.5
-43109.5
-43109.5
-43109.5
-43109.5
-43505.0
-43505.0
-43109.5
-43109.5
-43109.5
-43109.5
-43109.5
-43109.5
-43109.5
-43109.5
-43109.5
-43109.5
-43109.5
-43109.5
-43109.5
-43109.5
-43109.5
-43109.5
-43109.5
-43109.5
-43109.5
-43109.5
-43109.5
-43109.5
-43109.5
-43109.5
-43109.5
-43109.5
-43109.5
-43109.5
-43109.5
-43109.5
-43109.5
-43109.5
-43109.5
-43109.5
-43109.5
-43109.5
-43109.5
-43109.5
-43109.5
-43109.5
-43109.5
-43109.5
-43109.5
-43109.5
-43109.5
-43109.5
-43109.5
-43109.5
-43109.5
-43109.5
-43109.5
-43109.5
-43109.5
-42714.0
-42714.0
-43109.5
-42714.0
-42714.0
-43109.5
-42714.0
-42714.0
-42714.0
-42714.0
-42714.0
-42714.0
-42714.0
-42714.0
-42714.0
-42714.0
-42714.0
-42714.0
-42714.0
-42714.0
-42714.0
-42714.0
-42714.0
-42714.0
-42714.0
-42714.0
-42714.0
-42714.0
-42714.0
-42714.0
-42714.0
-42714.0
-42714.0
-42714.0
-42714.0
-42714.0
-42714.0
-42714.0
-42714.0
-42714.0
-42714.0
-42714.0
-42714.0
-42714.0
-42714.0
-42714.0
-42714.0
-42714.0
-42714.0
-42714.0
-42714.0
-42714.0
-42714.0
-42714.0
-42714.0
-42714.0
-42714.0
-42714.0
-42714.0
-42714.0
-42318.5
-42318.5
-42714.0
-42318.5
-42318.5
-42714.0
-42318.5
-42318.5
-42318.5
-42318.5
-42318.5
-42318.5
-42318.5
-42318.5
-42318.5
-42318.5
-42318.5
-42318.5
-42318.5
-42318.5
-42318.5
-42318.5
-42318.5
-42318.5
-42318.5
-42318.5
-42318.5
-42318.5
-42318.5
-42318.5
-42318.5
-42318.5
-42318.5
-42318.5
-42318.5
-42318.5
-42318.5
-42318.5
-42318.5
-42318.5
-42318.5
-42318.5
-42318.5
-42318.5
-42318.5
-42318.5
-42318.5
-42318.5
-42318.5
-42318.5
-42318.5
-42318.5
-42318.5
-42318.5
-42318.5
-42318.5
-42318.5
-42318.5
-42318.5
-42318.5
-42318.5
-42318.5
-42318.5
-42318.5
-42318.5
-42318.5
-41923.0
-41923.0
-41923.0
-41923.0
-41923.0
-41923.0
-42318.5
-41923.0
-41923.0
-41923.0
-41923.0
-41923.0
-41923.0
-41923.0
-41923.0
-41923.0
-41923.0
-41923.0
-41923.0
-41923.0
-41923.0
-41923.0
-41923.0
-41923.0
-41923.0
-41923.0
-41923.0
-41923.0
-41923.0
-41923.0
-41923.0
-41923.0
-41923.0
-41923.0
-41923.0
-41923.0
-41923.0
-41923.0
-41923.0
-41923.0
-41923.0
-41923.0
-41923.0
-41923.0
-41923.0
-41923.0
-41923.0
-41923.0
-41923.0
-41923.0
-41923.0
-41923.0
-41923.0
-41923.0
-41923.0
-41923.0
-41923.0
-41923.0
-41923.0
-41923.0
-41923.0
-41923.0
-41527.5
-41527.5
-41527.5
-41527.5
-41527.5
-41527.5
-41527.5
-41527.5
-41527.5
-41527.5
-41527.5
-41527.5
-41527.5
-41527.5
-41527.5
-41527.5
-41527.5
-41527.5
-41527.5
-41527.5
-41527.5
-41527.5
-41527.5
-41527.5
-41527.5
-41527.5
-41527.5
-41527.5
-41527.5
-41527.5
-41527.5
-41527.5
-41527.5
-41527.5
-41527.5
-41527.5
-41527.5
-41527.5
-41527.5
-41527.5
-41527.5
-41527.5
-41527.5
-41527.5
-41527.5
-41527.5
-41527.5
-41527.5
-41527.5
-41527.5
-41527.5
-41132.0
-41132.0
-41132.0
-41132.0
-41132.0
-41132.0
-41132.0
-41132.0
-41132.0
-41132.0
-41132.0
-41132.0
-41132.0
-41132.0
-41132.0
-41132.0
-41132.0
-41132.0
-41132.0
-41132.0
-41132.0
-41132.0
-41132.0
-41132.0
-41132.0
-41132.0
-41132.0
-41132.0
-41132.0
-41132.0
-41132.0
-41132.0
-41132.0
-41132.0
-41132.0
-41132.0
-41132.0
-41132.0
-41132.0
-41132.0
-41132.0
-41132.0
-41132.0
-41132.0
-41132.0
-41132.0
-41132.0
-41132.0
-41132.0
-41132.0
-41132.0
-41132.0
-41132.0
-41132.0
-41132.0
-41132.0
-41132.0
-41132.0
-41132.0
-41132.0
-41132.0
-41132.0
-41132.0
-40736.5
-40736.5
-40736.5
-40736.5
-40736.5
-40736.5
-40736.5
-40736.5
-40736.5
-40736.5
-40736.5
-40736.5
-40736.5
-40736.5
-40736.5
-40736.5
-40736.5
-40736.5
-40736.5
-40736.5
-40736.5
-40736.5
-40736.5
-40736.5
-40736.5
-40736.5
-40736.5
-40736.5
-40736.5
-40736.5
-40736.5
-40736.5
-40736.5
-40736.5
-40736.5
-40736.5
-40736.5
-40736.5
-40736.5
-40736.5
-40736.5
-40736.5
-40736.5
-40736.5
-40736.5
-40736.5
-40736.5
-40736.5
-40736.5
-40736.5
-40736.5
-40736.5
-40736.5
-40341.0
-40736.5
-40736.5
-40736.5
-40736.5
-40736.5
-40736.5
-40736.5
-40736.5
-40736.5
-40736.5
-40736.5
-40736.5
-40736.5
-40736.5
-40736.5
-40736.5
-40736.5
-40341.0
-40341.0
-40341.0
-40341.0
-40341.0
-40341.0
-40341.0
-40341.0
-40341.0
-40341.0
-40341.0
-40341.0
-40341.0
-40341.0
-40341.0
-40341.0
-40341.0
-40341.0
-40341.0
-40341.0
-40341.0
-40341.0
-40341.0
-40341.0
-40341.0
-40341.0
-40341.0
-40341.0
-40341.0
-40341.0
-40341.0
-40341.0
-40341.0
-40341.0
-40341.0
-40341.0
-40341.0
-40341.0
-40341.0
-40341.0
-40341.0
-40341.0
-40341.0
-40341.0
-40341.0
-40341.0
-40341.0
-40341.0
-40341.0
-40341.0
-40341.0
-40341.0
-40341.0
-40341.0
-40341.0
-40341.0
-40341.0
-40341.0
-40341.0
-39945.5
-39945.5
-39945.5
-39945.5
-39945.5
-39945.5
-39945.5
-39945.5
-39945.5
-39945.5
-39945.5
-39945.5
-39945.5
-39945.5
-39945.5
-39945.5
-39945.5
-39945.5
-39945.5
-39945.5
-39945.5
-39945.5
-39945.5
-39945.5
-39945.5
-39945.5
-39945.5
-39945.5
-39945.5
-39945.5
-39945.5
-39945.5
-39945.5
-39945.5
-39945.5
-39945.5
-39945.5
-39945.5
-39945.5
-39945.5
-39945.5
-39945.5
-39945.5
-39945.5
-39945.5
-39945.5
-39945.5
-39945.5
-39945.5
-39945.5
-39945.5
-39945.5
-39945.5
-39945.5
-39945.5
-39550.0
-39945.5
-39945.5
-39945.5
-39945.5
-39945.5
-39945.5
-39550.0
-39550.0
-39550.0
-39550.0
-39550.0
-39550.0
-39550.0
-39550.0
-39550.0
-39550.0
-39550.0
-39550.0
-39550.0
-39550.0
-39550.0
-39550.0
-39550.0
-39550.0
-39550.0
-39550.0
-39550.0
-39550.0
-39550.0
-39550.0
-39550.0
-39550.0
-39550.0
-39550.0
-39550.0
-39550.0
-39550.0
-39550.0
-39550.0
-39550.0
-39550.0
-39550.0
-39550.0
-39550.0
-39550.0
-39550.0
-39550.0
-39550.0
-39550.0
-39550.0
-39550.0
-39550.0
-39550.0
-39550.0
-39550.0
-39550.0
-39550.0
-39550.0
-39550.0
-39550.0
-39550.0
-39550.0
-39550.0
-39550.0
-39550.0
-39550.0
-39550.0
-39550.0
-39550.0
-39550.0
-39550.0
-39550.0
-39550.0
-39550.0
-39550.0
-39550.0
-39154.5
-39154.5
-39154.5
-39154.5
-39154.5
-39154.5
-39154.5
-39154.5
-39154.5
-39154.5
-39154.5
-39154.5
-39154.5
-39154.5
-39154.5
-39154.5
-39154.5
-39154.5
-39154.5
-39154.5
-39154.5
-39154.5
-39154.5
-39154.5
-39154.5
-39154.5
-39154.5
-39154.5
-39154.5
-39154.5
-39154.5
-39154.5
-39154.5
-39154.5
-39154.5
-39154.5
-39154.5
-39154.5
-39154.5
-39154.5
-39154.5
-39154.5
-39154.5
-39154.5
-39154.5
-39154.5
-39154.5
-39154.5
-39154.5
-39154.5
-39154.5
-39154.5
-39154.5
-39154.5
-39154.5
-39154.5
-39154.5
-39154.5
-39154.5
-39154.5
-39154.5
-38759.0
-38759.0
-39154.5
-38759.0
-38759.0
-39154.5
-39154.5
-38759.0
-38759.0
-38759.0
-38759.0
-38759.0
-38759.0
-38759.0
-38759.0
-38759.0
-38759.0
-38759.0
-38759.0
-38759.0
-38759.0
-38759.0
-38759.0
-38759.0
-38759.0
-38759.0
-38759.0
-38759.0
-38759.0
-38759.0
-38759.0
-38759.0
-38759.0
-38759.0
-38759.0
-38759.0
-38759.0
-38759.0
-38759.0
-38759.0
-38759.0
-38759.0
-38759.0
-38759.0
-38759.0
-38759.0
-38759.0
-38759.0
-38759.0
-38759.0
-38759.0
-38759.0
-38759.0
-38759.0
-38759.0
-38759.0
-38759.0
-38759.0
-38759.0
-38759.0
-38759.0
-38759.0
-38759.0
-38759.0
-38363.5
-38759.0
-38759.0
-38363.5
-38363.5
-38363.5
-38363.5
-38759.0
-38759.0
-38759.0
-38363.5
-38363.5
-38363.5
-38363.5
-38363.5
-38363.5
-38363.5
-38363.5
-38363.5
-38363.5
-38363.5
-38363.5
-38363.5
-38363.5
-38363.5
-38363.5
-38363.5
-38363.5
-38363.5
-38363.5
-38363.5
-38363.5
-38363.5
-38363.5
-38363.5
-38363.5
-38363.5
-38363.5
-38363.5
-38363.5
-38363.5
-38363.5
-38363.5
-38363.5
-38363.5
-38363.5
-38363.5
-38363.5
-38363.5
-38363.5
-38363.5
-38363.5
-38363.5
-38363.5
-38363.5
-38363.5
-38363.5
-38363.5
-38363.5
-38363.5
-38363.5
-38363.5
-38363.5
-37968.0
-38363.5
-38363.5
-38363.5
-38363.5
-38363.5
-38363.5
-38363.5
-38363.5
-38363.5
-38363.5
-38363.5
-38363.5
-38363.5
-38363.5
-38363.5
-38363.5
-38363.5
-38363.5
-37968.0
-37968.0
-37968.0
-37968.0
-37968.0
-37968.0
-38363.5
-37968.0
-37968.0
-37968.0
-37968.0
-37968.0
-37968.0
-37968.0
-37968.0
-37968.0
-37968.0
-37968.0
-37968.0
-37968.0
-37968.0
-37968.0
-37968.0
-37968.0
-37968.0
-37968.0
-37968.0
-37968.0
-37968.0
-37968.0
-37968.0
-37968.0
-37968.0
-37968.0
-37968.0
-37968.0
-37968.0
-37968.0
-37968.0
-37968.0
-37968.0
-37968.0
-37968.0
-37968.0
-37968.0
-37968.0
-37968.0
-37968.0
-37968.0
-37968.0
-37968.0
-37968.0
-37968.0
-37968.0
-37968.0
-37968.0
-37968.0
-37968.0
-37968.0
-37968.0
-37572.5
-37572.5
-37572.5
-37968.0
-37572.5
-37572.5
-37968.0
-37572.5
-37572.5
-37572.5
-37572.5
-37572.5
-37572.5
-37572.5
-37572.5
-37572.5
-37572.5
-37572.5
-37572.5
-37572.5
-37572.5
-37572.5
-37572.5
-37572.5
-37572.5
-37572.5
-37572.5
-37572.5
-37572.5
-37572.5
-37572.5
-37572.5
-37572.5
-37572.5
-37572.5
-37572.5
-37572.5
-37572.5
-37572.5
-37572.5
-37572.5
-37572.5
-37572.5
-37572.5
-37572.5
-37572.5
-37572.5
-37572.5
-37572.5
-37572.5
-37572.5
-37572.5
-37572.5
-37572.5
-37572.5
-37572.5
-37572.5
-37572.5
-37572.5
-37572.5
-37572.5
-37177.0
-37572.5
-37572.5
-37177.0
-37572.5
-37572.5
-37572.5
-37177.0
-37177.0
-37177.0
-37177.0
-37177.0
-37177.0
-37177.0
-37177.0
-37177.0
-37177.0
-37177.0
-37177.0
-37177.0
-37177.0
-37177.0
-37177.0
-37177.0
-37177.0
-37177.0
-37177.0
-37177.0
-37177.0
-37177.0
-37177.0
-37177.0
-37177.0
-37177.0
-37177.0
-37177.0
-37177.0
-37177.0
-37177.0
-37177.0
-37177.0
-37177.0
-37177.0
-37177.0
-37177.0
-37177.0
-37177.0
-37177.0
-37177.0
-37177.0
-37177.0
-37177.0
-37177.0
-37177.0
-37177.0
-37177.0
-37177.0
-37177.0
-37177.0
-37177.0
-37177.0
-37177.0
-37177.0
-37177.0
-37177.0
-37177.0
-37177.0
-37177.0
-37177.0
-37177.0
-36781.5
-37177.0
-37177.0
-37177.0
-37177.0
-37177.0
-37177.0
-36781.5
-36781.5
-36781.5
-36781.5
-36781.5
-36781.5
-36781.5
-36781.5
-36781.5
-36781.5
-36781.5
-36781.5
-36781.5
-36781.5
-36781.5
-36781.5
-36781.5
-36781.5
-37177.0
-36781.5
-36781.5
-36781.5
-36781.5
-36781.5
-36781.5
-36781.5
-36781.5
-36781.5
-36781.5
-36781.5
-36781.5
-36781.5
-36781.5
-36781.5
-36781.5
-36781.5
-36781.5
-36781.5
-36781.5
-36781.5
-36781.5
-36781.5
-36781.5
-36781.5
-36781.5
-36781.5
-36781.5
-36781.5
-36781.5
-36781.5
-36781.5
-36781.5
-36781.5
-36781.5
-36781.5
-36781.5
-36781.5
-36781.5
-36781.5
-36781.5
-36781.5
-36781.5
-36781.5
-36781.5
-36386.0
-36386.0
-36781.5
-36386.0
-36386.0
-36386.0
-36781.5
-36386.0
-36386.0
-36781.5
-36386.0
-36386.0
-36386.0
-36386.0
-36386.0
-36386.0
-36386.0
-36386.0
-36386.0
-36386.0
-36386.0
-36386.0
-36386.0
-36386.0
-36386.0
-36386.0
-36386.0
-36386.0
-36386.0
-36386.0
-36386.0
-36386.0
-36386.0
-36386.0
-36386.0
-36386.0
-36386.0
-36386.0
-36386.0
-36386.0
-36386.0
-36386.0
-36386.0
-36386.0
-36386.0
-36386.0
-36386.0
-36386.0
-36386.0
-36386.0
-36386.0
-36386.0
-36386.0
-36386.0
-36386.0
-36386.0
-36386.0
-36386.0
-36386.0
-36386.0
-36386.0
-36386.0
-36386.0
-36386.0
-36386.0
-36386.0
-36386.0
-36386.0
-36386.0
-36386.0
-36386.0
-36386.0
-36386.0
-36386.0
-35990.5
-36386.0
-36386.0
-36386.0
-36386.0
-36386.0
-35990.5
-35990.5
-36386.0
-36386.0
-35990.5
-35990.5
-35990.5
-35990.5
-35990.5
-35990.5
-35990.5
-35990.5
-35990.5
-35990.5
-35990.5
-35990.5
-35990.5
-35990.5
-35990.5
-35990.5
-35990.5
-35990.5
-35990.5
-35990.5
-35990.5
-35990.5
-35990.5
-35990.5
-35990.5
-35990.5
-35990.5
-35990.5
-35990.5
-35990.5
-35990.5
-35990.5
-35990.5
-35990.5
-35990.5
-35990.5
-35990.5
-35990.5
-35990.5
-35990.5
-35990.5
-35990.5
-35990.5
-35990.5
-35990.5
-35990.5
-35990.5
-35990.5
-35990.5
-35990.5
-35595.0
-35990.5
-35990.5
-35990.5
-35990.5
-35990.5
-35990.5
-35990.5
-35990.5
-35990.5
-35595.0
-35595.0
-35595.0
-35595.0
-35990.5
-35990.5
-35990.5
-35595.0
-35595.0
-35595.0
-35595.0
-35595.0
-35595.0
