IEC 61083-2 TDG Version 2.1.0
Data File Version  2.1.0
28 LI-M16
8 bits, 9999 samples at 10ns
1.000000e-008
0.0
-1515.4
0.0
-1515.4
0.0
-1515.4
0.0
0.0
-1515.4
-1515.4
0.0
-1515.4
0.0
-1515.4
0.0
-1515.4
0.0
-1515.4
-1515.4
-1515.4
-1515.4
-1515.4
-1515.4
-1515.4
0.0
-1515.4
-1515.4
0.0
0.0
0.0
0.0
-1515.4
0.0
-1515.4
0.0
-1515.4
0.0
-1515.4
-1515.4
0.0
0.0
-1515.4
-1515.4
0.0
-1515.4
0.0
-1515.4
0.0
0.0
-1515.4
0.0
-1515.4
0.0
-1515.4
-1515.4
-1515.4
0.0
-1515.4
0.0
-1515.4
0.0
-1515.4
-1515.4
-1515.4
0.0
-1515.4
-1515.4
-1515.4
-1515.4
-1515.4
0.0
-1515.4
0.0
-1515.4
0.0
-1515.4
0.0
-1515.4
0.0
-1515.4
0.0
-1515.4
-1515.4
0.0
0.0
0.0
0.0
-1515.4
0.0
-1515.4
-1515.4
0.0
-1515.4
-1515.4
0.0
-1515.4
0.0
0.0
0.0
-1515.4
0.0
-1515.4
-1515.4
-1515.4
-1515.4
-1515.4
0.0
0.0
-1515.4
0.0
-1515.4
-1515.4
0.0
-1515.4
0.0
-1515.4
0.0
-1515.4
-1515.4
-1515.4
0.0
-1515.4
0.0
-1515.4
-1515.4
-1515.4
0.0
-1515.4
0.0
-1515.4
0.0
-1515.4
-1515.4
-1515.4
0.0
-1515.4
-1515.4
-1515.4
0.0
-1515.4
0.0
-1515.4
-1515.4
-1515.4
0.0
-1515.4
0.0
-1515.4
0.0
-1515.4
-1515.4
-1515.4
-1515.4
-1515.4
0.0
-1515.4
0.0
0.0
0.0
-1515.4
-1515.4
-1515.4
-1515.4
0.0
-1515.4
-1515.4
0.0
-1515.4
0.0
-1515.4
0.0
-1515.4
-1515.4
-1515.4
-1515.4
-1515.4
0.0
0.0
0.0
-1515.4
0.0
-1515.4
-1515.4
-1515.4
-1515.4
-1515.4
0.0
0.0
0.0
-1515.4
0.0
-1515.4
0.0
-1515.4
0.0
-1515.4
0.0
-1515.4
-1515.4
-1515.4
-1515.4
-1515.4
0.0
-1515.4
0.0
-1515.4
-1515.4
-1515.4
-1515.4
-1515.4
0.0
-1515.4
0.0
-1515.4
0.0
-1515.4
-1515.4
-1515.4
-1515.4
-1515.4
0.0
0.0
0.0
0.0
0.0
-1515.4
0.0
-1515.4
-1515.4
-1515.4
-1515.4
-1515.4
0.0
-1515.4
0.0
-1515.4
-1515.4
-1515.4
0.0
-1515.4
0.0
-1515.4
0.0
-1515.4
0.0
-1515.4
0.0
-1515.4
0.0
-1515.4
0.0
-1515.4
-1515.4
0.0
-1515.4
-1515.4
0.0
-1515.4
0.0
-1515.4
-1515.4
-1515.4
0.0
-1515.4
0.0
-1515.4
0.0
-1515.4
0.0
-1515.4
0.0
-1515.4
0.0
-1515.4
-1515.4
-1515.4
0.0
-1515.4
-1515.4
-1515.4
0.0
0.0
0.0
0.0
-1515.4
-1515.4
0.0
-1515.4
0.0
-1515.4
0.0
-1515.4
-1515.4
-1515.4
0.0
-1515.4
0.0
-1515.4
0.0
-1515.4
0.0
-1515.4
-1515.4
-1515.4
0.0
-1515.4
0.0
-1515.4
0.0
-1515.4
0.0
-1515.4
0.0
-1515.4
0.0
-1515.4
0.0
-1515.4
0.0
0.0
-1515.4
-1515.4
0.0
-1515.4
-1515.4
0.0
0.0
-1515.4
0.0
-1515.4
-1515.4
0.0
0.0
-1515.4
0.0
-1515.4
-1515.4
-1515.4
0.0
-1515.4
0.0
-1515.4
0.0
-1515.4
0.0
-1515.4
-1515.4
0.0
0.0
-1515.4
0.0
0.0
0.0
0.0
-1515.4
0.0
-1515.4
-1515.4
0.0
0.0
0.0
-1515.4
-1515.4
0.0
0.0
-1515.4
0.0
0.0
-1515.4
-1515.4
0.0
-1515.4
0.0
-1515.4
0.0
-1515.4
-1515.4
-1515.4
0.0
-1515.4
-1515.4
-1515.4
0.0
-1515.4
-1515.4
-1515.4
-1515.4
0.0
-1515.4
-1515.4
0.0
-1515.4
0.0
-1515.4
0.0
-1515.4
0.0
-1515.4
0.0
-1515.4
0.0
-1515.4
-1515.4
-1515.4
0.0
-1515.4
0.0
-1515.4
0.0
-1515.4
0.0
0.0
0.0
-1515.4
0.0
-1515.4
-1515.4
-1515.4
-1515.4
0.0
-1515.4
-1515.4
0.0
-1515.4
0.0
-1515.4
0.0
-1515.4
0.0
-1515.4
0.0
0.0
0.0
0.0
0.0
0.0
0.0
-1515.4
-1515.4
0.0
0.0
-1515.4
0.0
0.0
-1515.4
0.0
-1515.4
-1515.4
0.0
0.0
-1515.4
-1515.4
0.0
-1515.4
0.0
-1515.4
0.0
-1515.4
0.0
-1515.4
0.0
-1515.4
-1515.4
0.0
0.0
-1515.4
0.0
-1515.4
0.0
0.0
-1515.4
0.0
-1515.4
-1515.4
0.0
-1515.4
0.0
-1515.4
0.0
-1515.4
0.0
0.0
0.0
0.0
-1515.4
3030.7
0.0
-15153.7
3030.7
4546.1
7576.9
1515.4
10607.6
10607.6
-1515.4
1515.4
15153.7
-1515.4
21215.2
3030.7
46976.5
28792.1
86376.2
77284.0
83345.5
78799.4
43945.8
86376.2
75768.6
57584.2
131837.4
104560.7
112137.6
145475.8
109106.8
145475.8
119714.4
131837.4
160629.5
157598.7
142445.0
181844.7
169721.7
186390.8
189421.6
169721.7
209121.4
190936.9
201544.6
219729.0
200029.2
227305.9
224275.1
215182.9
245490.4
219729.0
236398.1
248521.1
245490.4
262159.5
257613.3
265190.2
271251.7
266705.6
259128.7
271251.7
280343.9
280343.9
281859.3
295497.7
298528.4
295497.7
306105.3
300043.8
303074.5
301559.1
306105.3
310651.4
310651.4
318228.2
319743.6
327320.5
328835.8
327320.5
330351.2
331866.6
328835.8
333382.0
330351.2
340958.8
339443.5
342474.2
343989.6
345504.9
339443.5
347020.3
345504.9
347020.3
348535.7
347020.3
351566.4
351566.4
351566.4
354597.2
354597.2
356112.6
351566.4
353081.8
356112.6
354597.2
357627.9
362174.0
362174.0
360658.7
360658.7
360658.7
363689.4
362174.0
359143.3
360658.7
365204.8
363689.4
366720.2
368235.5
369750.9
371266.3
368235.5
366720.2
363689.4
363689.4
363689.4
365204.8
366720.2
368235.5
368235.5
368235.5
368235.5
368235.5
368235.5
366720.2
366720.2
366720.2
366720.2
366720.2
366720.2
366720.2
368235.5
368235.5
366720.2
366720.2
366720.2
366720.2
368235.5
369750.9
368235.5
371266.3
368235.5
369750.9
369750.9
368235.5
369750.9
366720.2
368235.5
368235.5
366720.2
369750.9
371266.3
369750.9
371266.3
368235.5
369750.9
366720.2
366720.2
366720.2
366720.2
366720.2
366720.2
366720.2
366720.2
368235.5
366720.2
368235.5
366720.2
366720.2
366720.2
365204.8
366720.2
366720.2
365204.8
366720.2
366720.2
366720.2
366720.2
366720.2
366720.2
366720.2
366720.2
366720.2
366720.2
366720.2
368235.5
366720.2
366720.2
366720.2
366720.2
366720.2
366720.2
366720.2
366720.2
366720.2
366720.2
366720.2
365204.8
365204.8
366720.2
366720.2
363689.4
365204.8
365204.8
365204.8
365204.8
365204.8
363689.4
365204.8
363689.4
365204.8
363689.4
363689.4
363689.4
363689.4
363689.4
365204.8
365204.8
366720.2
363689.4
365204.8
365204.8
365204.8
365204.8
363689.4
365204.8
365204.8
363689.4
365204.8
365204.8
365204.8
363689.4
363689.4
365204.8
363689.4
363689.4
363689.4
363689.4
363689.4
363689.4
363689.4
363689.4
362174.0
362174.0
363689.4
362174.0
363689.4
362174.0
363689.4
363689.4
362174.0
363689.4
362174.0
362174.0
363689.4
362174.0
362174.0
362174.0
362174.0
363689.4
363689.4
363689.4
363689.4
363689.4
363689.4
363689.4
362174.0
362174.0
362174.0
363689.4
362174.0
362174.0
362174.0
362174.0
362174.0
362174.0
362174.0
362174.0
362174.0
362174.0
362174.0
362174.0
362174.0
362174.0
360658.7
362174.0
362174.0
360658.7
362174.0
360658.7
362174.0
362174.0
362174.0
360658.7
360658.7
362174.0
360658.7
362174.0
362174.0
362174.0
362174.0
362174.0
360658.7
362174.0
362174.0
360658.7
360658.7
360658.7
360658.7
360658.7
360658.7
360658.7
360658.7
360658.7
360658.7
360658.7
360658.7
360658.7
360658.7
360658.7
360658.7
360658.7
360658.7
360658.7
360658.7
359143.3
360658.7
359143.3
359143.3
359143.3
359143.3
359143.3
359143.3
359143.3
360658.7
359143.3
359143.3
360658.7
359143.3
359143.3
359143.3
359143.3
359143.3
359143.3
359143.3
359143.3
359143.3
359143.3
359143.3
359143.3
359143.3
359143.3
359143.3
359143.3
359143.3
357627.9
359143.3
357627.9
359143.3
357627.9
357627.9
357627.9
357627.9
357627.9
357627.9
357627.9
357627.9
357627.9
357627.9
357627.9
357627.9
357627.9
357627.9
357627.9
357627.9
357627.9
357627.9
357627.9
357627.9
357627.9
357627.9
357627.9
357627.9
357627.9
357627.9
357627.9
357627.9
357627.9
357627.9
357627.9
357627.9
357627.9
357627.9
357627.9
357627.9
356112.6
356112.6
356112.6
356112.6
356112.6
357627.9
356112.6
356112.6
356112.6
356112.6
356112.6
356112.6
356112.6
356112.6
356112.6
357627.9
356112.6
356112.6
357627.9
356112.6
356112.6
357627.9
356112.6
354597.2
356112.6
354597.2
356112.6
356112.6
354597.2
356112.6
356112.6
356112.6
356112.6
356112.6
356112.6
354597.2
354597.2
354597.2
354597.2
354597.2
354597.2
354597.2
354597.2
354597.2
354597.2
354597.2
354597.2
354597.2
354597.2
354597.2
354597.2
354597.2
354597.2
354597.2
354597.2
354597.2
354597.2
354597.2
354597.2
354597.2
354597.2
354597.2
354597.2
354597.2
353081.8
354597.2
353081.8
354597.2
353081.8
354597.2
354597.2
353081.8
354597.2
353081.8
353081.8
353081.8
353081.8
353081.8
353081.8
353081.8
353081.8
353081.8
353081.8
353081.8
353081.8
353081.8
351566.4
353081.8
353081.8
353081.8
351566.4
353081.8
353081.8
353081.8
351566.4
351566.4
353081.8
351566.4
351566.4
351566.4
351566.4
351566.4
351566.4
351566.4
351566.4
351566.4
351566.4
351566.4
351566.4
351566.4
351566.4
351566.4
351566.4
351566.4
351566.4
351566.4
351566.4
351566.4
350051.1
351566.4
350051.1
351566.4
351566.4
350051.1
350051.1
350051.1
350051.1
350051.1
350051.1
350051.1
350051.1
350051.1
350051.1
350051.1
350051.1
350051.1
350051.1
350051.1
350051.1
350051.1
350051.1
350051.1
350051.1
350051.1
350051.1
350051.1
350051.1
350051.1
350051.1
350051.1
350051.1
350051.1
350051.1
350051.1
348535.7
350051.1
348535.7
350051.1
350051.1
348535.7
348535.7
348535.7
348535.7
348535.7
348535.7
348535.7
348535.7
348535.7
348535.7
348535.7
348535.7
348535.7
348535.7
348535.7
348535.7
348535.7
348535.7
348535.7
347020.3
348535.7
348535.7
347020.3
348535.7
347020.3
347020.3
347020.3
347020.3
347020.3
347020.3
347020.3
347020.3
347020.3
347020.3
347020.3
347020.3
347020.3
347020.3
347020.3
347020.3
347020.3
347020.3
347020.3
347020.3
347020.3
347020.3
347020.3
347020.3
347020.3
345504.9
345504.9
345504.9
345504.9
345504.9
345504.9
345504.9
345504.9
345504.9
345504.9
345504.9
345504.9
345504.9
345504.9
345504.9
345504.9
345504.9
345504.9
345504.9
345504.9
345504.9
345504.9
345504.9
345504.9
345504.9
345504.9
345504.9
345504.9
345504.9
345504.9
345504.9
345504.9
343989.6
345504.9
343989.6
343989.6
343989.6
343989.6
343989.6
343989.6
343989.6
343989.6
343989.6
343989.6
343989.6
343989.6
343989.6
343989.6
343989.6
343989.6
343989.6
343989.6
343989.6
343989.6
343989.6
343989.6
342474.2
343989.6
342474.2
343989.6
342474.2
342474.2
342474.2
342474.2
342474.2
342474.2
342474.2
342474.2
342474.2
342474.2
342474.2
342474.2
342474.2
342474.2
342474.2
342474.2
342474.2
342474.2
342474.2
342474.2
340958.8
342474.2
340958.8
340958.8
340958.8
340958.8
340958.8
340958.8
340958.8
340958.8
340958.8
340958.8
340958.8
340958.8
340958.8
340958.8
340958.8
340958.8
340958.8
340958.8
340958.8
340958.8
340958.8
340958.8
340958.8
340958.8
340958.8
340958.8
339443.5
340958.8
340958.8
340958.8
339443.5
339443.5
340958.8
340958.8
339443.5
339443.5
339443.5
339443.5
339443.5
339443.5
339443.5
339443.5
339443.5
339443.5
339443.5
339443.5
339443.5
339443.5
339443.5
339443.5
339443.5
339443.5
339443.5
339443.5
339443.5
339443.5
339443.5
339443.5
339443.5
339443.5
339443.5
339443.5
339443.5
339443.5
339443.5
339443.5
337928.1
339443.5
337928.1
337928.1
339443.5
337928.1
337928.1
337928.1
336412.7
337928.1
337928.1
337928.1
337928.1
337928.1
337928.1
337928.1
337928.1
337928.1
337928.1
337928.1
337928.1
337928.1
337928.1
337928.1
336412.7
336412.7
336412.7
336412.7
336412.7
337928.1
336412.7
336412.7
336412.7
336412.7
336412.7
336412.7
336412.7
336412.7
336412.7
336412.7
336412.7
336412.7
336412.7
336412.7
336412.7
336412.7
336412.7
336412.7
336412.7
336412.7
336412.7
336412.7
336412.7
336412.7
336412.7
336412.7
336412.7
336412.7
336412.7
336412.7
336412.7
336412.7
334897.3
334897.3
336412.7
334897.3
334897.3
334897.3
334897.3
334897.3
334897.3
334897.3
334897.3
334897.3
334897.3
334897.3
334897.3
334897.3
334897.3
334897.3
334897.3
334897.3
334897.3
334897.3
334897.3
334897.3
334897.3
333382.0
333382.0
333382.0
334897.3
333382.0
333382.0
333382.0
334897.3
333382.0
333382.0
333382.0
333382.0
333382.0
333382.0
333382.0
333382.0
333382.0
333382.0
333382.0
333382.0
333382.0
333382.0
333382.0
333382.0
333382.0
333382.0
333382.0
333382.0
333382.0
333382.0
333382.0
333382.0
333382.0
333382.0
333382.0
333382.0
331866.6
333382.0
333382.0
331866.6
333382.0
331866.6
333382.0
333382.0
331866.6
331866.6
333382.0
331866.6
331866.6
331866.6
331866.6
331866.6
331866.6
331866.6
331866.6
331866.6
331866.6
331866.6
330351.2
330351.2
330351.2
331866.6
330351.2
330351.2
330351.2
330351.2
330351.2
330351.2
330351.2
330351.2
330351.2
330351.2
330351.2
330351.2
330351.2
330351.2
330351.2
330351.2
330351.2
330351.2
330351.2
330351.2
330351.2
330351.2
330351.2
330351.2
330351.2
330351.2
330351.2
330351.2
330351.2
330351.2
330351.2
330351.2
328835.8
328835.8
328835.8
328835.8
328835.8
328835.8
328835.8
328835.8
328835.8
328835.8
328835.8
328835.8
328835.8
328835.8
328835.8
328835.8
328835.8
328835.8
328835.8
328835.8
328835.8
328835.8
328835.8
328835.8
328835.8
328835.8
327320.5
328835.8
328835.8
328835.8
328835.8
328835.8
327320.5
327320.5
328835.8
327320.5
327320.5
327320.5
327320.5
327320.5
327320.5
327320.5
327320.5
327320.5
327320.5
327320.5
327320.5
327320.5
327320.5
327320.5
327320.5
327320.5
327320.5
327320.5
327320.5
327320.5
327320.5
327320.5
327320.5
327320.5
325805.1
327320.5
325805.1
325805.1
325805.1
325805.1
325805.1
327320.5
325805.1
325805.1
325805.1
325805.1
325805.1
325805.1
325805.1
325805.1
325805.1
325805.1
325805.1
325805.1
325805.1
324289.7
325805.1
325805.1
324289.7
324289.7
324289.7
324289.7
324289.7
324289.7
324289.7
324289.7
324289.7
324289.7
324289.7
324289.7
324289.7
324289.7
324289.7
324289.7
324289.7
324289.7
324289.7
324289.7
324289.7
324289.7
324289.7
324289.7
324289.7
324289.7
324289.7
324289.7
324289.7
324289.7
324289.7
322774.4
324289.7
324289.7
322774.4
324289.7
324289.7
322774.4
322774.4
322774.4
322774.4
322774.4
322774.4
322774.4
322774.4
322774.4
322774.4
322774.4
322774.4
322774.4
322774.4
322774.4
322774.4
322774.4
322774.4
322774.4
322774.4
322774.4
322774.4
322774.4
321259.0
322774.4
322774.4
321259.0
322774.4
322774.4
322774.4
322774.4
322774.4
321259.0
321259.0
321259.0
321259.0
321259.0
321259.0
321259.0
321259.0
321259.0
321259.0
321259.0
321259.0
321259.0
321259.0
321259.0
321259.0
319743.6
321259.0
319743.6
319743.6
321259.0
321259.0
319743.6
321259.0
319743.6
319743.6
319743.6
319743.6
321259.0
319743.6
319743.6
319743.6
319743.6
319743.6
319743.6
319743.6
319743.6
319743.6
319743.6
319743.6
319743.6
319743.6
319743.6
319743.6
319743.6
319743.6
319743.6
319743.6
319743.6
319743.6
319743.6
319743.6
319743.6
319743.6
319743.6
318228.2
319743.6
319743.6
318228.2
318228.2
319743.6
318228.2
318228.2
319743.6
318228.2
319743.6
318228.2
318228.2
318228.2
318228.2
318228.2
318228.2
318228.2
318228.2
318228.2
318228.2
318228.2
318228.2
318228.2
318228.2
318228.2
318228.2
318228.2
318228.2
318228.2
318228.2
318228.2
318228.2
316712.9
318228.2
318228.2
316712.9
318228.2
316712.9
318228.2
316712.9
316712.9
316712.9
316712.9
316712.9
316712.9
316712.9
316712.9
316712.9
316712.9
316712.9
316712.9
316712.9
316712.9
316712.9
316712.9
316712.9
316712.9
316712.9
316712.9
316712.9
316712.9
316712.9
316712.9
316712.9
316712.9
316712.9
316712.9
316712.9
316712.9
316712.9
315197.5
316712.9
316712.9
316712.9
316712.9
315197.5
316712.9
315197.5
315197.5
315197.5
315197.5
315197.5
315197.5
315197.5
315197.5
315197.5
315197.5
315197.5
315197.5
315197.5
315197.5
315197.5
315197.5
315197.5
315197.5
315197.5
315197.5
315197.5
315197.5
313682.1
315197.5
315197.5
313682.1
315197.5
313682.1
313682.1
313682.1
313682.1
313682.1
313682.1
313682.1
313682.1
313682.1
313682.1
313682.1
313682.1
313682.1
313682.1
313682.1
313682.1
313682.1
313682.1
313682.1
313682.1
313682.1
313682.1
313682.1
313682.1
313682.1
313682.1
313682.1
312166.7
313682.1
312166.7
313682.1
313682.1
313682.1
312166.7
312166.7
312166.7
312166.7
313682.1
312166.7
312166.7
312166.7
312166.7
312166.7
312166.7
312166.7
312166.7
312166.7
312166.7
312166.7
312166.7
312166.7
312166.7
312166.7
312166.7
312166.7
312166.7
310651.4
312166.7
312166.7
310651.4
312166.7
310651.4
312166.7
310651.4
310651.4
310651.4
310651.4
310651.4
310651.4
310651.4
310651.4
310651.4
310651.4
310651.4
310651.4
310651.4
310651.4
310651.4
310651.4
310651.4
310651.4
310651.4
310651.4
310651.4
310651.4
310651.4
310651.4
310651.4
310651.4
310651.4
309136.0
310651.4
310651.4
309136.0
309136.0
310651.4
309136.0
310651.4
309136.0
310651.4
309136.0
309136.0
309136.0
309136.0
309136.0
309136.0
309136.0
309136.0
309136.0
309136.0
307620.6
309136.0
309136.0
309136.0
309136.0
309136.0
307620.6
307620.6
307620.6
307620.6
307620.6
307620.6
307620.6
307620.6
307620.6
307620.6
307620.6
307620.6
307620.6
307620.6
307620.6
307620.6
307620.6
307620.6
307620.6
307620.6
307620.6
307620.6
307620.6
307620.6
307620.6
307620.6
307620.6
307620.6
307620.6
307620.6
307620.6
307620.6
307620.6
306105.3
306105.3
306105.3
306105.3
306105.3
306105.3
306105.3
306105.3
306105.3
306105.3
306105.3
306105.3
306105.3
306105.3
306105.3
306105.3
306105.3
306105.3
306105.3
306105.3
306105.3
306105.3
306105.3
306105.3
306105.3
306105.3
306105.3
306105.3
306105.3
306105.3
306105.3
306105.3
306105.3
306105.3
304589.9
304589.9
304589.9
306105.3
306105.3
306105.3
306105.3
304589.9
304589.9
304589.9
304589.9
304589.9
304589.9
304589.9
304589.9
304589.9
304589.9
304589.9
304589.9
304589.9
304589.9
304589.9
304589.9
304589.9
304589.9
303074.5
303074.5
303074.5
303074.5
304589.9
303074.5
303074.5
303074.5
303074.5
303074.5
303074.5
303074.5
303074.5
303074.5
303074.5
303074.5
303074.5
303074.5
303074.5
303074.5
303074.5
303074.5
303074.5
303074.5
303074.5
303074.5
303074.5
303074.5
303074.5
303074.5
303074.5
303074.5
303074.5
303074.5
303074.5
303074.5
303074.5
301559.1
303074.5
303074.5
303074.5
303074.5
301559.1
301559.1
301559.1
301559.1
301559.1
301559.1
301559.1
301559.1
301559.1
301559.1
301559.1
301559.1
301559.1
301559.1
301559.1
301559.1
301559.1
301559.1
301559.1
301559.1
301559.1
301559.1
301559.1
301559.1
301559.1
301559.1
301559.1
301559.1
301559.1
301559.1
301559.1
301559.1
300043.8
301559.1
300043.8
301559.1
301559.1
300043.8
301559.1
300043.8
300043.8
300043.8
300043.8
300043.8
300043.8
300043.8
300043.8
300043.8
300043.8
300043.8
300043.8
300043.8
300043.8
300043.8
300043.8
300043.8
300043.8
300043.8
300043.8
300043.8
300043.8
300043.8
300043.8
300043.8
300043.8
300043.8
300043.8
300043.8
300043.8
300043.8
300043.8
300043.8
300043.8
298528.4
300043.8
300043.8
300043.8
300043.8
300043.8
300043.8
298528.4
298528.4
300043.8
300043.8
298528.4
298528.4
298528.4
298528.4
298528.4
298528.4
298528.4
298528.4
298528.4
298528.4
298528.4
298528.4
298528.4
298528.4
298528.4
298528.4
297013.0
298528.4
298528.4
297013.0
297013.0
297013.0
297013.0
298528.4
297013.0
297013.0
297013.0
297013.0
297013.0
297013.0
297013.0
297013.0
297013.0
297013.0
297013.0
297013.0
297013.0
297013.0
297013.0
297013.0
297013.0
297013.0
297013.0
297013.0
297013.0
297013.0
297013.0
297013.0
297013.0
297013.0
295497.7
297013.0
295497.7
297013.0
297013.0
295497.7
295497.7
295497.7
295497.7
295497.7
295497.7
295497.7
295497.7
295497.7
295497.7
295497.7
295497.7
295497.7
295497.7
295497.7
295497.7
295497.7
295497.7
295497.7
295497.7
295497.7
295497.7
295497.7
295497.7
295497.7
295497.7
295497.7
295497.7
295497.7
295497.7
295497.7
295497.7
295497.7
295497.7
295497.7
293982.3
293982.3
295497.7
295497.7
293982.3
293982.3
293982.3
295497.7
293982.3
293982.3
293982.3
293982.3
293982.3
293982.3
293982.3
293982.3
293982.3
293982.3
293982.3
293982.3
293982.3
293982.3
293982.3
293982.3
293982.3
293982.3
293982.3
293982.3
293982.3
293982.3
292466.9
293982.3
293982.3
293982.3
292466.9
292466.9
292466.9
292466.9
293982.3
292466.9
292466.9
292466.9
292466.9
292466.9
292466.9
292466.9
292466.9
292466.9
292466.9
292466.9
292466.9
292466.9
292466.9
292466.9
292466.9
292466.9
290951.5
290951.5
292466.9
290951.5
292466.9
290951.5
290951.5
290951.5
290951.5
290951.5
290951.5
290951.5
290951.5
290951.5
290951.5
290951.5
290951.5
290951.5
290951.5
290951.5
290951.5
290951.5
290951.5
290951.5
290951.5
290951.5
290951.5
290951.5
290951.5
290951.5
290951.5
290951.5
290951.5
290951.5
290951.5
290951.5
290951.5
290951.5
290951.5
289436.2
290951.5
289436.2
289436.2
289436.2
289436.2
289436.2
289436.2
289436.2
289436.2
289436.2
289436.2
289436.2
289436.2
289436.2
289436.2
289436.2
289436.2
289436.2
289436.2
289436.2
289436.2
289436.2
289436.2
289436.2
289436.2
289436.2
289436.2
289436.2
289436.2
287920.8
289436.2
287920.8
289436.2
287920.8
289436.2
287920.8
287920.8
287920.8
287920.8
287920.8
287920.8
287920.8
287920.8
287920.8
287920.8
287920.8
287920.8
287920.8
287920.8
287920.8
287920.8
287920.8
287920.8
287920.8
287920.8
286405.4
286405.4
286405.4
287920.8
286405.4
286405.4
286405.4
286405.4
286405.4
286405.4
286405.4
286405.4
286405.4
286405.4
286405.4
286405.4
286405.4
286405.4
286405.4
286405.4
286405.4
286405.4
286405.4
286405.4
286405.4
286405.4
286405.4
286405.4
286405.4
286405.4
286405.4
286405.4
286405.4
286405.4
286405.4
286405.4
286405.4
286405.4
286405.4
286405.4
286405.4
286405.4
286405.4
286405.4
286405.4
286405.4
284890.0
284890.0
284890.0
284890.0
284890.0
284890.0
284890.0
284890.0
284890.0
284890.0
284890.0
284890.0
284890.0
284890.0
284890.0
284890.0
284890.0
284890.0
284890.0
284890.0
284890.0
284890.0
284890.0
284890.0
283374.7
284890.0
284890.0
284890.0
284890.0
284890.0
284890.0
284890.0
284890.0
284890.0
284890.0
284890.0
284890.0
283374.7
284890.0
283374.7
283374.7
283374.7
283374.7
283374.7
283374.7
283374.7
283374.7
283374.7
283374.7
283374.7
283374.7
283374.7
283374.7
283374.7
283374.7
283374.7
283374.7
283374.7
283374.7
283374.7
283374.7
283374.7
283374.7
283374.7
283374.7
283374.7
283374.7
283374.7
283374.7
283374.7
283374.7
283374.7
283374.7
283374.7
283374.7
283374.7
283374.7
281859.3
281859.3
283374.7
281859.3
283374.7
281859.3
281859.3
281859.3
281859.3
281859.3
281859.3
281859.3
281859.3
281859.3
281859.3
281859.3
281859.3
281859.3
281859.3
281859.3
281859.3
281859.3
281859.3
281859.3
281859.3
280343.9
281859.3
281859.3
281859.3
280343.9
280343.9
280343.9
281859.3
280343.9
281859.3
281859.3
281859.3
280343.9
280343.9
280343.9
280343.9
280343.9
280343.9
280343.9
280343.9
280343.9
280343.9
280343.9
280343.9
280343.9
280343.9
280343.9
280343.9
280343.9
280343.9
280343.9
280343.9
280343.9
280343.9
280343.9
280343.9
280343.9
280343.9
278828.6
280343.9
278828.6
280343.9
280343.9
278828.6
280343.9
280343.9
278828.6
278828.6
278828.6
278828.6
278828.6
278828.6
278828.6
278828.6
278828.6
278828.6
278828.6
278828.6
278828.6
278828.6
278828.6
278828.6
278828.6
278828.6
278828.6
278828.6
278828.6
278828.6
278828.6
278828.6
278828.6
278828.6
278828.6
278828.6
278828.6
278828.6
278828.6
278828.6
278828.6
278828.6
278828.6
278828.6
278828.6
278828.6
278828.6
277313.2
278828.6
277313.2
277313.2
277313.2
277313.2
278828.6
277313.2
278828.6
277313.2
277313.2
277313.2
277313.2
277313.2
277313.2
277313.2
277313.2
277313.2
277313.2
277313.2
277313.2
277313.2
277313.2
277313.2
277313.2
277313.2
277313.2
277313.2
277313.2
277313.2
277313.2
277313.2
277313.2
277313.2
275797.8
277313.2
277313.2
277313.2
275797.8
275797.8
275797.8
275797.8
275797.8
275797.8
275797.8
275797.8
275797.8
275797.8
275797.8
275797.8
275797.8
275797.8
275797.8
275797.8
275797.8
275797.8
275797.8
275797.8
274282.4
275797.8
274282.4
274282.4
274282.4
274282.4
274282.4
274282.4
274282.4
274282.4
274282.4
274282.4
274282.4
274282.4
274282.4
274282.4
274282.4
274282.4
274282.4
274282.4
274282.4
274282.4
274282.4
274282.4
274282.4
274282.4
274282.4
274282.4
274282.4
274282.4
274282.4
274282.4
274282.4
274282.4
274282.4
274282.4
274282.4
274282.4
274282.4
272767.1
272767.1
272767.1
274282.4
272767.1
272767.1
272767.1
272767.1
272767.1
272767.1
272767.1
272767.1
272767.1
272767.1
272767.1
272767.1
272767.1
272767.1
272767.1
272767.1
272767.1
272767.1
272767.1
272767.1
272767.1
272767.1
272767.1
272767.1
272767.1
272767.1
272767.1
272767.1
271251.7
271251.7
272767.1
272767.1
272767.1
271251.7
271251.7
271251.7
271251.7
271251.7
271251.7
271251.7
271251.7
271251.7
271251.7
271251.7
271251.7
271251.7
271251.7
271251.7
271251.7
271251.7
271251.7
271251.7
271251.7
271251.7
271251.7
269736.3
269736.3
269736.3
269736.3
271251.7
269736.3
269736.3
269736.3
269736.3
269736.3
269736.3
269736.3
269736.3
269736.3
269736.3
269736.3
269736.3
269736.3
269736.3
269736.3
269736.3
269736.3
269736.3
269736.3
269736.3
269736.3
269736.3
269736.3
269736.3
269736.3
269736.3
269736.3
269736.3
269736.3
269736.3
269736.3
269736.3
269736.3
269736.3
269736.3
269736.3
269736.3
268220.9
269736.3
269736.3
269736.3
269736.3
269736.3
269736.3
268220.9
268220.9
269736.3
268220.9
268220.9
268220.9
268220.9
268220.9
268220.9
268220.9
268220.9
268220.9
268220.9
268220.9
268220.9
268220.9
268220.9
268220.9
268220.9
268220.9
268220.9
268220.9
268220.9
268220.9
268220.9
268220.9
268220.9
268220.9
268220.9
268220.9
268220.9
268220.9
266705.6
268220.9
266705.6
268220.9
268220.9
268220.9
266705.6
266705.6
266705.6
266705.6
266705.6
266705.6
266705.6
266705.6
266705.6
266705.6
266705.6
266705.6
266705.6
266705.6
266705.6
266705.6
266705.6
266705.6
266705.6
266705.6
266705.6
266705.6
266705.6
266705.6
266705.6
266705.6
266705.6
266705.6
266705.6
266705.6
266705.6
266705.6
266705.6
266705.6
266705.6
266705.6
266705.6
266705.6
266705.6
266705.6
266705.6
266705.6
266705.6
266705.6
266705.6
266705.6
266705.6
265190.2
265190.2
266705.6
265190.2
265190.2
265190.2
265190.2
265190.2
265190.2
265190.2
265190.2
265190.2
265190.2
265190.2
265190.2
265190.2
265190.2
265190.2
265190.2
265190.2
265190.2
265190.2
265190.2
265190.2
265190.2
265190.2
265190.2
263674.8
265190.2
265190.2
265190.2
265190.2
263674.8
263674.8
263674.8
263674.8
263674.8
263674.8
263674.8
263674.8
263674.8
263674.8
263674.8
263674.8
263674.8
263674.8
263674.8
263674.8
263674.8
263674.8
263674.8
263674.8
263674.8
263674.8
263674.8
263674.8
263674.8
263674.8
263674.8
263674.8
263674.8
262159.5
263674.8
263674.8
263674.8
263674.8
263674.8
263674.8
263674.8
262159.5
262159.5
263674.8
262159.5
262159.5
262159.5
262159.5
262159.5
262159.5
262159.5
262159.5
262159.5
262159.5
262159.5
262159.5
262159.5
262159.5
262159.5
262159.5
262159.5
262159.5
262159.5
262159.5
262159.5
262159.5
262159.5
262159.5
262159.5
262159.5
262159.5
262159.5
262159.5
262159.5
262159.5
262159.5
262159.5
262159.5
262159.5
262159.5
262159.5
262159.5
262159.5
262159.5
260644.1
260644.1
262159.5
262159.5
260644.1
260644.1
260644.1
260644.1
260644.1
260644.1
260644.1
260644.1
260644.1
260644.1
260644.1
260644.1
260644.1
260644.1
260644.1
260644.1
260644.1
260644.1
260644.1
260644.1
260644.1
259128.7
260644.1
259128.7
260644.1
260644.1
260644.1
259128.7
259128.7
259128.7
259128.7
259128.7
259128.7
259128.7
259128.7
259128.7
259128.7
259128.7
259128.7
259128.7
259128.7
259128.7
259128.7
259128.7
259128.7
259128.7
259128.7
259128.7
259128.7
259128.7
259128.7
259128.7
259128.7
259128.7
259128.7
257613.3
259128.7
259128.7
259128.7
259128.7
259128.7
259128.7
259128.7
259128.7
259128.7
259128.7
259128.7
257613.3
257613.3
257613.3
257613.3
257613.3
257613.3
257613.3
257613.3
257613.3
257613.3
257613.3
257613.3
257613.3
257613.3
257613.3
257613.3
257613.3
257613.3
257613.3
257613.3
257613.3
257613.3
257613.3
257613.3
257613.3
257613.3
257613.3
257613.3
257613.3
257613.3
256098.0
257613.3
257613.3
257613.3
256098.0
257613.3
257613.3
257613.3
256098.0
257613.3
256098.0
257613.3
256098.0
256098.0
256098.0
257613.3
257613.3
256098.0
256098.0
256098.0
256098.0
256098.0
256098.0
256098.0
256098.0
256098.0
256098.0
256098.0
256098.0
256098.0
256098.0
256098.0
256098.0
256098.0
256098.0
256098.0
254582.6
256098.0
256098.0
256098.0
256098.0
256098.0
256098.0
254582.6
254582.6
256098.0
254582.6
256098.0
254582.6
254582.6
254582.6
254582.6
254582.6
254582.6
254582.6
254582.6
254582.6
254582.6
254582.6
254582.6
254582.6
254582.6
253067.2
254582.6
254582.6
254582.6
253067.2
254582.6
253067.2
254582.6
253067.2
253067.2
253067.2
254582.6
253067.2
253067.2
253067.2
253067.2
253067.2
254582.6
253067.2
253067.2
253067.2
253067.2
253067.2
253067.2
253067.2
253067.2
253067.2
253067.2
253067.2
253067.2
253067.2
253067.2
253067.2
253067.2
253067.2
253067.2
253067.2
253067.2
253067.2
253067.2
253067.2
253067.2
253067.2
253067.2
253067.2
253067.2
253067.2
253067.2
253067.2
253067.2
253067.2
253067.2
253067.2
253067.2
251551.8
251551.8
251551.8
253067.2
251551.8
251551.8
251551.8
251551.8
251551.8
251551.8
251551.8
251551.8
251551.8
251551.8
251551.8
251551.8
251551.8
251551.8
251551.8
251551.8
251551.8
251551.8
251551.8
251551.8
251551.8
251551.8
251551.8
251551.8
251551.8
251551.8
251551.8
251551.8
250036.5
251551.8
250036.5
251551.8
251551.8
250036.5
250036.5
250036.5
250036.5
251551.8
250036.5
250036.5
251551.8
250036.5
250036.5
250036.5
250036.5
250036.5
250036.5
250036.5
250036.5
250036.5
250036.5
250036.5
250036.5
250036.5
250036.5
250036.5
250036.5
250036.5
250036.5
250036.5
250036.5
250036.5
250036.5
250036.5
250036.5
250036.5
250036.5
250036.5
250036.5
250036.5
250036.5
250036.5
250036.5
250036.5
250036.5
250036.5
250036.5
250036.5
250036.5
250036.5
250036.5
250036.5
250036.5
250036.5
250036.5
250036.5
250036.5
250036.5
250036.5
250036.5
250036.5
250036.5
250036.5
248521.1
248521.1
248521.1
248521.1
248521.1
248521.1
248521.1
248521.1
248521.1
248521.1
248521.1
248521.1
248521.1
248521.1
248521.1
248521.1
248521.1
248521.1
248521.1
248521.1
248521.1
248521.1
248521.1
248521.1
248521.1
248521.1
248521.1
248521.1
248521.1
247005.7
247005.7
248521.1
247005.7
248521.1
247005.7
247005.7
247005.7
247005.7
247005.7
247005.7
247005.7
247005.7
247005.7
247005.7
247005.7
247005.7
247005.7
247005.7
247005.7
247005.7
247005.7
247005.7
247005.7
247005.7
247005.7
247005.7
247005.7
247005.7
247005.7
247005.7
247005.7
247005.7
247005.7
247005.7
247005.7
247005.7
247005.7
247005.7
247005.7
247005.7
245490.4
245490.4
245490.4
245490.4
245490.4
245490.4
245490.4
245490.4
245490.4
245490.4
245490.4
245490.4
245490.4
245490.4
245490.4
245490.4
245490.4
245490.4
245490.4
245490.4
245490.4
245490.4
245490.4
245490.4
245490.4
245490.4
245490.4
245490.4
245490.4
245490.4
245490.4
245490.4
245490.4
245490.4
245490.4
245490.4
245490.4
245490.4
245490.4
245490.4
245490.4
245490.4
245490.4
245490.4
245490.4
245490.4
245490.4
243975.0
243975.0
245490.4
245490.4
243975.0
243975.0
243975.0
243975.0
243975.0
245490.4
243975.0
243975.0
243975.0
243975.0
243975.0
243975.0
243975.0
242459.6
243975.0
243975.0
243975.0
243975.0
243975.0
243975.0
243975.0
243975.0
243975.0
243975.0
243975.0
242459.6
242459.6
243975.0
243975.0
242459.6
242459.6
242459.6
242459.6
242459.6
242459.6
242459.6
243975.0
242459.6
242459.6
242459.6
242459.6
242459.6
242459.6
242459.6
242459.6
242459.6
242459.6
242459.6
242459.6
242459.6
242459.6
242459.6
242459.6
242459.6
242459.6
242459.6
242459.6
242459.6
242459.6
242459.6
242459.6
242459.6
242459.6
242459.6
242459.6
242459.6
242459.6
242459.6
240944.2
242459.6
242459.6
240944.2
240944.2
240944.2
240944.2
240944.2
240944.2
240944.2
240944.2
240944.2
242459.6
240944.2
240944.2
240944.2
240944.2
240944.2
240944.2
240944.2
240944.2
240944.2
240944.2
240944.2
240944.2
240944.2
240944.2
240944.2
240944.2
240944.2
240944.2
240944.2
240944.2
240944.2
240944.2
240944.2
240944.2
240944.2
240944.2
239428.9
240944.2
240944.2
240944.2
239428.9
239428.9
240944.2
239428.9
239428.9
239428.9
239428.9
239428.9
240944.2
239428.9
239428.9
239428.9
239428.9
239428.9
239428.9
239428.9
239428.9
239428.9
239428.9
239428.9
239428.9
239428.9
239428.9
239428.9
239428.9
239428.9
239428.9
239428.9
239428.9
239428.9
239428.9
239428.9
239428.9
239428.9
239428.9
239428.9
239428.9
239428.9
239428.9
239428.9
239428.9
239428.9
239428.9
239428.9
237913.5
237913.5
237913.5
239428.9
237913.5
239428.9
237913.5
239428.9
239428.9
237913.5
237913.5
237913.5
237913.5
237913.5
237913.5
237913.5
237913.5
237913.5
237913.5
237913.5
237913.5
237913.5
237913.5
237913.5
237913.5
237913.5
237913.5
236398.1
236398.1
237913.5
236398.1
236398.1
236398.1
236398.1
236398.1
236398.1
236398.1
236398.1
236398.1
236398.1
236398.1
236398.1
236398.1
236398.1
236398.1
236398.1
236398.1
236398.1
236398.1
236398.1
236398.1
236398.1
236398.1
236398.1
236398.1
236398.1
236398.1
236398.1
236398.1
236398.1
236398.1
236398.1
236398.1
236398.1
236398.1
236398.1
236398.1
236398.1
236398.1
236398.1
236398.1
236398.1
236398.1
234882.7
234882.7
234882.7
234882.7
234882.7
236398.1
234882.7
234882.7
234882.7
234882.7
234882.7
234882.7
234882.7
234882.7
234882.7
234882.7
234882.7
234882.7
234882.7
234882.7
234882.7
234882.7
234882.7
234882.7
234882.7
234882.7
234882.7
234882.7
234882.7
234882.7
234882.7
234882.7
234882.7
234882.7
234882.7
234882.7
234882.7
234882.7
234882.7
234882.7
234882.7
234882.7
234882.7
234882.7
234882.7
234882.7
233367.4
234882.7
234882.7
233367.4
233367.4
234882.7
233367.4
233367.4
233367.4
233367.4
233367.4
233367.4
233367.4
233367.4
233367.4
233367.4
233367.4
233367.4
233367.4
233367.4
233367.4
233367.4
233367.4
233367.4
233367.4
233367.4
233367.4
233367.4
233367.4
233367.4
233367.4
233367.4
233367.4
233367.4
233367.4
233367.4
233367.4
233367.4
233367.4
233367.4
233367.4
233367.4
233367.4
233367.4
233367.4
233367.4
233367.4
233367.4
233367.4
233367.4
233367.4
233367.4
233367.4
233367.4
233367.4
233367.4
233367.4
233367.4
233367.4
231852.0
231852.0
233367.4
233367.4
233367.4
231852.0
233367.4
231852.0
230336.6
231852.0
231852.0
231852.0
231852.0
231852.0
231852.0
231852.0
231852.0
231852.0
231852.0
231852.0
231852.0
231852.0
231852.0
231852.0
231852.0
231852.0
231852.0
231852.0
231852.0
231852.0
231852.0
230336.6
230336.6
230336.6
230336.6
230336.6
230336.6
231852.0
230336.6
230336.6
230336.6
230336.6
230336.6
230336.6
230336.6
230336.6
230336.6
230336.6
230336.6
230336.6
230336.6
230336.6
230336.6
230336.6
230336.6
230336.6
230336.6
230336.6
230336.6
230336.6
230336.6
230336.6
230336.6
230336.6
230336.6
230336.6
230336.6
230336.6
230336.6
230336.6
230336.6
228821.3
228821.3
230336.6
228821.3
230336.6
228821.3
228821.3
228821.3
230336.6
228821.3
228821.3
230336.6
228821.3
228821.3
228821.3
228821.3
228821.3
228821.3
228821.3
228821.3
228821.3
228821.3
228821.3
228821.3
228821.3
228821.3
228821.3
228821.3
228821.3
228821.3
228821.3
228821.3
228821.3
228821.3
228821.3
228821.3
228821.3
228821.3
228821.3
228821.3
228821.3
228821.3
228821.3
228821.3
228821.3
228821.3
228821.3
228821.3
228821.3
228821.3
228821.3
228821.3
228821.3
228821.3
228821.3
228821.3
227305.9
227305.9
227305.9
227305.9
227305.9
227305.9
227305.9
228821.3
227305.9
227305.9
227305.9
227305.9
227305.9
227305.9
227305.9
227305.9
227305.9
227305.9
227305.9
227305.9
227305.9
227305.9
227305.9
227305.9
227305.9
227305.9
227305.9
227305.9
227305.9
227305.9
227305.9
225790.5
227305.9
227305.9
225790.5
225790.5
227305.9
225790.5
227305.9
225790.5
225790.5
225790.5
225790.5
225790.5
225790.5
225790.5
225790.5
225790.5
225790.5
225790.5
225790.5
225790.5
225790.5
225790.5
225790.5
225790.5
225790.5
225790.5
225790.5
225790.5
225790.5
225790.5
225790.5
225790.5
225790.5
225790.5
225790.5
225790.5
225790.5
225790.5
225790.5
225790.5
225790.5
225790.5
224275.1
224275.1
224275.1
225790.5
224275.1
224275.1
225790.5
224275.1
225790.5
224275.1
225790.5
224275.1
224275.1
224275.1
224275.1
224275.1
224275.1
224275.1
224275.1
224275.1
224275.1
224275.1
224275.1
224275.1
224275.1
224275.1
224275.1
224275.1
224275.1
224275.1
224275.1
224275.1
224275.1
224275.1
224275.1
224275.1
224275.1
224275.1
224275.1
224275.1
224275.1
224275.1
224275.1
224275.1
224275.1
224275.1
224275.1
224275.1
224275.1
224275.1
224275.1
222759.8
224275.1
224275.1
222759.8
222759.8
224275.1
224275.1
222759.8
222759.8
222759.8
222759.8
222759.8
222759.8
222759.8
222759.8
222759.8
222759.8
222759.8
222759.8
222759.8
222759.8
222759.8
222759.8
222759.8
222759.8
222759.8
222759.8
222759.8
222759.8
222759.8
222759.8
222759.8
222759.8
222759.8
222759.8
222759.8
222759.8
222759.8
222759.8
222759.8
222759.8
222759.8
222759.8
222759.8
222759.8
221244.4
222759.8
222759.8
222759.8
221244.4
222759.8
221244.4
221244.4
221244.4
221244.4
221244.4
221244.4
221244.4
222759.8
221244.4
221244.4
221244.4
221244.4
221244.4
221244.4
221244.4
221244.4
219729.0
221244.4
221244.4
221244.4
219729.0
221244.4
221244.4
221244.4
219729.0
219729.0
219729.0
221244.4
221244.4
219729.0
219729.0
219729.0
219729.0
219729.0
219729.0
219729.0
219729.0
219729.0
219729.0
219729.0
219729.0
219729.0
219729.0
219729.0
219729.0
219729.0
219729.0
219729.0
219729.0
219729.0
219729.0
219729.0
219729.0
219729.0
219729.0
219729.0
219729.0
219729.0
219729.0
219729.0
219729.0
219729.0
219729.0
219729.0
219729.0
219729.0
219729.0
219729.0
218213.6
219729.0
219729.0
219729.0
219729.0
219729.0
219729.0
218213.6
219729.0
218213.6
218213.6
218213.6
219729.0
218213.6
218213.6
218213.6
218213.6
218213.6
218213.6
218213.6
218213.6
218213.6
218213.6
218213.6
218213.6
218213.6
218213.6
218213.6
218213.6
218213.6
218213.6
218213.6
218213.6
218213.6
218213.6
218213.6
218213.6
218213.6
218213.6
218213.6
218213.6
218213.6
218213.6
218213.6
218213.6
218213.6
218213.6
218213.6
216698.3
218213.6
216698.3
218213.6
216698.3
216698.3
216698.3
218213.6
216698.3
216698.3
216698.3
216698.3
216698.3
216698.3
216698.3
216698.3
216698.3
216698.3
216698.3
216698.3
216698.3
216698.3
216698.3
216698.3
216698.3
216698.3
216698.3
216698.3
216698.3
216698.3
216698.3
216698.3
216698.3
216698.3
216698.3
216698.3
216698.3
216698.3
216698.3
216698.3
216698.3
216698.3
216698.3
216698.3
216698.3
216698.3
216698.3
216698.3
216698.3
216698.3
216698.3
216698.3
216698.3
216698.3
216698.3
215182.9
216698.3
216698.3
215182.9
215182.9
215182.9
215182.9
215182.9
215182.9
215182.9
215182.9
215182.9
215182.9
215182.9
215182.9
215182.9
215182.9
215182.9
215182.9
215182.9
215182.9
215182.9
215182.9
215182.9
215182.9
215182.9
215182.9
215182.9
215182.9
215182.9
215182.9
215182.9
215182.9
215182.9
215182.9
215182.9
215182.9
215182.9
213667.5
213667.5
215182.9
215182.9
215182.9
213667.5
215182.9
215182.9
213667.5
213667.5
213667.5
213667.5
213667.5
213667.5
213667.5
213667.5
213667.5
213667.5
213667.5
213667.5
213667.5
215182.9
213667.5
213667.5
213667.5
213667.5
213667.5
212152.2
213667.5
213667.5
213667.5
213667.5
213667.5
213667.5
213667.5
213667.5
213667.5
213667.5
213667.5
213667.5
213667.5
213667.5
213667.5
212152.2
213667.5
212152.2
213667.5
213667.5
212152.2
212152.2
213667.5
212152.2
213667.5
212152.2
213667.5
213667.5
212152.2
212152.2
212152.2
213667.5
212152.2
212152.2
212152.2
212152.2
212152.2
212152.2
212152.2
212152.2
212152.2
212152.2
212152.2
212152.2
212152.2
212152.2
212152.2
212152.2
212152.2
212152.2
212152.2
212152.2
212152.2
212152.2
212152.2
212152.2
212152.2
212152.2
212152.2
212152.2
212152.2
212152.2
212152.2
212152.2
212152.2
212152.2
212152.2
212152.2
212152.2
212152.2
212152.2
210636.8
212152.2
212152.2
212152.2
212152.2
212152.2
212152.2
210636.8
210636.8
212152.2
210636.8
210636.8
210636.8
212152.2
210636.8
212152.2
210636.8
210636.8
210636.8
210636.8
210636.8
210636.8
210636.8
210636.8
210636.8
210636.8
210636.8
210636.8
210636.8
210636.8
210636.8
210636.8
210636.8
210636.8
210636.8
210636.8
210636.8
210636.8
210636.8
210636.8
210636.8
210636.8
209121.4
210636.8
209121.4
209121.4
210636.8
210636.8
209121.4
209121.4
210636.8
209121.4
209121.4
209121.4
209121.4
209121.4
209121.4
209121.4
209121.4
209121.4
209121.4
209121.4
209121.4
209121.4
209121.4
209121.4
209121.4
209121.4
209121.4
209121.4
209121.4
209121.4
209121.4
209121.4
209121.4
209121.4
209121.4
209121.4
209121.4
209121.4
209121.4
209121.4
209121.4
209121.4
209121.4
209121.4
209121.4
209121.4
209121.4
209121.4
207606.0
209121.4
209121.4
209121.4
207606.0
207606.0
209121.4
209121.4
207606.0
207606.0
207606.0
207606.0
207606.0
209121.4
207606.0
207606.0
207606.0
207606.0
207606.0
207606.0
207606.0
207606.0
207606.0
207606.0
207606.0
207606.0
207606.0
207606.0
207606.0
207606.0
207606.0
207606.0
207606.0
207606.0
207606.0
207606.0
207606.0
207606.0
207606.0
207606.0
207606.0
207606.0
207606.0
207606.0
207606.0
207606.0
207606.0
207606.0
207606.0
207606.0
207606.0
207606.0
207606.0
207606.0
207606.0
207606.0
207606.0
207606.0
206090.7
207606.0
206090.7
206090.7
206090.7
207606.0
206090.7
206090.7
207606.0
207606.0
206090.7
206090.7
206090.7
206090.7
206090.7
206090.7
206090.7
206090.7
206090.7
206090.7
206090.7
206090.7
206090.7
206090.7
206090.7
206090.7
206090.7
206090.7
206090.7
206090.7
206090.7
206090.7
206090.7
206090.7
206090.7
206090.7
206090.7
206090.7
206090.7
206090.7
206090.7
206090.7
206090.7
206090.7
206090.7
206090.7
206090.7
206090.7
204575.3
206090.7
206090.7
206090.7
206090.7
204575.3
204575.3
206090.7
206090.7
206090.7
204575.3
206090.7
204575.3
206090.7
204575.3
204575.3
204575.3
204575.3
204575.3
204575.3
204575.3
204575.3
204575.3
204575.3
204575.3
204575.3
204575.3
203059.9
204575.3
204575.3
203059.9
204575.3
204575.3
204575.3
203059.9
204575.3
204575.3
204575.3
204575.3
204575.3
203059.9
203059.9
203059.9
203059.9
203059.9
204575.3
203059.9
204575.3
203059.9
203059.9
203059.9
203059.9
203059.9
203059.9
203059.9
203059.9
203059.9
203059.9
203059.9
203059.9
203059.9
203059.9
203059.9
203059.9
203059.9
203059.9
203059.9
203059.9
203059.9
203059.9
203059.9
203059.9
203059.9
203059.9
203059.9
203059.9
203059.9
203059.9
203059.9
203059.9
203059.9
203059.9
203059.9
203059.9
203059.9
203059.9
203059.9
203059.9
203059.9
203059.9
201544.6
203059.9
203059.9
203059.9
201544.6
203059.9
201544.6
203059.9
201544.6
203059.9
201544.6
203059.9
201544.6
201544.6
201544.6
201544.6
201544.6
201544.6
201544.6
201544.6
201544.6
201544.6
201544.6
201544.6
201544.6
201544.6
201544.6
201544.6
201544.6
201544.6
201544.6
201544.6
201544.6
201544.6
201544.6
201544.6
201544.6
201544.6
201544.6
201544.6
201544.6
201544.6
201544.6
201544.6
200029.2
200029.2
200029.2
200029.2
200029.2
200029.2
200029.2
200029.2
200029.2
200029.2
200029.2
200029.2
200029.2
200029.2
200029.2
200029.2
200029.2
200029.2
200029.2
200029.2
200029.2
200029.2
200029.2
200029.2
200029.2
200029.2
200029.2
200029.2
200029.2
200029.2
200029.2
200029.2
200029.2
200029.2
200029.2
200029.2
200029.2
200029.2
200029.2
200029.2
200029.2
200029.2
200029.2
200029.2
200029.2
200029.2
200029.2
200029.2
200029.2
200029.2
200029.2
200029.2
200029.2
200029.2
200029.2
198513.8
200029.2
200029.2
200029.2
200029.2
198513.8
200029.2
198513.8
200029.2
198513.8
198513.8
198513.8
198513.8
198513.8
198513.8
198513.8
198513.8
198513.8
198513.8
198513.8
198513.8
198513.8
198513.8
198513.8
198513.8
196998.4
198513.8
198513.8
198513.8
198513.8
198513.8
196998.4
198513.8
198513.8
196998.4
196998.4
198513.8
198513.8
198513.8
196998.4
196998.4
196998.4
198513.8
198513.8
196998.4
196998.4
196998.4
196998.4
196998.4
196998.4
196998.4
196998.4
196998.4
196998.4
196998.4
196998.4
196998.4
196998.4
196998.4
196998.4
196998.4
196998.4
196998.4
196998.4
196998.4
196998.4
196998.4
196998.4
196998.4
196998.4
196998.4
196998.4
196998.4
196998.4
196998.4
196998.4
196998.4
196998.4
196998.4
196998.4
196998.4
196998.4
196998.4
196998.4
196998.4
196998.4
196998.4
196998.4
196998.4
196998.4
195483.1
196998.4
196998.4
196998.4
196998.4
196998.4
195483.1
195483.1
195483.1
195483.1
195483.1
195483.1
195483.1
195483.1
195483.1
195483.1
195483.1
195483.1
195483.1
195483.1
195483.1
195483.1
195483.1
195483.1
195483.1
195483.1
195483.1
195483.1
195483.1
195483.1
195483.1
195483.1
195483.1
195483.1
195483.1
195483.1
195483.1
195483.1
195483.1
195483.1
195483.1
195483.1
195483.1
195483.1
195483.1
195483.1
195483.1
195483.1
195483.1
195483.1
195483.1
195483.1
195483.1
195483.1
195483.1
195483.1
195483.1
195483.1
195483.1
195483.1
195483.1
195483.1
195483.1
195483.1
195483.1
195483.1
195483.1
195483.1
195483.1
195483.1
195483.1
193967.7
195483.1
195483.1
195483.1
193967.7
195483.1
193967.7
193967.7
195483.1
193967.7
193967.7
193967.7
193967.7
193967.7
193967.7
195483.1
193967.7
193967.7
193967.7
193967.7
193967.7
193967.7
193967.7
193967.7
193967.7
193967.7
193967.7
193967.7
192452.3
193967.7
193967.7
193967.7
193967.7
193967.7
193967.7
193967.7
192452.3
193967.7
193967.7
193967.7
192452.3
192452.3
193967.7
193967.7
193967.7
193967.7
192452.3
193967.7
192452.3
192452.3
192452.3
192452.3
192452.3
192452.3
192452.3
192452.3
192452.3
192452.3
192452.3
192452.3
192452.3
192452.3
192452.3
192452.3
192452.3
192452.3
192452.3
192452.3
192452.3
192452.3
192452.3
192452.3
192452.3
192452.3
192452.3
192452.3
192452.3
192452.3
192452.3
192452.3
192452.3
192452.3
192452.3
192452.3
192452.3
192452.3
192452.3
190936.9
192452.3
192452.3
192452.3
190936.9
190936.9
192452.3
190936.9
192452.3
190936.9
192452.3
190936.9
190936.9
190936.9
190936.9
190936.9
190936.9
190936.9
190936.9
190936.9
190936.9
190936.9
190936.9
190936.9
190936.9
190936.9
190936.9
190936.9
190936.9
190936.9
190936.9
190936.9
190936.9
190936.9
190936.9
190936.9
190936.9
190936.9
190936.9
190936.9
190936.9
190936.9
190936.9
190936.9
190936.9
190936.9
190936.9
190936.9
190936.9
190936.9
190936.9
190936.9
190936.9
190936.9
190936.9
190936.9
190936.9
190936.9
190936.9
190936.9
190936.9
190936.9
190936.9
190936.9
190936.9
190936.9
190936.9
190936.9
190936.9
189421.6
189421.6
189421.6
189421.6
189421.6
190936.9
189421.6
190936.9
189421.6
190936.9
190936.9
189421.6
189421.6
189421.6
189421.6
189421.6
189421.6
189421.6
189421.6
189421.6
189421.6
189421.6
189421.6
189421.6
189421.6
189421.6
189421.6
189421.6
189421.6
189421.6
189421.6
189421.6
189421.6
189421.6
189421.6
189421.6
189421.6
189421.6
189421.6
189421.6
189421.6
189421.6
189421.6
189421.6
189421.6
189421.6
189421.6
189421.6
189421.6
189421.6
189421.6
189421.6
189421.6
189421.6
189421.6
189421.6
189421.6
189421.6
189421.6
187906.2
189421.6
189421.6
189421.6
187906.2
187906.2
189421.6
187906.2
189421.6
187906.2
187906.2
187906.2
187906.2
187906.2
187906.2
187906.2
187906.2
187906.2
187906.2
187906.2
187906.2
187906.2
187906.2
187906.2
187906.2
187906.2
187906.2
186390.8
187906.2
187906.2
187906.2
186390.8
187906.2
186390.8
187906.2
186390.8
186390.8
186390.8
186390.8
186390.8
186390.8
187906.2
186390.8
186390.8
186390.8
187906.2
186390.8
187906.2
186390.8
186390.8
186390.8
186390.8
186390.8
186390.8
186390.8
186390.8
186390.8
186390.8
186390.8
186390.8
186390.8
186390.8
186390.8
186390.8
186390.8
186390.8
186390.8
186390.8
186390.8
186390.8
186390.8
186390.8
186390.8
186390.8
186390.8
186390.8
186390.8
186390.8
186390.8
186390.8
186390.8
186390.8
186390.8
186390.8
186390.8
186390.8
186390.8
186390.8
186390.8
186390.8
186390.8
186390.8
184875.5
184875.5
186390.8
186390.8
184875.5
184875.5
184875.5
186390.8
184875.5
184875.5
184875.5
184875.5
184875.5
184875.5
184875.5
184875.5
184875.5
184875.5
184875.5
184875.5
184875.5
184875.5
184875.5
184875.5
184875.5
184875.5
184875.5
184875.5
184875.5
184875.5
184875.5
184875.5
184875.5
184875.5
184875.5
184875.5
184875.5
184875.5
184875.5
184875.5
184875.5
184875.5
184875.5
184875.5
184875.5
184875.5
184875.5
183360.1
184875.5
184875.5
184875.5
184875.5
184875.5
183360.1
183360.1
184875.5
183360.1
183360.1
183360.1
183360.1
184875.5
183360.1
183360.1
183360.1
183360.1
183360.1
184875.5
183360.1
183360.1
183360.1
183360.1
183360.1
183360.1
183360.1
183360.1
183360.1
183360.1
183360.1
183360.1
183360.1
183360.1
183360.1
183360.1
183360.1
183360.1
181844.7
183360.1
181844.7
183360.1
181844.7
183360.1
181844.7
181844.7
181844.7
181844.7
181844.7
181844.7
181844.7
181844.7
181844.7
181844.7
181844.7
181844.7
181844.7
181844.7
181844.7
181844.7
181844.7
181844.7
181844.7
181844.7
181844.7
181844.7
181844.7
181844.7
181844.7
181844.7
181844.7
181844.7
181844.7
181844.7
181844.7
181844.7
181844.7
181844.7
181844.7
181844.7
181844.7
181844.7
181844.7
181844.7
181844.7
181844.7
181844.7
181844.7
181844.7
181844.7
181844.7
181844.7
181844.7
181844.7
181844.7
181844.7
180329.3
181844.7
181844.7
181844.7
181844.7
181844.7
180329.3
181844.7
181844.7
180329.3
180329.3
180329.3
180329.3
180329.3
180329.3
180329.3
180329.3
180329.3
180329.3
180329.3
180329.3
180329.3
180329.3
180329.3
180329.3
180329.3
180329.3
180329.3
180329.3
180329.3
180329.3
180329.3
180329.3
180329.3
180329.3
180329.3
180329.3
180329.3
180329.3
180329.3
180329.3
180329.3
180329.3
180329.3
180329.3
180329.3
180329.3
180329.3
180329.3
180329.3
180329.3
180329.3
180329.3
180329.3
180329.3
180329.3
180329.3
180329.3
180329.3
180329.3
180329.3
180329.3
180329.3
180329.3
180329.3
180329.3
180329.3
180329.3
178814.0
180329.3
180329.3
180329.3
178814.0
178814.0
178814.0
178814.0
178814.0
178814.0
178814.0
178814.0
178814.0
178814.0
178814.0
178814.0
178814.0
178814.0
178814.0
178814.0
178814.0
178814.0
178814.0
178814.0
178814.0
178814.0
178814.0
178814.0
178814.0
178814.0
178814.0
178814.0
178814.0
178814.0
178814.0
178814.0
178814.0
178814.0
178814.0
178814.0
178814.0
178814.0
178814.0
178814.0
178814.0
178814.0
178814.0
178814.0
178814.0
178814.0
178814.0
178814.0
178814.0
178814.0
178814.0
178814.0
178814.0
178814.0
178814.0
178814.0
178814.0
178814.0
178814.0
178814.0
178814.0
178814.0
178814.0
178814.0
178814.0
178814.0
178814.0
178814.0
178814.0
178814.0
178814.0
178814.0
177298.6
178814.0
178814.0
178814.0
177298.6
177298.6
177298.6
177298.6
178814.0
177298.6
177298.6
177298.6
177298.6
177298.6
178814.0
177298.6
177298.6
177298.6
177298.6
177298.6
177298.6
177298.6
177298.6
177298.6
177298.6
177298.6
177298.6
177298.6
177298.6
177298.6
177298.6
177298.6
177298.6
177298.6
175783.2
177298.6
177298.6
177298.6
177298.6
177298.6
175783.2
177298.6
175783.2
175783.2
175783.2
177298.6
175783.2
175783.2
175783.2
175783.2
175783.2
175783.2
175783.2
175783.2
175783.2
177298.6
175783.2
175783.2
175783.2
175783.2
175783.2
175783.2
175783.2
175783.2
175783.2
175783.2
175783.2
175783.2
175783.2
175783.2
175783.2
175783.2
175783.2
175783.2
175783.2
175783.2
175783.2
175783.2
175783.2
175783.2
175783.2
175783.2
175783.2
175783.2
175783.2
174267.8
174267.8
175783.2
174267.8
174267.8
175783.2
175783.2
174267.8
175783.2
174267.8
174267.8
174267.8
174267.8
174267.8
174267.8
174267.8
174267.8
174267.8
174267.8
174267.8
174267.8
174267.8
174267.8
174267.8
174267.8
174267.8
174267.8
174267.8
174267.8
174267.8
174267.8
174267.8
174267.8
174267.8
174267.8
174267.8
174267.8
174267.8
174267.8
174267.8
174267.8
174267.8
174267.8
174267.8
174267.8
174267.8
174267.8
174267.8
174267.8
174267.8
174267.8
174267.8
174267.8
174267.8
174267.8
174267.8
174267.8
174267.8
174267.8
174267.8
174267.8
174267.8
174267.8
174267.8
174267.8
174267.8
174267.8
174267.8
174267.8
174267.8
174267.8
174267.8
174267.8
174267.8
174267.8
172752.5
174267.8
174267.8
174267.8
172752.5
174267.8
172752.5
174267.8
172752.5
174267.8
174267.8
172752.5
172752.5
172752.5
172752.5
172752.5
172752.5
172752.5
172752.5
174267.8
172752.5
172752.5
172752.5
172752.5
172752.5
172752.5
172752.5
172752.5
172752.5
172752.5
172752.5
172752.5
172752.5
172752.5
172752.5
172752.5
172752.5
172752.5
172752.5
172752.5
172752.5
172752.5
172752.5
172752.5
172752.5
172752.5
172752.5
172752.5
172752.5
172752.5
172752.5
172752.5
172752.5
172752.5
172752.5
172752.5
171237.1
172752.5
172752.5
172752.5
172752.5
172752.5
171237.1
172752.5
171237.1
172752.5
171237.1
172752.5
171237.1
172752.5
171237.1
171237.1
171237.1
171237.1
171237.1
171237.1
171237.1
171237.1
171237.1
171237.1
171237.1
171237.1
171237.1
171237.1
171237.1
171237.1
171237.1
171237.1
171237.1
171237.1
171237.1
171237.1
171237.1
171237.1
171237.1
171237.1
171237.1
171237.1
171237.1
171237.1
171237.1
171237.1
169721.7
171237.1
171237.1
171237.1
169721.7
171237.1
171237.1
169721.7
171237.1
171237.1
169721.7
171237.1
169721.7
171237.1
169721.7
171237.1
169721.7
169721.7
169721.7
169721.7
169721.7
169721.7
169721.7
169721.7
169721.7
169721.7
169721.7
169721.7
169721.7
169721.7
169721.7
169721.7
169721.7
169721.7
169721.7
169721.7
169721.7
169721.7
169721.7
169721.7
169721.7
169721.7
169721.7
169721.7
169721.7
169721.7
169721.7
169721.7
169721.7
169721.7
169721.7
168206.4
169721.7
169721.7
169721.7
169721.7
168206.4
169721.7
169721.7
169721.7
169721.7
168206.4
169721.7
169721.7
169721.7
169721.7
168206.4
168206.4
168206.4
168206.4
169721.7
168206.4
168206.4
168206.4
168206.4
168206.4
168206.4
168206.4
168206.4
168206.4
168206.4
168206.4
168206.4
168206.4
168206.4
168206.4
168206.4
168206.4
168206.4
168206.4
168206.4
168206.4
168206.4
168206.4
168206.4
168206.4
168206.4
168206.4
168206.4
168206.4
168206.4
168206.4
168206.4
168206.4
168206.4
168206.4
168206.4
168206.4
168206.4
168206.4
168206.4
168206.4
168206.4
168206.4
166691.0
168206.4
168206.4
168206.4
168206.4
168206.4
168206.4
168206.4
166691.0
168206.4
166691.0
168206.4
168206.4
168206.4
168206.4
166691.0
166691.0
166691.0
166691.0
166691.0
166691.0
168206.4
166691.0
166691.0
166691.0
166691.0
166691.0
166691.0
166691.0
166691.0
166691.0
166691.0
166691.0
166691.0
166691.0
166691.0
166691.0
166691.0
166691.0
166691.0
166691.0
166691.0
166691.0
166691.0
165175.6
166691.0
166691.0
165175.6
166691.0
166691.0
165175.6
166691.0
165175.6
166691.0
165175.6
166691.0
166691.0
166691.0
166691.0
165175.6
165175.6
165175.6
165175.6
165175.6
165175.6
165175.6
165175.6
165175.6
165175.6
165175.6
165175.6
165175.6
165175.6
165175.6
165175.6
165175.6
165175.6
165175.6
165175.6
165175.6
165175.6
165175.6
165175.6
165175.6
165175.6
165175.6
165175.6
165175.6
165175.6
165175.6
165175.6
165175.6
165175.6
165175.6
165175.6
165175.6
165175.6
165175.6
165175.6
165175.6
165175.6
165175.6
165175.6
165175.6
165175.6
165175.6
165175.6
165175.6
163660.2
165175.6
163660.2
165175.6
165175.6
165175.6
165175.6
165175.6
165175.6
163660.2
163660.2
163660.2
163660.2
163660.2
163660.2
163660.2
163660.2
163660.2
163660.2
163660.2
163660.2
163660.2
163660.2
163660.2
163660.2
163660.2
163660.2
163660.2
163660.2
163660.2
163660.2
163660.2
163660.2
163660.2
163660.2
163660.2
163660.2
163660.2
163660.2
163660.2
163660.2
163660.2
163660.2
163660.2
163660.2
163660.2
163660.2
163660.2
163660.2
163660.2
163660.2
163660.2
163660.2
163660.2
163660.2
163660.2
163660.2
163660.2
163660.2
163660.2
163660.2
163660.2
163660.2
163660.2
163660.2
163660.2
163660.2
163660.2
163660.2
163660.2
163660.2
163660.2
163660.2
163660.2
163660.2
163660.2
163660.2
163660.2
163660.2
163660.2
162144.9
162144.9
162144.9
163660.2
163660.2
162144.9
162144.9
163660.2
162144.9
162144.9
162144.9
162144.9
162144.9
162144.9
162144.9
162144.9
162144.9
162144.9
162144.9
162144.9
162144.9
162144.9
162144.9
162144.9
162144.9
162144.9
162144.9
162144.9
162144.9
162144.9
162144.9
162144.9
162144.9
162144.9
162144.9
162144.9
162144.9
162144.9
162144.9
162144.9
162144.9
162144.9
162144.9
162144.9
162144.9
162144.9
162144.9
162144.9
162144.9
162144.9
162144.9
162144.9
162144.9
162144.9
162144.9
162144.9
162144.9
162144.9
162144.9
162144.9
160629.5
162144.9
162144.9
162144.9
162144.9
162144.9
160629.5
162144.9
160629.5
162144.9
162144.9
160629.5
160629.5
162144.9
160629.5
162144.9
160629.5
160629.5
160629.5
160629.5
160629.5
160629.5
160629.5
160629.5
160629.5
160629.5
160629.5
160629.5
160629.5
160629.5
160629.5
160629.5
160629.5
160629.5
160629.5
160629.5
160629.5
160629.5
160629.5
160629.5
160629.5
160629.5
160629.5
160629.5
160629.5
160629.5
160629.5
160629.5
160629.5
160629.5
160629.5
160629.5
160629.5
160629.5
160629.5
160629.5
160629.5
160629.5
160629.5
160629.5
160629.5
160629.5
159114.1
160629.5
159114.1
160629.5
160629.5
159114.1
159114.1
160629.5
159114.1
160629.5
159114.1
160629.5
159114.1
159114.1
159114.1
159114.1
159114.1
160629.5
159114.1
159114.1
159114.1
159114.1
159114.1
159114.1
159114.1
159114.1
159114.1
159114.1
159114.1
159114.1
159114.1
159114.1
159114.1
159114.1
159114.1
159114.1
159114.1
159114.1
159114.1
159114.1
159114.1
159114.1
159114.1
159114.1
159114.1
159114.1
159114.1
159114.1
159114.1
159114.1
159114.1
159114.1
159114.1
159114.1
159114.1
159114.1
159114.1
159114.1
159114.1
159114.1
159114.1
159114.1
159114.1
159114.1
159114.1
159114.1
157598.7
159114.1
157598.7
157598.7
157598.7
157598.7
157598.7
159114.1
157598.7
157598.7
157598.7
159114.1
157598.7
157598.7
157598.7
157598.7
157598.7
157598.7
157598.7
157598.7
157598.7
157598.7
157598.7
157598.7
157598.7
157598.7
157598.7
157598.7
157598.7
157598.7
157598.7
157598.7
157598.7
157598.7
157598.7
157598.7
157598.7
157598.7
157598.7
157598.7
157598.7
157598.7
157598.7
157598.7
157598.7
157598.7
157598.7
157598.7
157598.7
157598.7
157598.7
157598.7
157598.7
157598.7
157598.7
157598.7
157598.7
157598.7
157598.7
157598.7
157598.7
157598.7
157598.7
157598.7
157598.7
157598.7
157598.7
157598.7
157598.7
157598.7
157598.7
157598.7
157598.7
157598.7
156083.4
157598.7
156083.4
157598.7
156083.4
157598.7
156083.4
156083.4
156083.4
157598.7
156083.4
156083.4
156083.4
156083.4
156083.4
156083.4
156083.4
157598.7
156083.4
156083.4
156083.4
156083.4
156083.4
156083.4
156083.4
156083.4
156083.4
156083.4
156083.4
156083.4
156083.4
156083.4
156083.4
156083.4
156083.4
156083.4
156083.4
156083.4
156083.4
156083.4
156083.4
156083.4
156083.4
156083.4
156083.4
156083.4
156083.4
156083.4
156083.4
156083.4
156083.4
156083.4
156083.4
156083.4
156083.4
156083.4
156083.4
156083.4
154568.0
156083.4
156083.4
156083.4
156083.4
154568.0
156083.4
156083.4
154568.0
156083.4
154568.0
154568.0
154568.0
154568.0
156083.4
154568.0
154568.0
154568.0
154568.0
154568.0
154568.0
154568.0
154568.0
156083.4
154568.0
154568.0
154568.0
154568.0
154568.0
154568.0
154568.0
154568.0
154568.0
154568.0
154568.0
154568.0
154568.0
154568.0
154568.0
154568.0
154568.0
154568.0
154568.0
154568.0
154568.0
154568.0
154568.0
154568.0
153052.6
154568.0
154568.0
154568.0
154568.0
154568.0
153052.6
154568.0
153052.6
154568.0
153052.6
153052.6
153052.6
154568.0
153052.6
154568.0
153052.6
153052.6
153052.6
153052.6
153052.6
153052.6
153052.6
154568.0
153052.6
153052.6
153052.6
153052.6
153052.6
153052.6
153052.6
153052.6
153052.6
153052.6
153052.6
153052.6
153052.6
153052.6
153052.6
153052.6
153052.6
153052.6
153052.6
153052.6
153052.6
153052.6
153052.6
153052.6
153052.6
153052.6
153052.6
153052.6
153052.6
153052.6
153052.6
153052.6
153052.6
153052.6
153052.6
153052.6
153052.6
153052.6
153052.6
153052.6
153052.6
153052.6
153052.6
153052.6
153052.6
153052.6
153052.6
153052.6
153052.6
153052.6
153052.6
153052.6
153052.6
153052.6
153052.6
153052.6
153052.6
153052.6
151537.3
153052.6
151537.3
151537.3
151537.3
151537.3
151537.3
153052.6
151537.3
151537.3
151537.3
151537.3
151537.3
153052.6
151537.3
151537.3
151537.3
151537.3
151537.3
151537.3
151537.3
151537.3
151537.3
151537.3
151537.3
151537.3
151537.3
151537.3
151537.3
151537.3
151537.3
151537.3
151537.3
151537.3
151537.3
151537.3
151537.3
151537.3
151537.3
151537.3
151537.3
151537.3
151537.3
151537.3
151537.3
151537.3
151537.3
151537.3
151537.3
151537.3
151537.3
151537.3
151537.3
151537.3
151537.3
151537.3
151537.3
151537.3
151537.3
151537.3
151537.3
151537.3
150021.9
151537.3
150021.9
151537.3
151537.3
151537.3
150021.9
151537.3
151537.3
150021.9
150021.9
151537.3
150021.9
150021.9
150021.9
151537.3
150021.9
151537.3
151537.3
150021.9
150021.9
151537.3
150021.9
150021.9
150021.9
150021.9
150021.9
150021.9
150021.9
150021.9
150021.9
150021.9
150021.9
150021.9
150021.9
150021.9
150021.9
150021.9
150021.9
150021.9
150021.9
150021.9
148506.5
150021.9
150021.9
150021.9
148506.5
150021.9
150021.9
148506.5
148506.5
150021.9
148506.5
150021.9
148506.5
150021.9
148506.5
148506.5
148506.5
148506.5
148506.5
148506.5
148506.5
148506.5
148506.5
148506.5
148506.5
148506.5
148506.5
148506.5
148506.5
148506.5
148506.5
148506.5
148506.5
148506.5
148506.5
148506.5
148506.5
148506.5
148506.5
148506.5
148506.5
148506.5
148506.5
148506.5
148506.5
148506.5
148506.5
148506.5
148506.5
148506.5
148506.5
148506.5
148506.5
148506.5
148506.5
148506.5
148506.5
148506.5
148506.5
148506.5
148506.5
148506.5
148506.5
148506.5
148506.5
148506.5
148506.5
148506.5
148506.5
148506.5
148506.5
148506.5
148506.5
148506.5
146991.1
148506.5
146991.1
148506.5
148506.5
148506.5
146991.1
146991.1
146991.1
146991.1
146991.1
146991.1
146991.1
148506.5
146991.1
146991.1
146991.1
146991.1
146991.1
146991.1
146991.1
146991.1
146991.1
146991.1
146991.1
146991.1
146991.1
146991.1
146991.1
146991.1
146991.1
146991.1
146991.1
146991.1
146991.1
146991.1
146991.1
146991.1
146991.1
146991.1
146991.1
146991.1
146991.1
146991.1
146991.1
146991.1
146991.1
146991.1
146991.1
146991.1
146991.1
146991.1
146991.1
146991.1
146991.1
146991.1
146991.1
146991.1
146991.1
146991.1
146991.1
146991.1
145475.8
146991.1
145475.8
146991.1
146991.1
146991.1
146991.1
145475.8
146991.1
146991.1
145475.8
145475.8
145475.8
145475.8
145475.8
145475.8
145475.8
145475.8
145475.8
145475.8
145475.8
145475.8
145475.8
145475.8
145475.8
145475.8
145475.8
145475.8
145475.8
145475.8
145475.8
145475.8
145475.8
145475.8
145475.8
145475.8
145475.8
145475.8
145475.8
145475.8
145475.8
145475.8
145475.8
145475.8
145475.8
145475.8
145475.8
145475.8
145475.8
145475.8
145475.8
145475.8
145475.8
145475.8
145475.8
145475.8
145475.8
145475.8
145475.8
145475.8
145475.8
145475.8
145475.8
145475.8
145475.8
145475.8
145475.8
145475.8
145475.8
145475.8
145475.8
145475.8
145475.8
145475.8
143960.4
145475.8
145475.8
145475.8
143960.4
145475.8
143960.4
143960.4
143960.4
143960.4
143960.4
145475.8
143960.4
145475.8
145475.8
145475.8
145475.8
143960.4
143960.4
145475.8
143960.4
145475.8
145475.8
143960.4
143960.4
143960.4
143960.4
143960.4
143960.4
143960.4
143960.4
143960.4
143960.4
143960.4
143960.4
143960.4
143960.4
143960.4
143960.4
143960.4
143960.4
143960.4
143960.4
143960.4
143960.4
143960.4
143960.4
143960.4
143960.4
143960.4
143960.4
143960.4
143960.4
143960.4
143960.4
143960.4
143960.4
143960.4
142445.0
142445.0
142445.0
142445.0
143960.4
142445.0
142445.0
143960.4
142445.0
142445.0
142445.0
143960.4
142445.0
142445.0
143960.4
142445.0
142445.0
143960.4
142445.0
142445.0
142445.0
142445.0
142445.0
142445.0
142445.0
142445.0
142445.0
142445.0
142445.0
142445.0
142445.0
142445.0
142445.0
142445.0
142445.0
142445.0
142445.0
142445.0
142445.0
142445.0
142445.0
142445.0
142445.0
142445.0
142445.0
142445.0
142445.0
142445.0
142445.0
142445.0
142445.0
142445.0
142445.0
142445.0
142445.0
142445.0
142445.0
142445.0
142445.0
142445.0
142445.0
142445.0
142445.0
142445.0
142445.0
142445.0
142445.0
142445.0
142445.0
142445.0
142445.0
142445.0
142445.0
142445.0
142445.0
142445.0
142445.0
142445.0
142445.0
142445.0
142445.0
142445.0
140929.6
140929.6
140929.6
142445.0
142445.0
140929.6
142445.0
142445.0
140929.6
142445.0
140929.6
140929.6
142445.0
140929.6
140929.6
142445.0
140929.6
142445.0
140929.6
142445.0
142445.0
142445.0
142445.0
140929.6
140929.6
140929.6
140929.6
140929.6
140929.6
140929.6
140929.6
140929.6
140929.6
140929.6
140929.6
140929.6
140929.6
140929.6
140929.6
140929.6
140929.6
140929.6
140929.6
140929.6
140929.6
140929.6
140929.6
140929.6
140929.6
140929.6
140929.6
140929.6
140929.6
140929.6
140929.6
140929.6
140929.6
140929.6
140929.6
140929.6
140929.6
140929.6
140929.6
140929.6
140929.6
140929.6
140929.6
140929.6
140929.6
140929.6
140929.6
140929.6
140929.6
140929.6
140929.6
140929.6
140929.6
140929.6
140929.6
140929.6
139414.3
140929.6
140929.6
140929.6
140929.6
140929.6
140929.6
140929.6
140929.6
140929.6
139414.3
140929.6
139414.3
140929.6
139414.3
140929.6
139414.3
139414.3
140929.6
140929.6
140929.6
140929.6
139414.3
139414.3
139414.3
139414.3
139414.3
139414.3
139414.3
139414.3
139414.3
139414.3
139414.3
139414.3
139414.3
139414.3
139414.3
139414.3
139414.3
139414.3
139414.3
139414.3
139414.3
139414.3
139414.3
139414.3
139414.3
139414.3
139414.3
139414.3
139414.3
139414.3
139414.3
139414.3
139414.3
139414.3
139414.3
139414.3
139414.3
139414.3
139414.3
139414.3
139414.3
139414.3
139414.3
139414.3
139414.3
139414.3
139414.3
139414.3
139414.3
139414.3
139414.3
139414.3
139414.3
139414.3
139414.3
139414.3
139414.3
139414.3
137898.9
139414.3
137898.9
139414.3
137898.9
139414.3
137898.9
139414.3
137898.9
139414.3
137898.9
139414.3
137898.9
137898.9
137898.9
139414.3
137898.9
137898.9
137898.9
137898.9
137898.9
137898.9
137898.9
137898.9
137898.9
137898.9
137898.9
137898.9
137898.9
137898.9
137898.9
137898.9
137898.9
137898.9
137898.9
137898.9
137898.9
137898.9
137898.9
137898.9
137898.9
137898.9
137898.9
137898.9
137898.9
137898.9
137898.9
137898.9
137898.9
137898.9
137898.9
137898.9
137898.9
137898.9
137898.9
137898.9
137898.9
137898.9
136383.5
137898.9
136383.5
136383.5
136383.5
137898.9
136383.5
137898.9
137898.9
136383.5
136383.5
136383.5
137898.9
136383.5
136383.5
136383.5
136383.5
136383.5
136383.5
136383.5
136383.5
136383.5
136383.5
136383.5
136383.5
136383.5
136383.5
136383.5
136383.5
136383.5
136383.5
136383.5
136383.5
136383.5
136383.5
136383.5
136383.5
136383.5
136383.5
136383.5
136383.5
136383.5
136383.5
136383.5
136383.5
136383.5
136383.5
136383.5
136383.5
136383.5
136383.5
136383.5
136383.5
136383.5
136383.5
136383.5
136383.5
136383.5
136383.5
136383.5
136383.5
136383.5
136383.5
136383.5
136383.5
136383.5
136383.5
136383.5
136383.5
136383.5
136383.5
136383.5
136383.5
136383.5
136383.5
136383.5
134868.2
136383.5
136383.5
136383.5
136383.5
136383.5
134868.2
136383.5
134868.2
134868.2
136383.5
136383.5
134868.2
136383.5
136383.5
134868.2
136383.5
136383.5
134868.2
136383.5
134868.2
136383.5
134868.2
134868.2
134868.2
136383.5
134868.2
136383.5
134868.2
134868.2
134868.2
134868.2
134868.2
134868.2
134868.2
134868.2
134868.2
134868.2
134868.2
134868.2
134868.2
134868.2
134868.2
134868.2
134868.2
134868.2
134868.2
134868.2
134868.2
134868.2
134868.2
134868.2
134868.2
134868.2
134868.2
134868.2
134868.2
134868.2
134868.2
134868.2
134868.2
134868.2
134868.2
134868.2
134868.2
134868.2
134868.2
134868.2
134868.2
134868.2
134868.2
134868.2
134868.2
134868.2
134868.2
134868.2
134868.2
134868.2
134868.2
134868.2
133352.8
134868.2
133352.8
134868.2
133352.8
134868.2
133352.8
134868.2
133352.8
134868.2
133352.8
134868.2
133352.8
134868.2
133352.8
133352.8
133352.8
134868.2
133352.8
134868.2
133352.8
134868.2
133352.8
134868.2
133352.8
134868.2
133352.8
133352.8
133352.8
133352.8
133352.8
133352.8
133352.8
133352.8
133352.8
133352.8
131837.4
133352.8
133352.8
133352.8
133352.8
133352.8
133352.8
133352.8
133352.8
133352.8
133352.8
133352.8
133352.8
133352.8
133352.8
133352.8
133352.8
133352.8
131837.4
133352.8
131837.4
133352.8
133352.8
133352.8
131837.4
131837.4
133352.8
131837.4
133352.8
133352.8
133352.8
133352.8
131837.4
133352.8
131837.4
131837.4
131837.4
131837.4
131837.4
133352.8
133352.8
131837.4
131837.4
131837.4
131837.4
131837.4
131837.4
131837.4
131837.4
131837.4
131837.4
131837.4
131837.4
131837.4
131837.4
131837.4
131837.4
131837.4
131837.4
131837.4
131837.4
131837.4
131837.4
131837.4
131837.4
131837.4
131837.4
131837.4
131837.4
131837.4
131837.4
131837.4
131837.4
131837.4
131837.4
131837.4
131837.4
131837.4
131837.4
131837.4
131837.4
131837.4
131837.4
131837.4
131837.4
131837.4
131837.4
131837.4
131837.4
131837.4
131837.4
131837.4
130322.0
131837.4
131837.4
131837.4
131837.4
131837.4
131837.4
131837.4
131837.4
131837.4
131837.4
131837.4
131837.4
131837.4
130322.0
131837.4
130322.0
130322.0
130322.0
131837.4
130322.0
131837.4
130322.0
130322.0
130322.0
130322.0
130322.0
131837.4
130322.0
130322.0
130322.0
130322.0
130322.0
131837.4
130322.0
130322.0
130322.0
130322.0
130322.0
130322.0
130322.0
130322.0
130322.0
130322.0
130322.0
130322.0
130322.0
130322.0
130322.0
130322.0
130322.0
130322.0
130322.0
130322.0
130322.0
130322.0
130322.0
130322.0
130322.0
130322.0
130322.0
130322.0
130322.0
130322.0
130322.0
130322.0
130322.0
130322.0
130322.0
130322.0
130322.0
130322.0
128806.7
130322.0
128806.7
130322.0
128806.7
130322.0
128806.7
130322.0
128806.7
130322.0
128806.7
130322.0
128806.7
128806.7
128806.7
128806.7
128806.7
128806.7
128806.7
128806.7
130322.0
128806.7
128806.7
128806.7
128806.7
128806.7
128806.7
128806.7
128806.7
128806.7
128806.7
128806.7
128806.7
128806.7
128806.7
128806.7
128806.7
128806.7
128806.7
128806.7
128806.7
128806.7
128806.7
128806.7
128806.7
128806.7
128806.7
128806.7
128806.7
128806.7
128806.7
128806.7
128806.7
128806.7
128806.7
128806.7
128806.7
128806.7
128806.7
128806.7
128806.7
128806.7
128806.7
128806.7
128806.7
128806.7
128806.7
128806.7
128806.7
128806.7
128806.7
128806.7
128806.7
128806.7
128806.7
128806.7
128806.7
128806.7
128806.7
128806.7
128806.7
128806.7
128806.7
128806.7
128806.7
128806.7
128806.7
128806.7
128806.7
128806.7
128806.7
128806.7
128806.7
128806.7
128806.7
128806.7
128806.7
127291.3
128806.7
128806.7
127291.3
127291.3
127291.3
127291.3
127291.3
127291.3
127291.3
128806.7
127291.3
127291.3
127291.3
128806.7
127291.3
128806.7
127291.3
127291.3
127291.3
127291.3
127291.3
127291.3
127291.3
127291.3
127291.3
127291.3
127291.3
127291.3
127291.3
127291.3
127291.3
127291.3
127291.3
127291.3
127291.3
127291.3
127291.3
127291.3
127291.3
127291.3
127291.3
127291.3
127291.3
127291.3
127291.3
127291.3
125775.9
127291.3
125775.9
127291.3
125775.9
125775.9
127291.3
127291.3
125775.9
127291.3
127291.3
127291.3
125775.9
127291.3
125775.9
125775.9
125775.9
127291.3
125775.9
125775.9
125775.9
125775.9
125775.9
125775.9
125775.9
125775.9
125775.9
125775.9
125775.9
125775.9
125775.9
125775.9
125775.9
125775.9
125775.9
125775.9
125775.9
125775.9
125775.9
125775.9
125775.9
125775.9
125775.9
125775.9
125775.9
125775.9
125775.9
125775.9
125775.9
125775.9
125775.9
125775.9
125775.9
125775.9
125775.9
125775.9
125775.9
125775.9
125775.9
125775.9
125775.9
125775.9
125775.9
125775.9
125775.9
125775.9
125775.9
125775.9
125775.9
125775.9
125775.9
125775.9
125775.9
125775.9
125775.9
125775.9
125775.9
125775.9
125775.9
124260.6
125775.9
125775.9
125775.9
125775.9
125775.9
125775.9
125775.9
125775.9
125775.9
125775.9
125775.9
125775.9
125775.9
125775.9
125775.9
124260.6
125775.9
125775.9
125775.9
125775.9
125775.9
125775.9
125775.9
125775.9
125775.9
125775.9
125775.9
124260.6
124260.6
125775.9
125775.9
125775.9
124260.6
125775.9
124260.6
125775.9
124260.6
125775.9
124260.6
124260.6
124260.6
125775.9
124260.6
124260.6
124260.6
124260.6
125775.9
124260.6
124260.6
124260.6
124260.6
124260.6
124260.6
124260.6
124260.6
124260.6
124260.6
124260.6
124260.6
124260.6
124260.6
124260.6
124260.6
124260.6
124260.6
124260.6
124260.6
124260.6
124260.6
124260.6
124260.6
124260.6
124260.6
124260.6
124260.6
124260.6
124260.6
124260.6
124260.6
124260.6
124260.6
124260.6
124260.6
124260.6
124260.6
124260.6
124260.6
124260.6
124260.6
124260.6
124260.6
124260.6
124260.6
124260.6
124260.6
124260.6
124260.6
124260.6
124260.6
124260.6
124260.6
124260.6
124260.6
124260.6
124260.6
124260.6
124260.6
124260.6
124260.6
124260.6
124260.6
124260.6
124260.6
124260.6
124260.6
124260.6
124260.6
124260.6
124260.6
124260.6
124260.6
124260.6
124260.6
124260.6
122745.2
124260.6
122745.2
124260.6
122745.2
124260.6
122745.2
124260.6
122745.2
122745.2
122745.2
122745.2
124260.6
124260.6
122745.2
124260.6
122745.2
122745.2
122745.2
122745.2
122745.2
122745.2
122745.2
124260.6
122745.2
122745.2
122745.2
122745.2
122745.2
122745.2
122745.2
122745.2
122745.2
122745.2
122745.2
122745.2
122745.2
122745.2
122745.2
122745.2
122745.2
122745.2
122745.2
122745.2
122745.2
122745.2
122745.2
122745.2
122745.2
122745.2
122745.2
122745.2
122745.2
122745.2
122745.2
122745.2
122745.2
122745.2
122745.2
122745.2
122745.2
122745.2
122745.2
122745.2
122745.2
122745.2
122745.2
122745.2
122745.2
122745.2
121229.8
122745.2
122745.2
122745.2
122745.2
122745.2
122745.2
122745.2
121229.8
122745.2
121229.8
122745.2
121229.8
122745.2
121229.8
122745.2
122745.2
121229.8
121229.8
122745.2
121229.8
121229.8
121229.8
121229.8
121229.8
121229.8
121229.8
121229.8
121229.8
121229.8
121229.8
121229.8
122745.2
122745.2
121229.8
121229.8
122745.2
121229.8
121229.8
121229.8
121229.8
121229.8
121229.8
121229.8
121229.8
121229.8
121229.8
121229.8
121229.8
121229.8
121229.8
121229.8
121229.8
121229.8
121229.8
121229.8
121229.8
121229.8
121229.8
121229.8
119714.4
121229.8
121229.8
121229.8
121229.8
121229.8
121229.8
121229.8
121229.8
121229.8
119714.4
121229.8
121229.8
121229.8
119714.4
121229.8
119714.4
121229.8
119714.4
121229.8
119714.4
121229.8
119714.4
121229.8
119714.4
121229.8
119714.4
119714.4
119714.4
121229.8
121229.8
119714.4
119714.4
121229.8
119714.4
119714.4
119714.4
119714.4
119714.4
119714.4
119714.4
119714.4
119714.4
119714.4
119714.4
119714.4
119714.4
119714.4
119714.4
119714.4
119714.4
119714.4
119714.4
119714.4
119714.4
119714.4
119714.4
119714.4
119714.4
119714.4
119714.4
119714.4
119714.4
119714.4
119714.4
119714.4
119714.4
119714.4
119714.4
119714.4
119714.4
119714.4
119714.4
119714.4
119714.4
119714.4
119714.4
119714.4
119714.4
119714.4
119714.4
119714.4
119714.4
119714.4
119714.4
119714.4
119714.4
119714.4
119714.4
119714.4
119714.4
119714.4
119714.4
119714.4
119714.4
119714.4
118199.1
119714.4
119714.4
119714.4
119714.4
119714.4
119714.4
119714.4
119714.4
119714.4
119714.4
119714.4
119714.4
119714.4
119714.4
119714.4
119714.4
119714.4
119714.4
118199.1
119714.4
119714.4
119714.4
119714.4
118199.1
118199.1
119714.4
119714.4
118199.1
119714.4
119714.4
119714.4
119714.4
118199.1
118199.1
118199.1
118199.1
119714.4
118199.1
119714.4
118199.1
118199.1
118199.1
119714.4
118199.1
118199.1
118199.1
118199.1
118199.1
118199.1
118199.1
118199.1
118199.1
118199.1
118199.1
118199.1
118199.1
118199.1
118199.1
118199.1
118199.1
118199.1
118199.1
118199.1
118199.1
118199.1
118199.1
118199.1
118199.1
118199.1
118199.1
118199.1
118199.1
118199.1
118199.1
118199.1
118199.1
118199.1
118199.1
118199.1
118199.1
118199.1
118199.1
118199.1
118199.1
118199.1
118199.1
118199.1
118199.1
118199.1
118199.1
118199.1
118199.1
118199.1
118199.1
118199.1
118199.1
118199.1
118199.1
118199.1
118199.1
118199.1
118199.1
118199.1
118199.1
118199.1
118199.1
118199.1
118199.1
118199.1
118199.1
118199.1
118199.1
116683.7
118199.1
118199.1
116683.7
118199.1
118199.1
116683.7
116683.7
118199.1
118199.1
116683.7
116683.7
116683.7
116683.7
118199.1
116683.7
116683.7
118199.1
118199.1
116683.7
116683.7
116683.7
116683.7
116683.7
116683.7
116683.7
116683.7
116683.7
116683.7
116683.7
116683.7
116683.7
116683.7
116683.7
116683.7
116683.7
116683.7
116683.7
116683.7
116683.7
116683.7
116683.7
116683.7
116683.7
116683.7
116683.7
116683.7
116683.7
116683.7
116683.7
115168.3
116683.7
116683.7
116683.7
115168.3
116683.7
116683.7
116683.7
115168.3
116683.7
116683.7
116683.7
115168.3
115168.3
116683.7
116683.7
116683.7
115168.3
116683.7
115168.3
116683.7
115168.3
115168.3
115168.3
115168.3
115168.3
115168.3
115168.3
116683.7
115168.3
115168.3
115168.3
115168.3
115168.3
115168.3
115168.3
115168.3
115168.3
115168.3
115168.3
115168.3
115168.3
115168.3
115168.3
115168.3
115168.3
115168.3
115168.3
115168.3
115168.3
115168.3
115168.3
115168.3
115168.3
115168.3
115168.3
115168.3
115168.3
115168.3
115168.3
115168.3
115168.3
115168.3
115168.3
115168.3
115168.3
115168.3
115168.3
115168.3
115168.3
115168.3
115168.3
115168.3
115168.3
115168.3
115168.3
115168.3
115168.3
115168.3
115168.3
115168.3
115168.3
115168.3
115168.3
115168.3
115168.3
115168.3
115168.3
115168.3
115168.3
115168.3
115168.3
115168.3
115168.3
115168.3
115168.3
115168.3
113652.9
115168.3
115168.3
113652.9
113652.9
115168.3
113652.9
115168.3
113652.9
115168.3
115168.3
115168.3
113652.9
115168.3
113652.9
113652.9
113652.9
115168.3
113652.9
113652.9
113652.9
113652.9
113652.9
113652.9
113652.9
113652.9
113652.9
113652.9
113652.9
113652.9
113652.9
113652.9
113652.9
113652.9
113652.9
113652.9
113652.9
113652.9
113652.9
113652.9
113652.9
113652.9
113652.9
113652.9
113652.9
113652.9
113652.9
113652.9
113652.9
113652.9
113652.9
113652.9
113652.9
113652.9
113652.9
113652.9
113652.9
113652.9
113652.9
113652.9
113652.9
113652.9
113652.9
113652.9
113652.9
113652.9
113652.9
113652.9
113652.9
113652.9
113652.9
113652.9
113652.9
113652.9
113652.9
113652.9
112137.6
113652.9
112137.6
113652.9
113652.9
113652.9
113652.9
113652.9
113652.9
113652.9
113652.9
113652.9
112137.6
113652.9
112137.6
112137.6
113652.9
112137.6
112137.6
113652.9
112137.6
113652.9
112137.6
112137.6
112137.6
112137.6
112137.6
112137.6
112137.6
112137.6
112137.6
112137.6
112137.6
112137.6
112137.6
112137.6
112137.6
112137.6
112137.6
112137.6
112137.6
112137.6
112137.6
112137.6
112137.6
112137.6
112137.6
112137.6
112137.6
112137.6
112137.6
112137.6
112137.6
112137.6
112137.6
112137.6
112137.6
112137.6
112137.6
112137.6
112137.6
112137.6
112137.6
112137.6
112137.6
112137.6
112137.6
112137.6
112137.6
112137.6
112137.6
112137.6
112137.6
112137.6
112137.6
112137.6
112137.6
112137.6
112137.6
112137.6
112137.6
112137.6
112137.6
112137.6
112137.6
112137.6
110622.2
112137.6
110622.2
112137.6
112137.6
112137.6
112137.6
112137.6
112137.6
112137.6
112137.6
112137.6
112137.6
112137.6
112137.6
110622.2
110622.2
112137.6
110622.2
110622.2
110622.2
112137.6
110622.2
112137.6
110622.2
112137.6
110622.2
110622.2
110622.2
110622.2
110622.2
110622.2
110622.2
112137.6
110622.2
110622.2
112137.6
110622.2
110622.2
112137.6
110622.2
110622.2
110622.2
110622.2
110622.2
110622.2
110622.2
110622.2
110622.2
110622.2
110622.2
110622.2
110622.2
110622.2
110622.2
110622.2
110622.2
110622.2
110622.2
110622.2
110622.2
110622.2
110622.2
110622.2
110622.2
110622.2
110622.2
110622.2
110622.2
110622.2
110622.2
110622.2
110622.2
109106.8
110622.2
110622.2
110622.2
110622.2
110622.2
109106.8
109106.8
109106.8
109106.8
109106.8
110622.2
110622.2
109106.8
110622.2
109106.8
109106.8
109106.8
109106.8
109106.8
109106.8
109106.8
109106.8
109106.8
109106.8
109106.8
109106.8
109106.8
109106.8
109106.8
110622.2
109106.8
109106.8
109106.8
109106.8
109106.8
109106.8
109106.8
109106.8
109106.8
109106.8
109106.8
109106.8
109106.8
109106.8
109106.8
109106.8
109106.8
109106.8
109106.8
109106.8
109106.8
109106.8
109106.8
109106.8
109106.8
109106.8
109106.8
109106.8
109106.8
109106.8
109106.8
109106.8
109106.8
109106.8
109106.8
109106.8
109106.8
109106.8
109106.8
109106.8
109106.8
109106.8
109106.8
109106.8
109106.8
109106.8
109106.8
109106.8
109106.8
109106.8
109106.8
109106.8
109106.8
109106.8
109106.8
109106.8
109106.8
109106.8
109106.8
109106.8
107591.5
109106.8
109106.8
107591.5
107591.5
109106.8
109106.8
107591.5
107591.5
107591.5
107591.5
107591.5
109106.8
109106.8
107591.5
107591.5
107591.5
109106.8
107591.5
109106.8
107591.5
107591.5
107591.5
107591.5
107591.5
107591.5
107591.5
107591.5
107591.5
107591.5
107591.5
107591.5
107591.5
107591.5
107591.5
107591.5
107591.5
107591.5
107591.5
107591.5
107591.5
107591.5
107591.5
107591.5
107591.5
107591.5
107591.5
107591.5
107591.5
107591.5
107591.5
107591.5
107591.5
107591.5
107591.5
107591.5
107591.5
107591.5
107591.5
107591.5
107591.5
107591.5
107591.5
107591.5
107591.5
109106.8
107591.5
107591.5
107591.5
107591.5
107591.5
107591.5
107591.5
107591.5
107591.5
107591.5
107591.5
107591.5
107591.5
107591.5
107591.5
107591.5
107591.5
107591.5
107591.5
107591.5
107591.5
107591.5
107591.5
107591.5
107591.5
107591.5
107591.5
107591.5
107591.5
107591.5
107591.5
107591.5
107591.5
107591.5
107591.5
107591.5
107591.5
107591.5
107591.5
107591.5
107591.5
107591.5
107591.5
107591.5
107591.5
107591.5
107591.5
107591.5
106076.1
107591.5
107591.5
107591.5
107591.5
107591.5
107591.5
107591.5
107591.5
107591.5
107591.5
107591.5
107591.5
107591.5
107591.5
107591.5
107591.5
107591.5
107591.5
107591.5
107591.5
107591.5
106076.1
107591.5
107591.5
107591.5
107591.5
107591.5
106076.1
107591.5
106076.1
107591.5
107591.5
107591.5
106076.1
107591.5
106076.1
106076.1
106076.1
107591.5
106076.1
107591.5
107591.5
106076.1
107591.5
106076.1
106076.1
107591.5
106076.1
106076.1
106076.1
106076.1
106076.1
106076.1
106076.1
106076.1
106076.1
107591.5
106076.1
107591.5
106076.1
106076.1
106076.1
106076.1
106076.1
106076.1
106076.1
106076.1
106076.1
106076.1
106076.1
106076.1
106076.1
106076.1
106076.1
106076.1
106076.1
106076.1
106076.1
106076.1
106076.1
106076.1
106076.1
106076.1
106076.1
106076.1
106076.1
106076.1
106076.1
106076.1
106076.1
106076.1
106076.1
106076.1
104560.7
106076.1
106076.1
106076.1
106076.1
106076.1
106076.1
106076.1
104560.7
106076.1
104560.7
106076.1
106076.1
104560.7
104560.7
106076.1
104560.7
106076.1
104560.7
106076.1
104560.7
106076.1
104560.7
104560.7
104560.7
106076.1
104560.7
104560.7
104560.7
104560.7
104560.7
104560.7
104560.7
104560.7
104560.7
104560.7
104560.7
104560.7
104560.7
104560.7
104560.7
104560.7
104560.7
104560.7
104560.7
104560.7
104560.7
104560.7
104560.7
104560.7
104560.7
104560.7
104560.7
104560.7
104560.7
104560.7
104560.7
104560.7
104560.7
104560.7
104560.7
104560.7
104560.7
104560.7
104560.7
104560.7
104560.7
104560.7
104560.7
104560.7
104560.7
104560.7
104560.7
104560.7
104560.7
104560.7
104560.7
104560.7
104560.7
104560.7
104560.7
104560.7
104560.7
104560.7
103045.3
103045.3
104560.7
104560.7
103045.3
104560.7
103045.3
104560.7
103045.3
104560.7
103045.3
104560.7
103045.3
104560.7
103045.3
104560.7
103045.3
103045.3
103045.3
104560.7
104560.7
103045.3
103045.3
104560.7
103045.3
103045.3
103045.3
104560.7
103045.3
104560.7
103045.3
103045.3
103045.3
103045.3
103045.3
103045.3
103045.3
104560.7
103045.3
103045.3
103045.3
103045.3
103045.3
103045.3
103045.3
103045.3
103045.3
103045.3
103045.3
103045.3
103045.3
103045.3
103045.3
103045.3
103045.3
103045.3
103045.3
103045.3
103045.3
103045.3
103045.3
103045.3
103045.3
103045.3
103045.3
103045.3
103045.3
103045.3
103045.3
103045.3
103045.3
103045.3
103045.3
103045.3
103045.3
103045.3
103045.3
103045.3
103045.3
103045.3
103045.3
103045.3
103045.3
103045.3
103045.3
103045.3
103045.3
103045.3
103045.3
103045.3
103045.3
103045.3
103045.3
103045.3
103045.3
103045.3
103045.3
103045.3
103045.3
103045.3
103045.3
103045.3
103045.3
103045.3
103045.3
103045.3
103045.3
103045.3
103045.3
103045.3
103045.3
103045.3
103045.3
103045.3
103045.3
103045.3
103045.3
103045.3
103045.3
103045.3
103045.3
103045.3
103045.3
103045.3
103045.3
103045.3
103045.3
103045.3
103045.3
103045.3
103045.3
101530.0
101530.0
103045.3
103045.3
103045.3
101530.0
103045.3
101530.0
103045.3
101530.0
101530.0
101530.0
101530.0
101530.0
103045.3
101530.0
103045.3
101530.0
101530.0
101530.0
101530.0
101530.0
101530.0
101530.0
101530.0
101530.0
101530.0
101530.0
103045.3
101530.0
101530.0
101530.0
101530.0
101530.0
101530.0
101530.0
101530.0
101530.0
101530.0
101530.0
101530.0
101530.0
101530.0
101530.0
101530.0
101530.0
101530.0
101530.0
101530.0
101530.0
101530.0
101530.0
101530.0
101530.0
101530.0
101530.0
101530.0
101530.0
101530.0
101530.0
101530.0
101530.0
101530.0
101530.0
101530.0
101530.0
101530.0
101530.0
101530.0
101530.0
101530.0
101530.0
101530.0
101530.0
101530.0
101530.0
101530.0
101530.0
101530.0
101530.0
101530.0
101530.0
101530.0
101530.0
101530.0
101530.0
101530.0
100014.6
101530.0
100014.6
101530.0
101530.0
101530.0
101530.0
101530.0
100014.6
101530.0
100014.6
101530.0
100014.6
101530.0
101530.0
101530.0
100014.6
101530.0
101530.0
101530.0
100014.6
101530.0
100014.6
101530.0
100014.6
101530.0
100014.6
100014.6
100014.6
100014.6
101530.0
100014.6
100014.6
100014.6
101530.0
101530.0
100014.6
100014.6
100014.6
100014.6
101530.0
100014.6
100014.6
100014.6
101530.0
100014.6
100014.6
100014.6
100014.6
100014.6
100014.6
100014.6
100014.6
100014.6
100014.6
100014.6
100014.6
100014.6
100014.6
100014.6
100014.6
100014.6
100014.6
100014.6
100014.6
100014.6
100014.6
100014.6
100014.6
100014.6
100014.6
100014.6
100014.6
100014.6
100014.6
100014.6
100014.6
100014.6
100014.6
100014.6
100014.6
100014.6
100014.6
100014.6
100014.6
100014.6
100014.6
100014.6
100014.6
98499.2
100014.6
100014.6
100014.6
100014.6
100014.6
100014.6
100014.6
100014.6
100014.6
98499.2
100014.6
100014.6
98499.2
100014.6
98499.2
100014.6
98499.2
98499.2
100014.6
100014.6
98499.2
98499.2
98499.2
98499.2
98499.2
98499.2
98499.2
98499.2
98499.2
98499.2
98499.2
98499.2
98499.2
98499.2
98499.2
98499.2
98499.2
98499.2
98499.2
98499.2
98499.2
98499.2
98499.2
98499.2
98499.2
98499.2
98499.2
98499.2
98499.2
98499.2
98499.2
98499.2
98499.2
98499.2
98499.2
98499.2
98499.2
98499.2
98499.2
98499.2
98499.2
98499.2
98499.2
98499.2
98499.2
98499.2
98499.2
98499.2
98499.2
98499.2
98499.2
98499.2
98499.2
98499.2
98499.2
98499.2
98499.2
98499.2
98499.2
98499.2
96983.8
98499.2
96983.8
98499.2
96983.8
98499.2
98499.2
96983.8
98499.2
98499.2
96983.8
96983.8
98499.2
98499.2
98499.2
96983.8
98499.2
98499.2
96983.8
98499.2
96983.8
98499.2
96983.8
98499.2
98499.2
96983.8
98499.2
96983.8
96983.8
96983.8
96983.8
96983.8
96983.8
98499.2
96983.8
98499.2
96983.8
96983.8
96983.8
98499.2
96983.8
98499.2
96983.8
96983.8
96983.8
98499.2
96983.8
96983.8
96983.8
96983.8
96983.8
96983.8
96983.8
96983.8
96983.8
96983.8
96983.8
96983.8
96983.8
96983.8
96983.8
96983.8
96983.8
96983.8
96983.8
96983.8
96983.8
96983.8
96983.8
96983.8
96983.8
96983.8
96983.8
96983.8
96983.8
96983.8
96983.8
96983.8
96983.8
96983.8
96983.8
96983.8
96983.8
96983.8
96983.8
96983.8
96983.8
96983.8
96983.8
96983.8
96983.8
96983.8
96983.8
96983.8
96983.8
96983.8
96983.8
96983.8
96983.8
96983.8
96983.8
96983.8
96983.8
96983.8
96983.8
96983.8
95468.5
96983.8
95468.5
96983.8
95468.5
96983.8
95468.5
96983.8
96983.8
96983.8
96983.8
96983.8
95468.5
95468.5
96983.8
96983.8
95468.5
95468.5
96983.8
96983.8
95468.5
96983.8
95468.5
96983.8
96983.8
95468.5
95468.5
96983.8
95468.5
95468.5
95468.5
96983.8
95468.5
95468.5
95468.5
95468.5
96983.8
95468.5
95468.5
95468.5
96983.8
95468.5
95468.5
95468.5
95468.5
95468.5
95468.5
95468.5
95468.5
95468.5
96983.8
95468.5
95468.5
95468.5
95468.5
96983.8
95468.5
95468.5
95468.5
95468.5
95468.5
95468.5
95468.5
95468.5
95468.5
95468.5
95468.5
95468.5
95468.5
95468.5
95468.5
95468.5
95468.5
95468.5
95468.5
95468.5
95468.5
95468.5
95468.5
95468.5
95468.5
95468.5
95468.5
95468.5
95468.5
95468.5
95468.5
95468.5
95468.5
95468.5
95468.5
95468.5
95468.5
95468.5
95468.5
95468.5
95468.5
95468.5
95468.5
95468.5
95468.5
95468.5
95468.5
95468.5
95468.5
95468.5
95468.5
95468.5
95468.5
95468.5
95468.5
95468.5
95468.5
95468.5
95468.5
95468.5
95468.5
95468.5
95468.5
95468.5
95468.5
95468.5
95468.5
95468.5
93953.1
95468.5
93953.1
95468.5
95468.5
95468.5
93953.1
93953.1
93953.1
95468.5
93953.1
95468.5
93953.1
93953.1
95468.5
95468.5
93953.1
95468.5
93953.1
93953.1
93953.1
93953.1
93953.1
93953.1
93953.1
93953.1
93953.1
93953.1
93953.1
93953.1
93953.1
93953.1
93953.1
93953.1
93953.1
93953.1
93953.1
93953.1
93953.1
93953.1
93953.1
93953.1
93953.1
93953.1
93953.1
93953.1
93953.1
93953.1
93953.1
93953.1
93953.1
93953.1
93953.1
93953.1
93953.1
93953.1
92437.7
93953.1
93953.1
93953.1
93953.1
93953.1
93953.1
93953.1
93953.1
93953.1
93953.1
93953.1
93953.1
93953.1
93953.1
93953.1
93953.1
92437.7
92437.7
93953.1
93953.1
93953.1
93953.1
92437.7
93953.1
93953.1
92437.7
93953.1
92437.7
92437.7
92437.7
92437.7
92437.7
92437.7
92437.7
93953.1
92437.7
93953.1
92437.7
92437.7
92437.7
92437.7
92437.7
93953.1
92437.7
92437.7
92437.7
92437.7
92437.7
92437.7
92437.7
92437.7
92437.7
92437.7
92437.7
92437.7
92437.7
92437.7
92437.7
92437.7
92437.7
92437.7
92437.7
92437.7
92437.7
92437.7
92437.7
92437.7
92437.7
92437.7
92437.7
92437.7
92437.7
92437.7
92437.7
92437.7
92437.7
92437.7
92437.7
92437.7
92437.7
92437.7
92437.7
92437.7
92437.7
92437.7
92437.7
92437.7
92437.7
92437.7
92437.7
92437.7
92437.7
92437.7
92437.7
92437.7
92437.7
92437.7
92437.7
92437.7
92437.7
92437.7
92437.7
92437.7
92437.7
92437.7
92437.7
92437.7
92437.7
92437.7
92437.7
92437.7
92437.7
92437.7
90922.4
92437.7
92437.7
92437.7
92437.7
92437.7
92437.7
92437.7
92437.7
92437.7
92437.7
92437.7
92437.7
92437.7
92437.7
92437.7
90922.4
92437.7
92437.7
92437.7
90922.4
92437.7
92437.7
92437.7
90922.4
92437.7
92437.7
92437.7
90922.4
92437.7
90922.4
92437.7
92437.7
92437.7
90922.4
90922.4
90922.4
90922.4
90922.4
92437.7
90922.4
90922.4
90922.4
90922.4
90922.4
90922.4
90922.4
90922.4
90922.4
90922.4
90922.4
90922.4
90922.4
92437.7
90922.4
90922.4
90922.4
90922.4
92437.7
92437.7
90922.4
90922.4
90922.4
90922.4
90922.4
90922.4
90922.4
90922.4
90922.4
90922.4
90922.4
90922.4
90922.4
90922.4
90922.4
90922.4
90922.4
90922.4
90922.4
90922.4
90922.4
90922.4
90922.4
90922.4
90922.4
90922.4
90922.4
90922.4
90922.4
90922.4
90922.4
90922.4
90922.4
90922.4
90922.4
90922.4
90922.4
90922.4
90922.4
90922.4
90922.4
90922.4
90922.4
90922.4
90922.4
90922.4
90922.4
90922.4
90922.4
90922.4
90922.4
89407.0
90922.4
90922.4
90922.4
90922.4
90922.4
90922.4
90922.4
90922.4
90922.4
90922.4
90922.4
90922.4
90922.4
90922.4
90922.4
90922.4
90922.4
90922.4
90922.4
90922.4
90922.4
90922.4
90922.4
90922.4
90922.4
90922.4
90922.4
90922.4
90922.4
90922.4
90922.4
90922.4
90922.4
90922.4
90922.4
90922.4
90922.4
90922.4
90922.4
90922.4
90922.4
90922.4
90922.4
90922.4
89407.0
89407.0
89407.0
89407.0
89407.0
90922.4
90922.4
89407.0
90922.4
89407.0
89407.0
90922.4
89407.0
90922.4
90922.4
89407.0
89407.0
89407.0
89407.0
89407.0
89407.0
89407.0
89407.0
90922.4
89407.0
89407.0
89407.0
89407.0
89407.0
89407.0
89407.0
89407.0
89407.0
89407.0
89407.0
89407.0
89407.0
89407.0
89407.0
90922.4
89407.0
89407.0
89407.0
89407.0
89407.0
89407.0
89407.0
89407.0
89407.0
89407.0
89407.0
89407.0
89407.0
89407.0
89407.0
89407.0
89407.0
89407.0
89407.0
89407.0
89407.0
89407.0
89407.0
89407.0
89407.0
89407.0
89407.0
89407.0
89407.0
89407.0
89407.0
89407.0
89407.0
89407.0
89407.0
89407.0
89407.0
89407.0
89407.0
89407.0
89407.0
89407.0
87891.6
89407.0
89407.0
89407.0
89407.0
89407.0
89407.0
89407.0
89407.0
89407.0
