IEC 61083-2 TDG Version 2.1.0
Data File Version  2.1.0
16 LI-M4
8 bits, 8332 samples at 10ns
1.000000e-008
0.0
0.0
0.0
0.0
0.0
0.0
0.0
0.0
0.0
0.0
0.0
0.0
0.0
0.0
0.0
0.0
0.0
0.0
0.0
0.0
0.0
0.0
0.0
0.0
0.0
0.0
0.0
0.0
0.0
0.0
0.0
0.0
0.0
0.0
0.0
0.0
0.0
0.0
0.0
0.0
0.0
0.0
0.0
0.0
0.0
0.0
0.0
0.0
0.0
0.0
0.0
0.0
0.0
0.0
0.0
0.0
0.0
0.0
0.0
0.0
0.0
0.0
0.0
0.0
0.0
0.0
0.0
0.0
0.0
0.0
0.0
0.0
0.0
0.0
0.0
0.0
0.0
0.0
0.0
0.0
0.0
0.0
0.0
0.0
0.0
0.0
1089.8
0.0
0.0
0.0
0.0
0.0
0.0
0.0
0.0
0.0
0.0
0.0
0.0
0.0
0.0
0.0
0.0
0.0
0.0
0.0
0.0
0.0
0.0
0.0
0.0
0.0
0.0
0.0
0.0
-1089.8
1089.8
0.0
0.0
-1089.8
0.0
0.0
0.0
0.0
0.0
0.0
0.0
0.0
0.0
0.0
0.0
0.0
0.0
0.0
0.0
0.0
0.0
0.0
0.0
0.0
0.0
0.0
0.0
0.0
0.0
0.0
0.0
0.0
0.0
0.0
0.0
0.0
0.0
0.0
0.0
1089.8
0.0
0.0
0.0
0.0
0.0
0.0
0.0
0.0
0.0
0.0
0.0
0.0
0.0
0.0
0.0
1089.8
0.0
0.0
0.0
0.0
0.0
0.0
0.0
0.0
0.0
0.0
0.0
0.0
0.0
0.0
0.0
0.0
0.0
0.0
0.0
0.0
0.0
0.0
0.0
0.0
1089.8
0.0
0.0
0.0
0.0
0.0
0.0
0.0
0.0
0.0
0.0
0.0
0.0
0.0
0.0
0.0
0.0
0.0
0.0
0.0
0.0
0.0
0.0
0.0
0.0
0.0
0.0
0.0
0.0
0.0
0.0
0.0
0.0
0.0
1089.8
0.0
0.0
0.0
0.0
0.0
0.0
0.0
0.0
0.0
0.0
0.0
0.0
0.0
0.0
0.0
0.0
0.0
0.0
0.0
0.0
0.0
0.0
0.0
0.0
0.0
1089.8
0.0
0.0
0.0
0.0
0.0
0.0
0.0
0.0
0.0
0.0
0.0
0.0
0.0
0.0
0.0
0.0
0.0
0.0
0.0
0.0
0.0
0.0
0.0
0.0
0.0
0.0
0.0
0.0
0.0
0.0
0.0
0.0
0.0
0.0
0.0
0.0
0.0
0.0
0.0
0.0
0.0
0.0
0.0
0.0
0.0
0.0
0.0
0.0
0.0
0.0
0.0
0.0
0.0
0.0
0.0
0.0
0.0
0.0
0.0
0.0
0.0
0.0
0.0
0.0
0.0
0.0
0.0
0.0
0.0
0.0
0.0
0.0
0.0
0.0
0.0
0.0
0.0
0.0
0.0
0.0
0.0
0.0
0.0
0.0
0.0
0.0
0.0
0.0
0.0
0.0
0.0
0.0
0.0
0.0
0.0
0.0
0.0
0.0
0.0
0.0
0.0
0.0
0.0
0.0
0.0
0.0
0.0
0.0
0.0
0.0
0.0
0.0
0.0
0.0
0.0
0.0
0.0
0.0
0.0
0.0
0.0
0.0
0.0
0.0
0.0
0.0
0.0
0.0
0.0
0.0
0.0
0.0
1089.8
0.0
0.0
0.0
0.0
0.0
1089.8
0.0
0.0
0.0
0.0
0.0
0.0
0.0
0.0
0.0
0.0
0.0
0.0
0.0
0.0
0.0
0.0
0.0
0.0
0.0
0.0
0.0
0.0
0.0
0.0
0.0
0.0
0.0
0.0
0.0
0.0
0.0
0.0
0.0
0.0
0.0
0.0
0.0
0.0
0.0
1089.8
0.0
0.0
0.0
1089.8
0.0
0.0
0.0
0.0
0.0
0.0
0.0
0.0
0.0
0.0
0.0
0.0
0.0
0.0
0.0
0.0
0.0
0.0
0.0
0.0
0.0
0.0
0.0
0.0
0.0
0.0
0.0
0.0
0.0
0.0
0.0
0.0
0.0
0.0
0.0
0.0
0.0
0.0
0.0
0.0
0.0
0.0
0.0
0.0
0.0
0.0
0.0
0.0
0.0
0.0
0.0
0.0
0.0
0.0
0.0
0.0
0.0
0.0
0.0
0.0
0.0
0.0
0.0
0.0
0.0
0.0
0.0
0.0
0.0
0.0
0.0
0.0
0.0
0.0
0.0
0.0
1089.8
0.0
0.0
0.0
0.0
0.0
0.0
0.0
0.0
-1089.8
0.0
0.0
0.0
0.0
0.0
0.0
0.0
0.0
0.0
0.0
0.0
0.0
0.0
0.0
0.0
0.0
0.0
0.0
0.0
0.0
0.0
0.0
0.0
1089.8
0.0
0.0
0.0
0.0
0.0
0.0
1089.8
0.0
0.0
0.0
0.0
0.0
0.0
0.0
0.0
0.0
0.0
0.0
0.0
0.0
0.0
0.0
0.0
0.0
0.0
0.0
0.0
0.0
0.0
0.0
0.0
0.0
0.0
0.0
0.0
0.0
0.0
0.0
0.0
0.0
0.0
0.0
0.0
0.0
0.0
0.0
1089.8
0.0
0.0
0.0
0.0
0.0
0.0
0.0
0.0
0.0
0.0
0.0
0.0
0.0
0.0
0.0
0.0
0.0
0.0
1089.8
0.0
0.0
0.0
0.0
0.0
0.0
0.0
0.0
0.0
-1089.8
0.0
0.0
0.0
0.0
0.0
0.0
0.0
0.0
0.0
0.0
0.0
0.0
0.0
0.0
0.0
0.0
0.0
0.0
0.0
0.0
0.0
0.0
0.0
0.0
0.0
0.0
1089.8
0.0
0.0
0.0
0.0
0.0
0.0
1089.8
0.0
0.0
0.0
0.0
0.0
0.0
0.0
0.0
0.0
0.0
0.0
0.0
0.0
0.0
0.0
0.0
0.0
0.0
0.0
0.0
0.0
0.0
0.0
0.0
0.0
-1089.8
0.0
0.0
0.0
0.0
0.0
0.0
0.0
0.0
0.0
1089.8
0.0
0.0
0.0
0.0
0.0
0.0
0.0
0.0
0.0
0.0
0.0
0.0
0.0
0.0
0.0
0.0
0.0
0.0
0.0
0.0
0.0
0.0
0.0
0.0
0.0
0.0
0.0
0.0
0.0
0.0
0.0
0.0
0.0
0.0
0.0
0.0
0.0
0.0
0.0
0.0
0.0
0.0
0.0
0.0
0.0
0.0
0.0
0.0
0.0
0.0
0.0
0.0
0.0
0.0
0.0
0.0
0.0
0.0
0.0
0.0
0.0
0.0
0.0
0.0
0.0
0.0
0.0
0.0
0.0
0.0
0.0
0.0
0.0
-1089.8
0.0
0.0
0.0
0.0
0.0
0.0
0.0
0.0
0.0
0.0
0.0
0.0
0.0
0.0
0.0
0.0
0.0
0.0
0.0
0.0
1089.8
0.0
0.0
0.0
0.0
0.0
0.0
0.0
0.0
0.0
0.0
0.0
0.0
0.0
0.0
1089.8
-1089.8
0.0
0.0
0.0
0.0
0.0
0.0
0.0
0.0
0.0
0.0
0.0
0.0
0.0
0.0
0.0
0.0
0.0
0.0
0.0
0.0
0.0
0.0
0.0
0.0
0.0
0.0
0.0
0.0
0.0
1089.8
0.0
0.0
0.0
0.0
0.0
0.0
0.0
0.0
1089.8
0.0
0.0
0.0
0.0
0.0
0.0
0.0
0.0
0.0
0.0
1089.8
0.0
0.0
0.0
0.0
0.0
0.0
0.0
0.0
0.0
0.0
0.0
0.0
0.0
0.0
0.0
0.0
0.0
0.0
0.0
0.0
0.0
0.0
0.0
0.0
0.0
0.0
0.0
0.0
0.0
0.0
0.0
0.0
0.0
0.0
0.0
0.0
0.0
0.0
1089.8
0.0
0.0
0.0
0.0
0.0
0.0
0.0
0.0
0.0
0.0
0.0
0.0
0.0
0.0
1089.8
0.0
0.0
0.0
0.0
0.0
0.0
0.0
0.0
0.0
0.0
0.0
0.0
0.0
0.0
0.0
0.0
0.0
0.0
1089.8
0.0
0.0
0.0
0.0
0.0
0.0
0.0
0.0
0.0
0.0
0.0
0.0
0.0
0.0
0.0
0.0
0.0
0.0
0.0
0.0
0.0
0.0
0.0
0.0
0.0
0.0
0.0
0.0
0.0
0.0
0.0
0.0
0.0
0.0
0.0
0.0
0.0
0.0
0.0
0.0
0.0
0.0
0.0
0.0
0.0
0.0
0.0
0.0
0.0
0.0
0.0
0.0
0.0
0.0
-1089.8
-2179.5
-6538.6
-6538.6
-6538.6
-5448.8
-2179.5
0.0
1089.8
-1089.8
-2179.5
-5448.8
-4359.1
-2179.5
-3269.3
-7628.3
-8718.1
-11987.4
-14166.9
-13077.2
-16346.4
-10897.6
-9807.9
-14166.9
-13077.2
-10897.6
-11987.4
-13077.2
-15256.7
-22885.0
-25064.5
-33782.6
-44680.3
-46859.8
-50129.1
-53398.4
-51218.9
-52308.6
-50129.1
-45770.0
-47949.6
-45770.0
-42500.7
-47949.6
-57757.4
-64296.0
-69744.8
-81732.2
-82822.0
-88270.8
-92629.8
-93719.6
-93719.6
-94809.4
-92629.8
-89360.6
-90450.3
-93719.6
-98078.7
-101347.9
-113335.3
-118784.1
-129681.8
-139489.6
-148207.7
-153656.6
-159105.4
-161284.9
-159105.4
-160195.1
-158015.6
-159105.4
-156925.8
-161284.9
-162374.7
-165643.9
-168913.2
-174362.0
-179810.9
-183080.2
-185259.7
-187439.2
-192888.0
-192888.0
-193977.8
-193977.8
-193977.8
-195067.5
-196157.3
-196157.3
-198336.8
-201606.1
-205965.2
-210324.2
-215773.0
-220132.1
-220132.1
-222311.6
-224491.1
-223401.4
-223401.4
-224491.1
-223401.4
-226670.7
-229940.0
-232119.5
-235388.8
-240837.6
-244106.9
-246286.4
-248465.9
-251735.2
-252825.0
-253914.7
-255004.5
-255004.5
-253914.7
-255004.5
-253914.7
-253914.7
-256094.3
-256094.3
-256094.3
-257184.0
-258273.8
-257184.0
-258273.8
-260453.3
-262632.8
-264812.4
-268081.7
-268081.7
-269171.4
-269171.4
-269171.4
-269171.4
-269171.4
-266991.9
-266991.9
-266991.9
-268081.7
-268081.7
-270261.2
-271350.9
-273530.5
-274620.2
-276799.8
-276799.8
-276799.8
-276799.8
-276799.8
-274620.2
-273530.5
-273530.5
-272440.7
-272440.7
-272440.7
-271350.9
-271350.9
-271350.9
-271350.9
-272440.7
-271350.9
-270261.2
-270261.2
-269171.4
-268081.7
-266991.9
-265902.1
-265902.1
-265902.1
-265902.1
-265902.1
-268081.7
-268081.7
-268081.7
-268081.7
-266991.9
-265902.1
-264812.4
-263722.6
-262632.8
-261543.1
-262632.8
-262632.8
-261543.1
-261543.1
-261543.1
-262632.8
-262632.8
-262632.8
-262632.8
-261543.1
-261543.1
-260453.3
-259363.5
-258273.8
-258273.8
-257184.0
-257184.0
-256094.3
-256094.3
-256094.3
-255004.5
-255004.5
-253914.7
-253914.7
-253914.7
-252825.0
-253914.7
-253914.7
-255004.5
-253914.7
-256094.3
-255004.5
-255004.5
-255004.5
-255004.5
-253914.7
-252825.0
-252825.0
-250645.4
-250645.4
-250645.4
-250645.4
-249555.7
-249555.7
-250645.4
-250645.4
-250645.4
-250645.4
-249555.7
-250645.4
-249555.7
-248465.9
-248465.9
-248465.9
-248465.9
-247376.2
-248465.9
-248465.9
-248465.9
-247376.2
-248465.9
-247376.2
-247376.2
-246286.4
-246286.4
-245196.6
-246286.4
-246286.4
-246286.4
-247376.2
-247376.2
-247376.2
-246286.4
-247376.2
-246286.4
-246286.4
-246286.4
-246286.4
-245196.6
-245196.6
-244106.9
-244106.9
-245196.6
-245196.6
-244106.9
-244106.9
-245196.6
-245196.6
-244106.9
-245196.6
-245196.6
-245196.6
-245196.6
-246286.4
-246286.4
-245196.6
-246286.4
-246286.4
-245196.6
-246286.4
-246286.4
-246286.4
-246286.4
-245196.6
-245196.6
-245196.6
-245196.6
-245196.6
-245196.6
-246286.4
-246286.4
-246286.4
-246286.4
-246286.4
-247376.2
-246286.4
-246286.4
-246286.4
-247376.2
-246286.4
-246286.4
-246286.4
-246286.4
-246286.4
-246286.4
-246286.4
-246286.4
-247376.2
-246286.4
-247376.2
-247376.2
-248465.9
-247376.2
-247376.2
-248465.9
-248465.9
-248465.9
-248465.9
-248465.9
-248465.9
-248465.9
-248465.9
-248465.9
-248465.9
-247376.2
-247376.2
-247376.2
-248465.9
-247376.2
-248465.9
-248465.9
-247376.2
-248465.9
-249555.7
-248465.9
-248465.9
-249555.7
-249555.7
-249555.7
-248465.9
-249555.7
-249555.7
-248465.9
-248465.9
-249555.7
-248465.9
-249555.7
-249555.7
-249555.7
-249555.7
-249555.7
-249555.7
-249555.7
-249555.7
-249555.7
-249555.7
-249555.7
-249555.7
-249555.7
-249555.7
-250645.4
-249555.7
-249555.7
-249555.7
-249555.7
-249555.7
-249555.7
-249555.7
-248465.9
-249555.7
-249555.7
-249555.7
-249555.7
-250645.4
-250645.4
-249555.7
-250645.4
-249555.7
-249555.7
-250645.4
-249555.7
-249555.7
-250645.4
-249555.7
-250645.4
-249555.7
-249555.7
-249555.7
-250645.4
-249555.7
-249555.7
-249555.7
-249555.7
-249555.7
-250645.4
-249555.7
-250645.4
-250645.4
-250645.4
-249555.7
-250645.4
-250645.4
-250645.4
-250645.4
-249555.7
-249555.7
-249555.7
-249555.7
-249555.7
-249555.7
-249555.7
-249555.7
-250645.4
-249555.7
-249555.7
-250645.4
-249555.7
-249555.7
-249555.7
-249555.7
-250645.4
-250645.4
-250645.4
-250645.4
-250645.4
-249555.7
-249555.7
-249555.7
-249555.7
-249555.7
-249555.7
-249555.7
-249555.7
-250645.4
-249555.7
-249555.7
-249555.7
-249555.7
-249555.7
-250645.4
-250645.4
-250645.4
-250645.4
-250645.4
-249555.7
-249555.7
-250645.4
-249555.7
-249555.7
-249555.7
-249555.7
-249555.7
-249555.7
-249555.7
-249555.7
-249555.7
-249555.7
-249555.7
-248465.9
-249555.7
-249555.7
-249555.7
-249555.7
-249555.7
-249555.7
-249555.7
-249555.7
-249555.7
-248465.9
-249555.7
-248465.9
-248465.9
-248465.9
-249555.7
-248465.9
-248465.9
-248465.9
-249555.7
-248465.9
-249555.7
-249555.7
-249555.7
-249555.7
-249555.7
-248465.9
-248465.9
-248465.9
-248465.9
-248465.9
-248465.9
-248465.9
-248465.9
-248465.9
-248465.9
-248465.9
-247376.2
-248465.9
-248465.9
-247376.2
-248465.9
-248465.9
-248465.9
-247376.2
-248465.9
-248465.9
-248465.9
-248465.9
-248465.9
-247376.2
-247376.2
-247376.2
-247376.2
-247376.2
-247376.2
-247376.2
-247376.2
-247376.2
-247376.2
-246286.4
-247376.2
-247376.2
-247376.2
-247376.2
-247376.2
-247376.2
-246286.4
-247376.2
-247376.2
-246286.4
-246286.4
-246286.4
-246286.4
-246286.4
-246286.4
-246286.4
-246286.4
-246286.4
-246286.4
-246286.4
-245196.6
-246286.4
-246286.4
-246286.4
-246286.4
-246286.4
-246286.4
-246286.4
-246286.4
-245196.6
-246286.4
-246286.4
-245196.6
-245196.6
-246286.4
-246286.4
-245196.6
-245196.6
-245196.6
-244106.9
-245196.6
-245196.6
-245196.6
-245196.6
-245196.6
-245196.6
-245196.6
-245196.6
-245196.6
-244106.9
-244106.9
-245196.6
-244106.9
-244106.9
-244106.9
-244106.9
-244106.9
-245196.6
-245196.6
-244106.9
-244106.9
-244106.9
-244106.9
-244106.9
-244106.9
-244106.9
-244106.9
-244106.9
-244106.9
-244106.9
-244106.9
-244106.9
-244106.9
-244106.9
-244106.9
-244106.9
-243017.1
-244106.9
-244106.9
-244106.9
-243017.1
-243017.1
-243017.1
-243017.1
-244106.9
-243017.1
-243017.1
-244106.9
-244106.9
-243017.1
-243017.1
-243017.1
-243017.1
-244106.9
-243017.1
-243017.1
-243017.1
-243017.1
-243017.1
-243017.1
-243017.1
-243017.1
-243017.1
-243017.1
-243017.1
-243017.1
-243017.1
-243017.1
-243017.1
-243017.1
-243017.1
-243017.1
-243017.1
-243017.1
-243017.1
-243017.1
-243017.1
-243017.1
-243017.1
-241927.3
-241927.3
-243017.1
-243017.1
-243017.1
-243017.1
-243017.1
-243017.1
-243017.1
-243017.1
-241927.3
-243017.1
-243017.1
-243017.1
-241927.3
-243017.1
-241927.3
-243017.1
-243017.1
-243017.1
-241927.3
-241927.3
-241927.3
-241927.3
-241927.3
-243017.1
-241927.3
-241927.3
-243017.1
-241927.3
-241927.3
-243017.1
-243017.1
-241927.3
-241927.3
-243017.1
-241927.3
-241927.3
-241927.3
-241927.3
-241927.3
-241927.3
-241927.3
-241927.3
-241927.3
-243017.1
-241927.3
-241927.3
-243017.1
-243017.1
-241927.3
-241927.3
-243017.1
-241927.3
-241927.3
-241927.3
-241927.3
-241927.3
-241927.3
-241927.3
-241927.3
-241927.3
-241927.3
-241927.3
-241927.3
-241927.3
-241927.3
-241927.3
-241927.3
-241927.3
-240837.6
-243017.1
-241927.3
-241927.3
-241927.3
-241927.3
-243017.1
-241927.3
-241927.3
-241927.3
-241927.3
-241927.3
-241927.3
-241927.3
-241927.3
-243017.1
-241927.3
-241927.3
-241927.3
-241927.3
-241927.3
-241927.3
-241927.3
-241927.3
-241927.3
-243017.1
-241927.3
-241927.3
-241927.3
-241927.3
-241927.3
-241927.3
-241927.3
-241927.3
-241927.3
-241927.3
-240837.6
-241927.3
-243017.1
-241927.3
-241927.3
-243017.1
-241927.3
-241927.3
-241927.3
-241927.3
-241927.3
-241927.3
-241927.3
-241927.3
-241927.3
-241927.3
-241927.3
-241927.3
-241927.3
-241927.3
-241927.3
-241927.3
-241927.3
-241927.3
-241927.3
-241927.3
-241927.3
-241927.3
-241927.3
-243017.1
-241927.3
-241927.3
-241927.3
-241927.3
-241927.3
-241927.3
-241927.3
-241927.3
-241927.3
-243017.1
-241927.3
-241927.3
-241927.3
-241927.3
-241927.3
-241927.3
-241927.3
-241927.3
-241927.3
-241927.3
-241927.3
-241927.3
-241927.3
-241927.3
-241927.3
-241927.3
-241927.3
-241927.3
-241927.3
-241927.3
-241927.3
-241927.3
-241927.3
-241927.3
-241927.3
-241927.3
-241927.3
-241927.3
-241927.3
-241927.3
-241927.3
-241927.3
-241927.3
-241927.3
-241927.3
-241927.3
-241927.3
-241927.3
-241927.3
-241927.3
-241927.3
-240837.6
-241927.3
-241927.3
-241927.3
-241927.3
-241927.3
-241927.3
-240837.6
-241927.3
-241927.3
-241927.3
-241927.3
-241927.3
-241927.3
-241927.3
-241927.3
-241927.3
-241927.3
-241927.3
-241927.3
-241927.3
-241927.3
-241927.3
-240837.6
-241927.3
-241927.3
-240837.6
-241927.3
-240837.6
-240837.6
-240837.6
-241927.3
-241927.3
-240837.6
-241927.3
-240837.6
-241927.3
-240837.6
-241927.3
-240837.6
-240837.6
-240837.6
-241927.3
-240837.6
-241927.3
-240837.6
-240837.6
-240837.6
-240837.6
-240837.6
-240837.6
-241927.3
-240837.6
-240837.6
-240837.6
-240837.6
-240837.6
-240837.6
-240837.6
-240837.6
-240837.6
-240837.6
-240837.6
-240837.6
-240837.6
-240837.6
-240837.6
-240837.6
-240837.6
-240837.6
-239747.8
-240837.6
-239747.8
-240837.6
-240837.6
-240837.6
-240837.6
-239747.8
-240837.6
-240837.6
-239747.8
-239747.8
-239747.8
-239747.8
-239747.8
-240837.6
-239747.8
-239747.8
-239747.8
-239747.8
-239747.8
-239747.8
-239747.8
-239747.8
-239747.8
-239747.8
-239747.8
-239747.8
-239747.8
-239747.8
-239747.8
-239747.8
-239747.8
-238658.1
-239747.8
-239747.8
-238658.1
-239747.8
-238658.1
-239747.8
-238658.1
-238658.1
-238658.1
-238658.1
-238658.1
-238658.1
-238658.1
-238658.1
-238658.1
-238658.1
-238658.1
-238658.1
-238658.1
-238658.1
-238658.1
-238658.1
-238658.1
-238658.1
-238658.1
-238658.1
-238658.1
-238658.1
-238658.1
-238658.1
-238658.1
-238658.1
-238658.1
-237568.3
-238658.1
-238658.1
-237568.3
-237568.3
-238658.1
-237568.3
-238658.1
-237568.3
-237568.3
-237568.3
-238658.1
-237568.3
-237568.3
-237568.3
-237568.3
-237568.3
-237568.3
-237568.3
-237568.3
-237568.3
-237568.3
-237568.3
-237568.3
-237568.3
-237568.3
-237568.3
-237568.3
-237568.3
-237568.3
-236478.5
-237568.3
-236478.5
-237568.3
-237568.3
-237568.3
-237568.3
-236478.5
-236478.5
-236478.5
-236478.5
-237568.3
-236478.5
-236478.5
-237568.3
-236478.5
-236478.5
-237568.3
-236478.5
-236478.5
-236478.5
-236478.5
-236478.5
-236478.5
-236478.5
-236478.5
-236478.5
-236478.5
-236478.5
-236478.5
-235388.8
-236478.5
-236478.5
-236478.5
-236478.5
-236478.5
-236478.5
-235388.8
-236478.5
-235388.8
-236478.5
-235388.8
-235388.8
-235388.8
-235388.8
-235388.8
-235388.8
-235388.8
-236478.5
-235388.8
-235388.8
-235388.8
-235388.8
-235388.8
-235388.8
-235388.8
-235388.8
-234299.0
-235388.8
-235388.8
-235388.8
-235388.8
-235388.8
-235388.8
-235388.8
-235388.8
-235388.8
-235388.8
-235388.8
-235388.8
-234299.0
-234299.0
-235388.8
-234299.0
-235388.8
-235388.8
-235388.8
-234299.0
-235388.8
-234299.0
-234299.0
-235388.8
-235388.8
-234299.0
-235388.8
-235388.8
-234299.0
-235388.8
-235388.8
-234299.0
-234299.0
-234299.0
-234299.0
-234299.0
-234299.0
-235388.8
-234299.0
-234299.0
-234299.0
-234299.0
-234299.0
-234299.0
-234299.0
-234299.0
-234299.0
-234299.0
-234299.0
-234299.0
-234299.0
-234299.0
-234299.0
-234299.0
-234299.0
-234299.0
-234299.0
-234299.0
-234299.0
-234299.0
-234299.0
-234299.0
-234299.0
-234299.0
-234299.0
-234299.0
-234299.0
-234299.0
-234299.0
-234299.0
-234299.0
-234299.0
-234299.0
-234299.0
-234299.0
-233209.2
-234299.0
-234299.0
-234299.0
-234299.0
-234299.0
-233209.2
-234299.0
-234299.0
-234299.0
-234299.0
-234299.0
-234299.0
-233209.2
-234299.0
-234299.0
-234299.0
-234299.0
-234299.0
-234299.0
-233209.2
-234299.0
-234299.0
-233209.2
-234299.0
-234299.0
-234299.0
-234299.0
-234299.0
-234299.0
-233209.2
-234299.0
-234299.0
-233209.2
-234299.0
-234299.0
-233209.2
-234299.0
-234299.0
-234299.0
-233209.2
-234299.0
-234299.0
-233209.2
-234299.0
-234299.0
-234299.0
-234299.0
-234299.0
-234299.0
-233209.2
-234299.0
-234299.0
-233209.2
-234299.0
-234299.0
-233209.2
-234299.0
-234299.0
-234299.0
-233209.2
-233209.2
-234299.0
-233209.2
-233209.2
-233209.2
-233209.2
-233209.2
-233209.2
-233209.2
-233209.2
-234299.0
-234299.0
-233209.2
-233209.2
-233209.2
-233209.2
-233209.2
-233209.2
-233209.2
-233209.2
-233209.2
-233209.2
-233209.2
-234299.0
-233209.2
-233209.2
-233209.2
-233209.2
-233209.2
-233209.2
-233209.2
-233209.2
-233209.2
-234299.0
-233209.2
-233209.2
-233209.2
-233209.2
-234299.0
-233209.2
-233209.2
-233209.2
-233209.2
-233209.2
-233209.2
-233209.2
-233209.2
-233209.2
-233209.2
-233209.2
-233209.2
-233209.2
-233209.2
-233209.2
-233209.2
-233209.2
-233209.2
-234299.0
-233209.2
-233209.2
-233209.2
-233209.2
-233209.2
-233209.2
-233209.2
-233209.2
-233209.2
-233209.2
-233209.2
-233209.2
-233209.2
-233209.2
-232119.5
-233209.2
-233209.2
-233209.2
-233209.2
-233209.2
-233209.2
-232119.5
-233209.2
-233209.2
-233209.2
-233209.2
-233209.2
-233209.2
-233209.2
-233209.2
-233209.2
-233209.2
-233209.2
-233209.2
-232119.5
-233209.2
-233209.2
-233209.2
-233209.2
-233209.2
-233209.2
-233209.2
-233209.2
-233209.2
-233209.2
-233209.2
-233209.2
-233209.2
-233209.2
-233209.2
-233209.2
-233209.2
-233209.2
-233209.2
-233209.2
-233209.2
-233209.2
-233209.2
-233209.2
-233209.2
-233209.2
-233209.2
-233209.2
-233209.2
-233209.2
-233209.2
-233209.2
-233209.2
-233209.2
-233209.2
-232119.5
-233209.2
-233209.2
-233209.2
-233209.2
-233209.2
-233209.2
-233209.2
-233209.2
-233209.2
-232119.5
-233209.2
-233209.2
-233209.2
-233209.2
-233209.2
-233209.2
-233209.2
-233209.2
-233209.2
-233209.2
-233209.2
-233209.2
-233209.2
-233209.2
-233209.2
-233209.2
-233209.2
-233209.2
-233209.2
-233209.2
-233209.2
-234299.0
-233209.2
-232119.5
-233209.2
-233209.2
-233209.2
-233209.2
-233209.2
-233209.2
-233209.2
-233209.2
-233209.2
-233209.2
-233209.2
-233209.2
-233209.2
-233209.2
-233209.2
-233209.2
-233209.2
-233209.2
-233209.2
-233209.2
-233209.2
-233209.2
-233209.2
-233209.2
-233209.2
-233209.2
-233209.2
-233209.2
-233209.2
-233209.2
-233209.2
-233209.2
-233209.2
-233209.2
-233209.2
-233209.2
-232119.5
-233209.2
-233209.2
-233209.2
-232119.5
-233209.2
-233209.2
-233209.2
-233209.2
-233209.2
-233209.2
-233209.2
-233209.2
-233209.2
-232119.5
-233209.2
-232119.5
-233209.2
-233209.2
-232119.5
-233209.2
-233209.2
-233209.2
-232119.5
-233209.2
-233209.2
-233209.2
-233209.2
-233209.2
-233209.2
-232119.5
-233209.2
-233209.2
-232119.5
-233209.2
-233209.2
-232119.5
-233209.2
-233209.2
-233209.2
-232119.5
-232119.5
-233209.2
-232119.5
-233209.2
-232119.5
-233209.2
-232119.5
-233209.2
-233209.2
-232119.5
-233209.2
-232119.5
-232119.5
-233209.2
-233209.2
-232119.5
-233209.2
-232119.5
-232119.5
-232119.5
-233209.2
-233209.2
-232119.5
-233209.2
-233209.2
-232119.5
-232119.5
-233209.2
-233209.2
-232119.5
-232119.5
-233209.2
-232119.5
-233209.2
-232119.5
-232119.5
-232119.5
-232119.5
-232119.5
-232119.5
-232119.5
-232119.5
-232119.5
-232119.5
-232119.5
-232119.5
-232119.5
-232119.5
-232119.5
-232119.5
-232119.5
-232119.5
-232119.5
-231029.7
-232119.5
-232119.5
-232119.5
-232119.5
-232119.5
-232119.5
-232119.5
-232119.5
-232119.5
-232119.5
-232119.5
-232119.5
-232119.5
-232119.5
-232119.5
-232119.5
-232119.5
-232119.5
-232119.5
-232119.5
-232119.5
-232119.5
-231029.7
-232119.5
-232119.5
-231029.7
-232119.5
-232119.5
-232119.5
-231029.7
-232119.5
-232119.5
-232119.5
-232119.5
-232119.5
-232119.5
-232119.5
-232119.5
-231029.7
-232119.5
-232119.5
-231029.7
-232119.5
-232119.5
-232119.5
-231029.7
-231029.7
-232119.5
-231029.7
-232119.5
-232119.5
-231029.7
-231029.7
-232119.5
-232119.5
-231029.7
-232119.5
-231029.7
-232119.5
-231029.7
-231029.7
-231029.7
-232119.5
-232119.5
-231029.7
-231029.7
-231029.7
-231029.7
-231029.7
-231029.7
-231029.7
-231029.7
-231029.7
-231029.7
-231029.7
-231029.7
-231029.7
-231029.7
-231029.7
-231029.7
-231029.7
-231029.7
-231029.7
-231029.7
-229940.0
-231029.7
-231029.7
-231029.7
-231029.7
-231029.7
-231029.7
-231029.7
-229940.0
-231029.7
-231029.7
-231029.7
-231029.7
-231029.7
-231029.7
-231029.7
-231029.7
-231029.7
-231029.7
-231029.7
-231029.7
-231029.7
-231029.7
-231029.7
-229940.0
-231029.7
-231029.7
-229940.0
-231029.7
-231029.7
-231029.7
-229940.0
-231029.7
-231029.7
-229940.0
-229940.0
-231029.7
-231029.7
-229940.0
-229940.0
-229940.0
-229940.0
-231029.7
-229940.0
-229940.0
-229940.0
-231029.7
-231029.7
-229940.0
-229940.0
-229940.0
-229940.0
-231029.7
-229940.0
-229940.0
-231029.7
-229940.0
-229940.0
-229940.0
-229940.0
-229940.0
-229940.0
-229940.0
-229940.0
-229940.0
-229940.0
-229940.0
-229940.0
-229940.0
-229940.0
-229940.0
-229940.0
-229940.0
-229940.0
-229940.0
-229940.0
-229940.0
-229940.0
-229940.0
-229940.0
-228850.2
-229940.0
-229940.0
-229940.0
-228850.2
-229940.0
-229940.0
-229940.0
-229940.0
-228850.2
-228850.2
-228850.2
-228850.2
-229940.0
-229940.0
-228850.2
-229940.0
-228850.2
-228850.2
-228850.2
-228850.2
-228850.2
-229940.0
-228850.2
-228850.2
-228850.2
-228850.2
-228850.2
-228850.2
-228850.2
-228850.2
-228850.2
-228850.2
-228850.2
-228850.2
-228850.2
-228850.2
-227760.4
-228850.2
-228850.2
-228850.2
-228850.2
-228850.2
-228850.2
-227760.4
-228850.2
-227760.4
-227760.4
-228850.2
-228850.2
-228850.2
-227760.4
-227760.4
-227760.4
-227760.4
-227760.4
-227760.4
-227760.4
-227760.4
-227760.4
-226670.7
-227760.4
-227760.4
-227760.4
-227760.4
-227760.4
-227760.4
-227760.4
-226670.7
-227760.4
-227760.4
-226670.7
-226670.7
-226670.7
-226670.7
-227760.4
-226670.7
-226670.7
-226670.7
-226670.7
-226670.7
-226670.7
-226670.7
-226670.7
-226670.7
-225580.9
-226670.7
-225580.9
-226670.7
-226670.7
-225580.9
-225580.9
-226670.7
-225580.9
-225580.9
-225580.9
-225580.9
-225580.9
-225580.9
-225580.9
-225580.9
-225580.9
-225580.9
-225580.9
-225580.9
-225580.9
-225580.9
-224491.1
-225580.9
-225580.9
-225580.9
-224491.1
-225580.9
-225580.9
-224491.1
-225580.9
-224491.1
-224491.1
-224491.1
-224491.1
-224491.1
-224491.1
-224491.1
-224491.1
-224491.1
-225580.9
-224491.1
-224491.1
-224491.1
-224491.1
-223401.4
-224491.1
-224491.1
-224491.1
-223401.4
-224491.1
-224491.1
-223401.4
-224491.1
-224491.1
-223401.4
-223401.4
-224491.1
-223401.4
-223401.4
-224491.1
-223401.4
-223401.4
-223401.4
-223401.4
-223401.4
-223401.4
-223401.4
-223401.4
-222311.6
-223401.4
-223401.4
-222311.6
-223401.4
-223401.4
-223401.4
-222311.6
-223401.4
-222311.6
-222311.6
-223401.4
-223401.4
-222311.6
-223401.4
-223401.4
-222311.6
-222311.6
-223401.4
-222311.6
-222311.6
-222311.6
-222311.6
-222311.6
-222311.6
-222311.6
-222311.6
-222311.6
-222311.6
-222311.6
-222311.6
-221221.9
-222311.6
-222311.6
-222311.6
-222311.6
-221221.9
-221221.9
-222311.6
-221221.9
-221221.9
-222311.6
-222311.6
-221221.9
-221221.9
-221221.9
-222311.6
-221221.9
-221221.9
-221221.9
-221221.9
-221221.9
-221221.9
-221221.9
-221221.9
-221221.9
-221221.9
-221221.9
-221221.9
-221221.9
-221221.9
-221221.9
-221221.9
-220132.1
-221221.9
-221221.9
-221221.9
-221221.9
-221221.9
-221221.9
-220132.1
-221221.9
-221221.9
-220132.1
-220132.1
-221221.9
-221221.9
-220132.1
-220132.1
-220132.1
-220132.1
-220132.1
-221221.9
-220132.1
-220132.1
-220132.1
-220132.1
-220132.1
-220132.1
-220132.1
-220132.1
-220132.1
-220132.1
-220132.1
-220132.1
-220132.1
-220132.1
-220132.1
-220132.1
-220132.1
-219042.3
-219042.3
-220132.1
-220132.1
-220132.1
-220132.1
-220132.1
-219042.3
-220132.1
-220132.1
-219042.3
-220132.1
-220132.1
-219042.3
-219042.3
-220132.1
-220132.1
-219042.3
-219042.3
-219042.3
-219042.3
-219042.3
-219042.3
-219042.3
-219042.3
-219042.3
-219042.3
-219042.3
-219042.3
-219042.3
-219042.3
-219042.3
-219042.3
-219042.3
-219042.3
-219042.3
-219042.3
-219042.3
-219042.3
-219042.3
-219042.3
-219042.3
-219042.3
-219042.3
-219042.3
-219042.3
-217952.6
-217952.6
-219042.3
-219042.3
-217952.6
-219042.3
-219042.3
-217952.6
-219042.3
-219042.3
-217952.6
-217952.6
-217952.6
-217952.6
-217952.6
-219042.3
-217952.6
-219042.3
-217952.6
-219042.3
-217952.6
-219042.3
-217952.6
-217952.6
-217952.6
-217952.6
-217952.6
-217952.6
-217952.6
-219042.3
-217952.6
-217952.6
-217952.6
-217952.6
-217952.6
-217952.6
-217952.6
-217952.6
-217952.6
-217952.6
-217952.6
-217952.6
-217952.6
-217952.6
-217952.6
-217952.6
-217952.6
-217952.6
-217952.6
-217952.6
-217952.6
-217952.6
-217952.6
-217952.6
-217952.6
-216862.8
-217952.6
-217952.6
-216862.8
-217952.6
-216862.8
-216862.8
-216862.8
-216862.8
-216862.8
-216862.8
-217952.6
-216862.8
-216862.8
-217952.6
-216862.8
-216862.8
-216862.8
-216862.8
-216862.8
-217952.6
-216862.8
-216862.8
-216862.8
-216862.8
-216862.8
-216862.8
-217952.6
-216862.8
-215773.0
-216862.8
-216862.8
-216862.8
-216862.8
-216862.8
-216862.8
-216862.8
-216862.8
-216862.8
-215773.0
-216862.8
-216862.8
-216862.8
-216862.8
-216862.8
-216862.8
-216862.8
-216862.8
-216862.8
-215773.0
-215773.0
-216862.8
-215773.0
-216862.8
-216862.8
-215773.0
-216862.8
-216862.8
-216862.8
-215773.0
-215773.0
-216862.8
-215773.0
-215773.0
-215773.0
-216862.8
-215773.0
-216862.8
-216862.8
-215773.0
-215773.0
-215773.0
-215773.0
-216862.8
-215773.0
-215773.0
-216862.8
-215773.0
-216862.8
-215773.0
-215773.0
-215773.0
-215773.0
-215773.0
-215773.0
-215773.0
-215773.0
-215773.0
-215773.0
-215773.0
-215773.0
-215773.0
-215773.0
-215773.0
-215773.0
-215773.0
-215773.0
-215773.0
-215773.0
-215773.0
-215773.0
-215773.0
-214683.3
-215773.0
-215773.0
-215773.0
-215773.0
-215773.0
-215773.0
-214683.3
-216862.8
-215773.0
-215773.0
-214683.3
-215773.0
-214683.3
-214683.3
-215773.0
-215773.0
-214683.3
-215773.0
-215773.0
-214683.3
-215773.0
-215773.0
-215773.0
-215773.0
-214683.3
-215773.0
-215773.0
-214683.3
-215773.0
-214683.3
-214683.3
-215773.0
-214683.3
-214683.3
-215773.0
-214683.3
-214683.3
-214683.3
-214683.3
-214683.3
-214683.3
-214683.3
-214683.3
-214683.3
-214683.3
-214683.3
-214683.3
-214683.3
-214683.3
-214683.3
-214683.3
-214683.3
-214683.3
-214683.3
-214683.3
-214683.3
-214683.3
-214683.3
-214683.3
-213593.5
-214683.3
-214683.3
-214683.3
-213593.5
-214683.3
-214683.3
-213593.5
-214683.3
-214683.3
-214683.3
-214683.3
-214683.3
-214683.3
-214683.3
-213593.5
-214683.3
-213593.5
-214683.3
-213593.5
-213593.5
-213593.5
-213593.5
-213593.5
-212503.7
-213593.5
-213593.5
-213593.5
-213593.5
-213593.5
-213593.5
-213593.5
-213593.5
-213593.5
-213593.5
-213593.5
-213593.5
-213593.5
-213593.5
-213593.5
-213593.5
-213593.5
-213593.5
-213593.5
-213593.5
-213593.5
-213593.5
-213593.5
-213593.5
-213593.5
-213593.5
-212503.7
-213593.5
-212503.7
-212503.7
-213593.5
-212503.7
-212503.7
-213593.5
-212503.7
-212503.7
-212503.7
-212503.7
-213593.5
-212503.7
-212503.7
-212503.7
-212503.7
-212503.7
-213593.5
-212503.7
-212503.7
-212503.7
-212503.7
-212503.7
-212503.7
-212503.7
-212503.7
-212503.7
-212503.7
-212503.7
-212503.7
-212503.7
-212503.7
-212503.7
-212503.7
-212503.7
-212503.7
-212503.7
-211414.0
-212503.7
-212503.7
-212503.7
-211414.0
-211414.0
-212503.7
-212503.7
-211414.0
-212503.7
-212503.7
-211414.0
-211414.0
-212503.7
-211414.0
-211414.0
-211414.0
-211414.0
-211414.0
-211414.0
-211414.0
-211414.0
-211414.0
-211414.0
-211414.0
-211414.0
-211414.0
-211414.0
-210324.2
-211414.0
-211414.0
-211414.0
-211414.0
-211414.0
-211414.0
-211414.0
-211414.0
-210324.2
-210324.2
-210324.2
-211414.0
-210324.2
-210324.2
-211414.0
-210324.2
-210324.2
-210324.2
-210324.2
-210324.2
-210324.2
-210324.2
-210324.2
-210324.2
-210324.2
-210324.2
-210324.2
-211414.0
-210324.2
-210324.2
-210324.2
-210324.2
-210324.2
-210324.2
-210324.2
-210324.2
-210324.2
-210324.2
-210324.2
-210324.2
-209234.5
-210324.2
-210324.2
-210324.2
-210324.2
-209234.5
-210324.2
-209234.5
-209234.5
-209234.5
-209234.5
-210324.2
-209234.5
-209234.5
-209234.5
-209234.5
-209234.5
-209234.5
-209234.5
-209234.5
-210324.2
-209234.5
-209234.5
-209234.5
-209234.5
-209234.5
-209234.5
-209234.5
-209234.5
-209234.5
-209234.5
-209234.5
-208144.7
-208144.7
-209234.5
-208144.7
-209234.5
-209234.5
-209234.5
-208144.7
-208144.7
-209234.5
-208144.7
-208144.7
-208144.7
-208144.7
-208144.7
-208144.7
-208144.7
-208144.7
-208144.7
-208144.7
-208144.7
-208144.7
-208144.7
-208144.7
-208144.7
-208144.7
-208144.7
-208144.7
-208144.7
-208144.7
-208144.7
-208144.7
-208144.7
-208144.7
-208144.7
-208144.7
-208144.7
-207054.9
-208144.7
-208144.7
-207054.9
-207054.9
-208144.7
-207054.9
-207054.9
-207054.9
-207054.9
-207054.9
-208144.7
-207054.9
-207054.9
-207054.9
-207054.9
-207054.9
-207054.9
-207054.9
-207054.9
-207054.9
-207054.9
-207054.9
-207054.9
-207054.9
-207054.9
-207054.9
-205965.2
-207054.9
-207054.9
-205965.2
-207054.9
-207054.9
-207054.9
-207054.9
-207054.9
-205965.2
-205965.2
-207054.9
-205965.2
-205965.2
-205965.2
-207054.9
-205965.2
-205965.2
-205965.2
-207054.9
-205965.2
-205965.2
-205965.2
-205965.2
-205965.2
-205965.2
-205965.2
-205965.2
-205965.2
-205965.2
-205965.2
-205965.2
-205965.2
-205965.2
-205965.2
-205965.2
-205965.2
-204875.4
-205965.2
-205965.2
-204875.4
-205965.2
-205965.2
-204875.4
-205965.2
-205965.2
-205965.2
-205965.2
-205965.2
-205965.2
-205965.2
-205965.2
-205965.2
-204875.4
-205965.2
-205965.2
-204875.4
-204875.4
-205965.2
-205965.2
-204875.4
-204875.4
-204875.4
-204875.4
-205965.2
-205965.2
-204875.4
-204875.4
-205965.2
-204875.4
-204875.4
-204875.4
-204875.4
-204875.4
-204875.4
-204875.4
-204875.4
-204875.4
-205965.2
-204875.4
-204875.4
-204875.4
-204875.4
-203785.6
-204875.4
-204875.4
-204875.4
-204875.4
-204875.4
-204875.4
-204875.4
-204875.4
-204875.4
-203785.6
-204875.4
-204875.4
-203785.6
-204875.4
-204875.4
-203785.6
-203785.6
-204875.4
-204875.4
-204875.4
-203785.6
-203785.6
-203785.6
-204875.4
-203785.6
-204875.4
-203785.6
-203785.6
-203785.6
-203785.6
-204875.4
-204875.4
-203785.6
-203785.6
-204875.4
-203785.6
-202695.9
-204875.4
-203785.6
-203785.6
-203785.6
-203785.6
-203785.6
-203785.6
-203785.6
-203785.6
-203785.6
-203785.6
-203785.6
-202695.9
-203785.6
-203785.6
-203785.6
-203785.6
-203785.6
-203785.6
-202695.9
-203785.6
-203785.6
-203785.6
-203785.6
-203785.6
-202695.9
-203785.6
-203785.6
-203785.6
-202695.9
-203785.6
-202695.9
-202695.9
-203785.6
-202695.9
-202695.9
-202695.9
-203785.6
-202695.9
-202695.9
-202695.9
-202695.9
-202695.9
-203785.6
-202695.9
-202695.9
-202695.9
-203785.6
-202695.9
-202695.9
-202695.9
-202695.9
-202695.9
-202695.9
-202695.9
-201606.1
-201606.1
-202695.9
-202695.9
-201606.1
-202695.9
-201606.1
-201606.1
-202695.9
-202695.9
-202695.9
-202695.9
-202695.9
-202695.9
-201606.1
-202695.9
-201606.1
-201606.1
-202695.9
-201606.1
-201606.1
-201606.1
-202695.9
-202695.9
-201606.1
-201606.1
-201606.1
-201606.1
-202695.9
-201606.1
-201606.1
-201606.1
-201606.1
-201606.1
-201606.1
-201606.1
-201606.1
-201606.1
-201606.1
-201606.1
-201606.1
-201606.1
-201606.1
-201606.1
-201606.1
-201606.1
-201606.1
-200516.4
-201606.1
-200516.4
-200516.4
-200516.4
-201606.1
-200516.4
-200516.4
-201606.1
-200516.4
-200516.4
-200516.4
-200516.4
-200516.4
-200516.4
-201606.1
-200516.4
-200516.4
-200516.4
-200516.4
-200516.4
-200516.4
-200516.4
-200516.4
-200516.4
-200516.4
-201606.1
-200516.4
-200516.4
-200516.4
-200516.4
-200516.4
-200516.4
-200516.4
-200516.4
-200516.4
-200516.4
-199426.6
-200516.4
-200516.4
-199426.6
-200516.4
-200516.4
-199426.6
-199426.6
-200516.4
-199426.6
-199426.6
-200516.4
-199426.6
-199426.6
-200516.4
-199426.6
-199426.6
-199426.6
-200516.4
-199426.6
-199426.6
-199426.6
-199426.6
-199426.6
-199426.6
-199426.6
-199426.6
-199426.6
-199426.6
-199426.6
-199426.6
-199426.6
-199426.6
-199426.6
-199426.6
-199426.6
-199426.6
-199426.6
-199426.6
-198336.8
-199426.6
-199426.6
-198336.8
-198336.8
-199426.6
-199426.6
-198336.8
-199426.6
-199426.6
-198336.8
-198336.8
-198336.8
-198336.8
-198336.8
-198336.8
-198336.8
-198336.8
-198336.8
-198336.8
-198336.8
-198336.8
-198336.8
-198336.8
-197247.1
-198336.8
-198336.8
-198336.8
-198336.8
-198336.8
-198336.8
-197247.1
-198336.8
-198336.8
-198336.8
-198336.8
-198336.8
-197247.1
-197247.1
-197247.1
-197247.1
-197247.1
-197247.1
-197247.1
-197247.1
-197247.1
-198336.8
-197247.1
-197247.1
-198336.8
-197247.1
-197247.1
-197247.1
-197247.1
-197247.1
-197247.1
-197247.1
-197247.1
-197247.1
-197247.1
-197247.1
-197247.1
-197247.1
-197247.1
-196157.3
-197247.1
-197247.1
-197247.1
-197247.1
-197247.1
-197247.1
-196157.3
-197247.1
-197247.1
-196157.3
-197247.1
-196157.3
-196157.3
-196157.3
-196157.3
-196157.3
-196157.3
-196157.3
-196157.3
-196157.3
-196157.3
-197247.1
-196157.3
-196157.3
-196157.3
-196157.3
-196157.3
-196157.3
-196157.3
-195067.5
-195067.5
-196157.3
-196157.3
-196157.3
-196157.3
-196157.3
-195067.5
-196157.3
-196157.3
-195067.5
-195067.5
-196157.3
-195067.5
-196157.3
-196157.3
-195067.5
-195067.5
-196157.3
-195067.5
-195067.5
-195067.5
-195067.5
-195067.5
-195067.5
-196157.3
-195067.5
-195067.5
-195067.5
-195067.5
-195067.5
-195067.5
-195067.5
-195067.5
-195067.5
-195067.5
-195067.5
-193977.8
-195067.5
-195067.5
-195067.5
-195067.5
-195067.5
-195067.5
-195067.5
-195067.5
-195067.5
-193977.8
-195067.5
-193977.8
-193977.8
-195067.5
-195067.5
-193977.8
-193977.8
-193977.8
-195067.5
-193977.8
-193977.8
-193977.8
-193977.8
-193977.8
-193977.8
-193977.8
-193977.8
-193977.8
-193977.8
-193977.8
-193977.8
-193977.8
-192888.0
-195067.5
-193977.8
-193977.8
-193977.8
-193977.8
-193977.8
-193977.8
-193977.8
-193977.8
-193977.8
-193977.8
-193977.8
-193977.8
-193977.8
-193977.8
-193977.8
-192888.0
-193977.8
-193977.8
-192888.0
-193977.8
-193977.8
-192888.0
-193977.8
-193977.8
-192888.0
-192888.0
-193977.8
-192888.0
-192888.0
-193977.8
-192888.0
-192888.0
-192888.0
-192888.0
-193977.8
-192888.0
-192888.0
-192888.0
-192888.0
-193977.8
-193977.8
-192888.0
-192888.0
-192888.0
-192888.0
-192888.0
-192888.0
-192888.0
-192888.0
-192888.0
-192888.0
-192888.0
-192888.0
-192888.0
-192888.0
-192888.0
-192888.0
-192888.0
-192888.0
-192888.0
-193977.8
-192888.0
-192888.0
-192888.0
-192888.0
-192888.0
-192888.0
-192888.0
-192888.0
-192888.0
-192888.0
-192888.0
-191798.3
-192888.0
-192888.0
-192888.0
-192888.0
-192888.0
-191798.3
-192888.0
-192888.0
-191798.3
-192888.0
-191798.3
-192888.0
-192888.0
-192888.0
-192888.0
-191798.3
-192888.0
-192888.0
-191798.3
-192888.0
-192888.0
-191798.3
-192888.0
-192888.0
-192888.0
-191798.3
-192888.0
-192888.0
-191798.3
-191798.3
-191798.3
-191798.3
-191798.3
-192888.0
-191798.3
-191798.3
-191798.3
-192888.0
-192888.0
-191798.3
-192888.0
-191798.3
-191798.3
-192888.0
-192888.0
-191798.3
-192888.0
-192888.0
-191798.3
-191798.3
-192888.0
-191798.3
-191798.3
-192888.0
-191798.3
-191798.3
-191798.3
-192888.0
-191798.3
-192888.0
-192888.0
-191798.3
-191798.3
-192888.0
-191798.3
-191798.3
-191798.3
-192888.0
-191798.3
-191798.3
-192888.0
-191798.3
-191798.3
-191798.3
-191798.3
-191798.3
-191798.3
-191798.3
-191798.3
-191798.3
-191798.3
-191798.3
-191798.3
-191798.3
-191798.3
-191798.3
-191798.3
-191798.3
-191798.3
-191798.3
-191798.3
-191798.3
-191798.3
-191798.3
-191798.3
-191798.3
-192888.0
-191798.3
-191798.3
-191798.3
-191798.3
-191798.3
-191798.3
-191798.3
-191798.3
-191798.3
-191798.3
-191798.3
-191798.3
-191798.3
-191798.3
-190708.5
-191798.3
-192888.0
-191798.3
-191798.3
-191798.3
-191798.3
-191798.3
-191798.3
-192888.0
-191798.3
-191798.3
-191798.3
-191798.3
-191798.3
-191798.3
-191798.3
-191798.3
-191798.3
-191798.3
-191798.3
-190708.5
-191798.3
-191798.3
-191798.3
-191798.3
-191798.3
-191798.3
-191798.3
-191798.3
-191798.3
-190708.5
-191798.3
-191798.3
-191798.3
-190708.5
-191798.3
-191798.3
-191798.3
-191798.3
-191798.3
-191798.3
-191798.3
-191798.3
-190708.5
-191798.3
-191798.3
-190708.5
-190708.5
-190708.5
-190708.5
-190708.5
-190708.5
-191798.3
-190708.5
-191798.3
-191798.3
-190708.5
-191798.3
-191798.3
-191798.3
-190708.5
-191798.3
-191798.3
-190708.5
-191798.3
-191798.3
-190708.5
-190708.5
-191798.3
-190708.5
-190708.5
-191798.3
-190708.5
-190708.5
-191798.3
-191798.3
-190708.5
-190708.5
-190708.5
-190708.5
-190708.5
-190708.5
-190708.5
-190708.5
-190708.5
-191798.3
-190708.5
-190708.5
-190708.5
-190708.5
-190708.5
-190708.5
-190708.5
-190708.5
-191798.3
-190708.5
-190708.5
-190708.5
-190708.5
-190708.5
-190708.5
-190708.5
-190708.5
-190708.5
-190708.5
-190708.5
-190708.5
-190708.5
-190708.5
-190708.5
-190708.5
-190708.5
-190708.5
-190708.5
-190708.5
-190708.5
-190708.5
-190708.5
-190708.5
-190708.5
-189618.7
-190708.5
-190708.5
-189618.7
-190708.5
-190708.5
-189618.7
-189618.7
-190708.5
-189618.7
-190708.5
-190708.5
-190708.5
-189618.7
-190708.5
-189618.7
-190708.5
-190708.5
-190708.5
-190708.5
-189618.7
-190708.5
-189618.7
-189618.7
-189618.7
-189618.7
-189618.7
-189618.7
-190708.5
-189618.7
-189618.7
-189618.7
-189618.7
-189618.7
-189618.7
-189618.7
-189618.7
-189618.7
-189618.7
-189618.7
-189618.7
-189618.7
-189618.7
-189618.7
-189618.7
-189618.7
-189618.7
-189618.7
-189618.7
-189618.7
-188529.0
-189618.7
-189618.7
-189618.7
-189618.7
-189618.7
-189618.7
-189618.7
-189618.7
-189618.7
-188529.0
-189618.7
-189618.7
-188529.0
-189618.7
-189618.7
-189618.7
-188529.0
-189618.7
-188529.0
-188529.0
-189618.7
-188529.0
-188529.0
-188529.0
-189618.7
-188529.0
-188529.0
-188529.0
-188529.0
-188529.0
-188529.0
-189618.7
-188529.0
-188529.0
-188529.0
-188529.0
-188529.0
-188529.0
-188529.0
-188529.0
-188529.0
-188529.0
-188529.0
-189618.7
-188529.0
-188529.0
-188529.0
-189618.7
-188529.0
-187439.2
-188529.0
-188529.0
-187439.2
-188529.0
-188529.0
-188529.0
-187439.2
-188529.0
-188529.0
-187439.2
-188529.0
-188529.0
-187439.2
-188529.0
-188529.0
-187439.2
-187439.2
-188529.0
-187439.2
-187439.2
-188529.0
-187439.2
-187439.2
-188529.0
-188529.0
-187439.2
-187439.2
-188529.0
-187439.2
-187439.2
-187439.2
-187439.2
-187439.2
-188529.0
-187439.2
-187439.2
-187439.2
-187439.2
-187439.2
-187439.2
-187439.2
-187439.2
-186349.4
-187439.2
-187439.2
-187439.2
-187439.2
-187439.2
-186349.4
-186349.4
-187439.2
-187439.2
-186349.4
-187439.2
-187439.2
-186349.4
-187439.2
-187439.2
-187439.2
-186349.4
-187439.2
-186349.4
-186349.4
-187439.2
-187439.2
-186349.4
-186349.4
-186349.4
-186349.4
-186349.4
-187439.2
-186349.4
-186349.4
-186349.4
-186349.4
-186349.4
-186349.4
-186349.4
-186349.4
-186349.4
-186349.4
-186349.4
-185259.7
-186349.4
-186349.4
-186349.4
-186349.4
-186349.4
-186349.4
-186349.4
-187439.2
-186349.4
-186349.4
-186349.4
-186349.4
-185259.7
-186349.4
-186349.4
-185259.7
-185259.7
-186349.4
-186349.4
-185259.7
-185259.7
-186349.4
-185259.7
-185259.7
-186349.4
-185259.7
-185259.7
-185259.7
-185259.7
-185259.7
-186349.4
-185259.7
-185259.7
-185259.7
-185259.7
-185259.7
-185259.7
-185259.7
-185259.7
-185259.7
-185259.7
-185259.7
-185259.7
-185259.7
-185259.7
-184169.9
-185259.7
-185259.7
-185259.7
-185259.7
-185259.7
-185259.7
-184169.9
-185259.7
-185259.7
-185259.7
-184169.9
-185259.7
-185259.7
-184169.9
-184169.9
-185259.7
-184169.9
-184169.9
-185259.7
-184169.9
-184169.9
-184169.9
-185259.7
-184169.9
-184169.9
-185259.7
-184169.9
-184169.9
-184169.9
-184169.9
-184169.9
-184169.9
-184169.9
-184169.9
-184169.9
-184169.9
-184169.9
-184169.9
-184169.9
-184169.9
-184169.9
-184169.9
-184169.9
-184169.9
-184169.9
-184169.9
-184169.9
-184169.9
-184169.9
-184169.9
-184169.9
-184169.9
-184169.9
-184169.9
-184169.9
-184169.9
-183080.2
-184169.9
-184169.9
-184169.9
-183080.2
-184169.9
-184169.9
-183080.2
-184169.9
-184169.9
-184169.9
-183080.2
-184169.9
-183080.2
-183080.2
-183080.2
-183080.2
-183080.2
-183080.2
-184169.9
-183080.2
-184169.9
-184169.9
-183080.2
-183080.2
-183080.2
-183080.2
-183080.2
-183080.2
-183080.2
-183080.2
-183080.2
-183080.2
-183080.2
-181990.4
-183080.2
-183080.2
-183080.2
-183080.2
-183080.2
-183080.2
-183080.2
-183080.2
-181990.4
-183080.2
-183080.2
-183080.2
-183080.2
-183080.2
-183080.2
-183080.2
-183080.2
-183080.2
-183080.2
-183080.2
-183080.2
-183080.2
-183080.2
-183080.2
-183080.2
-183080.2
-183080.2
-183080.2
-183080.2
-181990.4
-183080.2
-183080.2
-183080.2
-181990.4
-183080.2
-181990.4
-183080.2
-183080.2
-183080.2
-181990.4
-183080.2
-181990.4
-181990.4
-181990.4
-183080.2
-181990.4
-181990.4
-183080.2
-181990.4
-181990.4
-183080.2
-181990.4
-181990.4
-181990.4
-181990.4
-181990.4
-181990.4
-181990.4
-181990.4
-180900.6
-181990.4
-181990.4
-181990.4
-181990.4
-181990.4
-181990.4
-181990.4
-181990.4
-181990.4
-180900.6
-181990.4
-181990.4
-181990.4
-181990.4
-181990.4
-181990.4
-181990.4
-181990.4
-180900.6
-180900.6
-181990.4
-181990.4
-180900.6
-181990.4
-181990.4
-181990.4
-181990.4
-181990.4
-181990.4
-180900.6
-181990.4
-181990.4
-180900.6
-180900.6
-181990.4
-181990.4
-180900.6
-181990.4
-181990.4
-180900.6
-181990.4
-180900.6
-180900.6
-180900.6
-181990.4
-180900.6
-181990.4
-180900.6
-180900.6
-180900.6
-181990.4
-181990.4
-180900.6
-180900.6
-181990.4
-180900.6
-180900.6
-180900.6
-180900.6
-180900.6
-180900.6
-180900.6
-180900.6
-180900.6
-180900.6
-180900.6
-180900.6
-180900.6
-180900.6
-180900.6
-180900.6
-180900.6
-180900.6
-180900.6
-180900.6
-180900.6
-180900.6
-180900.6
-180900.6
-179810.9
-180900.6
-180900.6
-179810.9
-180900.6
-180900.6
-179810.9
-180900.6
-180900.6
-180900.6
-179810.9
-180900.6
-180900.6
-179810.9
-180900.6
-180900.6
-180900.6
-179810.9
-180900.6
-180900.6
-179810.9
-180900.6
-179810.9
-179810.9
-180900.6
-180900.6
-179810.9
-179810.9
-179810.9
-179810.9
-178721.1
-179810.9
-179810.9
-179810.9
-179810.9
-179810.9
-179810.9
-179810.9
-179810.9
-179810.9
-179810.9
-179810.9
-179810.9
-179810.9
-179810.9
-179810.9
-179810.9
-179810.9
-179810.9
-179810.9
-179810.9
-179810.9
-179810.9
-179810.9
-179810.9
-179810.9
-179810.9
-179810.9
-179810.9
-178721.1
-178721.1
-179810.9
-179810.9
-178721.1
-179810.9
-179810.9
-178721.1
-178721.1
-179810.9
-178721.1
-178721.1
-179810.9
-179810.9
-178721.1
-178721.1
-178721.1
-178721.1
-178721.1
-179810.9
-178721.1
-178721.1
-178721.1
-178721.1
-178721.1
-178721.1
-178721.1
-178721.1
-178721.1
-178721.1
-178721.1
-178721.1
-178721.1
-178721.1
-178721.1
-178721.1
-178721.1
-177631.3
-178721.1
-178721.1
-178721.1
-177631.3
-178721.1
-178721.1
-177631.3
-178721.1
-178721.1
-177631.3
-177631.3
-178721.1
-178721.1
-177631.3
-178721.1
-177631.3
-177631.3
-177631.3
-178721.1
-177631.3
-177631.3
-177631.3
-177631.3
-177631.3
-178721.1
-177631.3
-177631.3
-177631.3
-177631.3
-177631.3
-177631.3
-177631.3
-177631.3
-177631.3
-177631.3
-178721.1
-177631.3
-177631.3
-177631.3
-177631.3
-177631.3
-177631.3
-177631.3
-177631.3
-177631.3
-177631.3
-177631.3
-177631.3
-178721.1
-177631.3
-177631.3
-177631.3
-177631.3
-176541.6
-177631.3
-177631.3
-177631.3
-177631.3
-177631.3
-177631.3
-177631.3
-177631.3
-177631.3
-176541.6
-176541.6
-176541.6
-176541.6
-176541.6
-176541.6
-176541.6
-176541.6
-176541.6
-176541.6
-176541.6
-176541.6
-176541.6
-176541.6
-176541.6
-177631.3
-176541.6
-176541.6
-176541.6
-176541.6
-176541.6
-176541.6
-176541.6
-176541.6
-176541.6
-176541.6
-176541.6
-176541.6
-176541.6
-176541.6
-176541.6
-176541.6
-176541.6
-176541.6
-176541.6
-176541.6
-176541.6
-176541.6
-176541.6
-176541.6
-175451.8
-176541.6
-176541.6
-176541.6
-176541.6
-176541.6
-176541.6
-175451.8
-176541.6
-175451.8
-175451.8
-176541.6
-175451.8
-176541.6
-176541.6
-176541.6
-175451.8
-175451.8
-175451.8
-175451.8
-175451.8
-176541.6
-176541.6
-175451.8
-175451.8
-176541.6
-175451.8
-175451.8
-175451.8
-175451.8
-175451.8
-175451.8
-175451.8
-175451.8
-175451.8
-175451.8
-175451.8
-175451.8
-175451.8
-175451.8
-174362.0
-175451.8
-175451.8
-175451.8
-175451.8
-175451.8
-175451.8
-175451.8
-175451.8
-175451.8
-174362.0
-175451.8
-175451.8
-174362.0
-175451.8
-175451.8
-175451.8
-174362.0
-175451.8
-175451.8
-174362.0
-175451.8
-175451.8
-174362.0
-175451.8
-175451.8
-174362.0
-175451.8
-175451.8
-175451.8
-174362.0
-174362.0
-174362.0
-174362.0
-175451.8
-174362.0
-174362.0
-174362.0
-174362.0
-174362.0
-174362.0
-174362.0
-174362.0
-174362.0
-174362.0
-175451.8
-174362.0
-174362.0
-174362.0
-174362.0
-174362.0
-175451.8
-174362.0
-174362.0
-174362.0
-175451.8
-173272.3
-174362.0
-174362.0
-174362.0
-173272.3
-174362.0
-174362.0
-173272.3
-174362.0
-174362.0
-174362.0
-174362.0
-174362.0
-173272.3
-173272.3
-173272.3
-174362.0
-173272.3
-174362.0
-174362.0
-173272.3
-173272.3
-173272.3
-173272.3
-173272.3
-173272.3
-173272.3
-173272.3
-173272.3
-173272.3
-174362.0
-173272.3
-173272.3
-173272.3
-173272.3
-173272.3
-173272.3
-173272.3
-173272.3
-174362.0
-173272.3
-173272.3
-173272.3
-173272.3
-173272.3
-173272.3
-173272.3
-173272.3
-173272.3
-174362.0
-173272.3
-173272.3
-173272.3
-173272.3
-173272.3
-173272.3
-173272.3
-172182.5
-173272.3
-173272.3
-173272.3
-172182.5
-173272.3
-172182.5
-173272.3
-173272.3
-173272.3
-172182.5
-173272.3
-173272.3
-172182.5
-172182.5
-173272.3
-172182.5
-172182.5
-173272.3
-172182.5
-173272.3
-172182.5
-173272.3
-172182.5
-172182.5
-172182.5
-172182.5
-172182.5
-173272.3
-172182.5
-172182.5
-172182.5
-172182.5
-172182.5
-172182.5
-173272.3
-172182.5
-172182.5
-172182.5
-172182.5
-172182.5
-172182.5
-172182.5
-172182.5
-172182.5
-172182.5
-172182.5
-172182.5
-172182.5
-172182.5
-171092.8
-172182.5
-172182.5
-172182.5
-172182.5
-172182.5
-171092.8
-171092.8
-172182.5
-171092.8
-171092.8
-172182.5
-171092.8
-171092.8
-171092.8
-172182.5
-171092.8
-171092.8
-171092.8
-171092.8
-171092.8
-171092.8
-171092.8
-171092.8
-171092.8
-171092.8
-171092.8
-171092.8
-171092.8
-171092.8
-171092.8
-171092.8
-171092.8
-171092.8
-171092.8
-171092.8
-171092.8
-171092.8
-171092.8
-171092.8
-171092.8
-171092.8
-171092.8
-170003.0
-171092.8
-171092.8
-171092.8
-170003.0
-171092.8
-171092.8
-171092.8
-171092.8
-171092.8
-170003.0
-171092.8
-171092.8
-171092.8
-170003.0
-171092.8
-170003.0
-170003.0
-171092.8
-170003.0
-170003.0
-170003.0
-171092.8
-170003.0
-170003.0
-170003.0
-170003.0
-170003.0
-170003.0
-171092.8
-170003.0
-170003.0
-170003.0
-170003.0
-170003.0
-170003.0
-170003.0
-170003.0
-170003.0
-170003.0
-170003.0
-170003.0
-170003.0
-170003.0
-170003.0
-170003.0
-170003.0
-168913.2
-170003.0
-170003.0
-168913.2
-170003.0
-170003.0
-170003.0
-168913.2
-170003.0
-170003.0
-168913.2
-170003.0
-168913.2
-168913.2
-168913.2
-170003.0
-168913.2
-168913.2
-170003.0
-170003.0
-168913.2
-170003.0
-170003.0
-168913.2
-168913.2
-168913.2
-168913.2
-168913.2
-168913.2
-168913.2
-168913.2
-168913.2
-168913.2
-168913.2
-168913.2
-168913.2
-168913.2
-167823.5
-170003.0
-168913.2
-168913.2
-168913.2
-168913.2
-167823.5
-168913.2
-168913.2
-168913.2
-167823.5
-168913.2
-168913.2
-168913.2
-168913.2
-167823.5
-168913.2
-167823.5
-168913.2
-167823.5
-167823.5
-168913.2
-168913.2
-167823.5
-167823.5
-168913.2
-167823.5
-167823.5
-167823.5
-167823.5
-167823.5
-167823.5
-167823.5
-167823.5
-167823.5
-167823.5
-167823.5
-167823.5
-167823.5
-166733.7
-167823.5
-167823.5
-167823.5
-167823.5
-167823.5
-167823.5
-167823.5
-167823.5
-167823.5
-167823.5
-167823.5
-167823.5
-166733.7
-166733.7
-166733.7
-167823.5
-166733.7
-167823.5
-167823.5
-166733.7
-166733.7
-166733.7
-166733.7
-166733.7
-167823.5
-167823.5
-166733.7
-167823.5
-166733.7
-166733.7
-166733.7
-166733.7
-166733.7
-166733.7
-166733.7
-166733.7
-166733.7
-166733.7
-166733.7
-166733.7
-166733.7
-166733.7
-166733.7
-166733.7
-166733.7
-166733.7
-165643.9
-166733.7
-166733.7
-165643.9
-165643.9
-166733.7
-165643.9
-165643.9
-166733.7
-166733.7
-166733.7
-165643.9
-165643.9
-166733.7
-165643.9
-166733.7
-165643.9
-165643.9
-165643.9
-166733.7
-165643.9
-165643.9
-165643.9
-165643.9
-165643.9
-165643.9
-165643.9
-164554.2
-165643.9
-165643.9
-165643.9
-165643.9
-165643.9
-165643.9
-165643.9
-165643.9
-165643.9
-165643.9
-165643.9
-165643.9
-165643.9
-165643.9
-165643.9
-165643.9
-164554.2
-165643.9
-165643.9
-165643.9
-164554.2
-165643.9
-164554.2
-164554.2
-165643.9
-164554.2
-164554.2
-165643.9
-164554.2
-164554.2
-164554.2
-164554.2
-164554.2
-164554.2
-164554.2
-164554.2
-164554.2
-164554.2
-164554.2
-164554.2
-164554.2
-164554.2
-164554.2
-163464.4
-164554.2
-163464.4
-164554.2
-164554.2
-164554.2
-164554.2
-164554.2
-164554.2
-164554.2
-163464.4
-164554.2
-163464.4
-163464.4
-164554.2
-164554.2
-163464.4
-164554.2
-164554.2
-163464.4
-163464.4
-163464.4
-163464.4
-163464.4
-164554.2
-163464.4
-163464.4
-163464.4
-163464.4
-163464.4
-163464.4
-163464.4
-163464.4
-163464.4
-163464.4
-163464.4
-163464.4
-163464.4
-163464.4
-163464.4
-163464.4
-163464.4
-163464.4
-162374.7
-163464.4
-162374.7
-162374.7
-163464.4
-163464.4
-163464.4
-162374.7
-162374.7
-163464.4
-162374.7
-163464.4
-163464.4
-162374.7
-162374.7
-162374.7
-162374.7
-162374.7
-162374.7
-162374.7
-162374.7
-163464.4
-162374.7
-162374.7
-162374.7
-162374.7
-162374.7
-162374.7
-162374.7
-161284.9
-162374.7
-162374.7
-162374.7
-162374.7
-162374.7
-162374.7
-162374.7
-162374.7
-162374.7
-162374.7
-162374.7
-161284.9
-162374.7
-161284.9
-162374.7
-161284.9
-162374.7
-161284.9
-162374.7
-161284.9
-161284.9
-161284.9
-161284.9
-161284.9
-161284.9
-162374.7
-161284.9
-161284.9
-161284.9
-161284.9
-161284.9
-161284.9
-161284.9
-161284.9
-161284.9
-161284.9
-161284.9
-161284.9
-161284.9
-161284.9
-161284.9
-162374.7
-161284.9
-161284.9
-161284.9
-161284.9
-161284.9
-161284.9
-161284.9
-161284.9
-161284.9
-160195.1
-161284.9
-160195.1
-161284.9
-161284.9
-160195.1
-160195.1
-161284.9
-161284.9
-160195.1
-161284.9
-160195.1
-160195.1
-160195.1
-160195.1
-160195.1
-160195.1
-161284.9
-160195.1
-160195.1
-160195.1
-160195.1
-160195.1
-160195.1
-160195.1
-160195.1
-160195.1
-160195.1
-160195.1
-160195.1
-160195.1
-160195.1
-159105.4
-160195.1
-160195.1
-159105.4
-160195.1
-160195.1
-160195.1
-159105.4
-160195.1
-160195.1
-159105.4
-159105.4
-160195.1
-159105.4
-159105.4
-160195.1
-159105.4
-159105.4
-160195.1
-159105.4
-159105.4
-159105.4
-159105.4
-159105.4
-160195.1
-160195.1
-159105.4
-159105.4
-159105.4
-159105.4
-159105.4
-159105.4
-159105.4
-159105.4
-159105.4
-159105.4
-159105.4
-159105.4
-159105.4
-159105.4
-158015.6
-158015.6
-159105.4
-158015.6
-159105.4
-159105.4
-158015.6
-158015.6
-159105.4
-158015.6
-158015.6
-158015.6
-159105.4
-158015.6
-158015.6
-159105.4
-158015.6
-158015.6
-159105.4
-158015.6
-158015.6
-158015.6
-158015.6
-158015.6
-158015.6
-158015.6
-158015.6
-158015.6
-158015.6
-158015.6
-158015.6
-158015.6
-158015.6
-158015.6
-158015.6
-158015.6
-158015.6
-156925.8
-158015.6
-158015.6
-156925.8
-158015.6
-158015.6
-158015.6
-156925.8
-156925.8
-158015.6
-158015.6
-158015.6
-158015.6
-156925.8
-156925.8
-158015.6
-156925.8
-156925.8
-158015.6
-156925.8
-156925.8
-158015.6
-156925.8
-156925.8
-156925.8
-156925.8
-156925.8
-156925.8
-156925.8
-156925.8
-156925.8
-156925.8
-156925.8
-156925.8
-156925.8
-156925.8
-156925.8
-156925.8
-156925.8
-156925.8
-155836.1
-155836.1
-156925.8
-155836.1
-156925.8
-156925.8
-155836.1
-156925.8
-156925.8
-155836.1
-156925.8
-156925.8
-155836.1
-155836.1
-156925.8
-156925.8
-155836.1
-155836.1
-156925.8
-156925.8
-154746.3
-155836.1
-155836.1
-155836.1
-155836.1
-155836.1
-155836.1
-155836.1
-156925.8
-155836.1
-155836.1
-155836.1
-155836.1
-155836.1
-155836.1
-155836.1
-155836.1
-155836.1
-155836.1
-155836.1
-154746.3
-156925.8
-155836.1
-155836.1
-155836.1
-155836.1
-154746.3
-155836.1
-155836.1
-155836.1
-155836.1
-155836.1
-154746.3
-154746.3
-155836.1
-155836.1
-155836.1
-155836.1
-155836.1
-154746.3
-154746.3
-155836.1
-154746.3
-154746.3
-154746.3
-155836.1
-154746.3
-154746.3
-155836.1
-155836.1
-154746.3
-154746.3
-154746.3
-154746.3
-154746.3
-154746.3
-154746.3
-154746.3
-154746.3
-154746.3
-154746.3
-155836.1
-154746.3
-154746.3
-154746.3
-154746.3
-154746.3
-154746.3
-154746.3
-154746.3
-154746.3
-154746.3
-154746.3
-154746.3
-154746.3
-154746.3
-154746.3
-154746.3
-154746.3
-154746.3
-154746.3
-154746.3
-154746.3
-153656.6
-154746.3
-153656.6
-154746.3
-153656.6
-153656.6
-153656.6
-153656.6
-154746.3
-154746.3
-153656.6
-153656.6
-153656.6
-154746.3
-153656.6
-153656.6
-153656.6
-153656.6
-154746.3
-153656.6
-153656.6
-153656.6
-153656.6
-153656.6
-153656.6
-153656.6
-153656.6
-153656.6
-153656.6
-153656.6
-153656.6
-153656.6
-153656.6
-153656.6
-153656.6
-153656.6
-153656.6
-152566.8
-153656.6
-153656.6
-153656.6
-153656.6
-153656.6
-153656.6
-153656.6
-153656.6
-153656.6
-153656.6
-153656.6
-153656.6
-153656.6
-153656.6
-153656.6
-152566.8
-153656.6
-153656.6
-153656.6
-152566.8
-152566.8
-152566.8
-152566.8
-153656.6
-153656.6
-152566.8
-152566.8
-153656.6
-153656.6
-152566.8
-153656.6
-152566.8
-152566.8
-152566.8
-152566.8
-152566.8
-152566.8
-152566.8
-152566.8
-152566.8
-152566.8
-152566.8
-152566.8
-152566.8
-152566.8
-152566.8
-152566.8
-152566.8
-152566.8
-152566.8
-152566.8
-152566.8
-152566.8
-152566.8
-152566.8
-152566.8
-152566.8
-152566.8
-152566.8
-151477.0
-151477.0
-152566.8
-151477.0
-152566.8
-152566.8
-152566.8
-151477.0
-151477.0
-152566.8
-151477.0
-152566.8
-151477.0
-151477.0
-152566.8
-152566.8
-152566.8
-151477.0
-151477.0
-151477.0
-151477.0
-151477.0
-151477.0
-151477.0
-151477.0
-151477.0
-151477.0
-151477.0
-151477.0
-151477.0
-151477.0
-151477.0
-151477.0
-150387.3
-151477.0
-151477.0
-151477.0
-150387.3
-151477.0
-150387.3
-150387.3
-151477.0
-151477.0
-150387.3
-151477.0
-151477.0
-150387.3
-151477.0
-151477.0
-150387.3
-150387.3
-151477.0
-151477.0
-150387.3
-150387.3
-151477.0
-150387.3
-151477.0
-151477.0
-150387.3
-150387.3
-150387.3
-150387.3
-150387.3
-151477.0
-150387.3
-150387.3
-150387.3
-150387.3
-150387.3
-150387.3
-150387.3
-150387.3
-150387.3
-150387.3
-150387.3
-150387.3
-150387.3
-150387.3
-150387.3
-149297.5
-151477.0
-150387.3
-150387.3
-150387.3
-150387.3
-150387.3
-150387.3
-150387.3
-150387.3
-149297.5
-150387.3
-150387.3
-149297.5
-150387.3
-150387.3
-150387.3
-150387.3
-150387.3
-150387.3
-149297.5
-150387.3
-150387.3
-150387.3
-149297.5
-149297.5
-149297.5
-149297.5
-150387.3
-150387.3
-149297.5
-150387.3
-149297.5
-149297.5
-149297.5
-149297.5
-150387.3
-149297.5
-149297.5
-149297.5
-149297.5
-149297.5
-149297.5
-149297.5
-149297.5
-149297.5
-149297.5
-149297.5
-149297.5
-149297.5
-148207.7
-150387.3
-149297.5
-149297.5
-149297.5
-149297.5
-149297.5
-149297.5
-149297.5
-149297.5
-148207.7
-149297.5
-149297.5
-149297.5
-149297.5
-149297.5
-148207.7
-148207.7
-149297.5
-148207.7
-149297.5
-149297.5
-148207.7
-148207.7
-148207.7
-149297.5
-148207.7
-148207.7
-148207.7
-148207.7
-148207.7
-148207.7
-148207.7
-148207.7
-148207.7
-148207.7
-148207.7
-148207.7
-148207.7
-148207.7
-148207.7
-148207.7
-148207.7
-148207.7
-148207.7
-148207.7
-148207.7
-148207.7
-148207.7
-148207.7
-147118.0
-148207.7
-148207.7
-148207.7
-148207.7
-148207.7
-148207.7
-147118.0
-148207.7
-147118.0
-147118.0
-148207.7
-148207.7
-147118.0
-147118.0
-148207.7
-147118.0
-147118.0
-148207.7
-147118.0
-147118.0
-147118.0
-148207.7
-147118.0
-147118.0
-148207.7
-147118.0
-147118.0
-148207.7
-147118.0
-147118.0
-147118.0
-147118.0
-147118.0
-147118.0
-147118.0
-147118.0
-147118.0
-147118.0
-147118.0
-147118.0
-147118.0
-147118.0
-147118.0
-147118.0
-147118.0
-147118.0
-147118.0
-147118.0
-147118.0
-146028.2
-147118.0
-147118.0
-146028.2
-147118.0
-147118.0
-146028.2
-146028.2
-147118.0
-146028.2
-146028.2
-147118.0
-146028.2
-146028.2
-146028.2
-147118.0
-146028.2
-146028.2
-147118.0
-146028.2
-146028.2
-146028.2
-146028.2
-146028.2
-146028.2
-146028.2
-146028.2
-146028.2
-146028.2
-146028.2
-146028.2
-144938.5
-146028.2
-146028.2
-146028.2
-146028.2
-146028.2
-146028.2
-146028.2
-146028.2
-146028.2
-146028.2
-146028.2
-144938.5
-146028.2
-146028.2
-144938.5
-146028.2
-146028.2
-144938.5
-144938.5
-144938.5
-144938.5
-146028.2
-146028.2
-146028.2
-144938.5
-144938.5
-146028.2
-144938.5
-144938.5
-146028.2
-144938.5
-144938.5
-146028.2
-144938.5
-144938.5
-144938.5
-144938.5
-144938.5
-144938.5
-144938.5
-144938.5
-144938.5
-144938.5
-144938.5
-144938.5
-144938.5
-144938.5
-144938.5
-144938.5
-144938.5
-144938.5
-144938.5
-143848.7
-144938.5
-143848.7
-144938.5
-144938.5
-143848.7
-143848.7
-144938.5
-144938.5
-143848.7
-144938.5
-144938.5
-143848.7
-143848.7
-144938.5
-143848.7
-143848.7
-143848.7
-143848.7
-143848.7
-144938.5
-144938.5
-143848.7
-143848.7
-143848.7
-143848.7
-143848.7
-144938.5
-143848.7
-143848.7
-143848.7
-143848.7
-143848.7
-143848.7
-143848.7
-143848.7
-142758.9
-143848.7
-143848.7
-142758.9
-143848.7
-143848.7
-143848.7
-143848.7
-143848.7
-143848.7
-143848.7
-143848.7
-143848.7
-142758.9
-143848.7
-143848.7
-143848.7
-142758.9
-143848.7
-143848.7
-142758.9
-142758.9
-142758.9
-142758.9
-143848.7
-143848.7
-142758.9
-142758.9
-143848.7
-143848.7
-142758.9
-143848.7
-142758.9
-142758.9
-142758.9
-142758.9
-142758.9
-142758.9
-142758.9
-142758.9
-142758.9
-142758.9
-142758.9
-142758.9
-142758.9
-143848.7
-142758.9
-142758.9
-142758.9
-142758.9
-141669.2
-142758.9
-142758.9
-142758.9
-142758.9
-142758.9
-142758.9
-142758.9
-142758.9
-142758.9
-142758.9
-142758.9
-142758.9
-142758.9
-142758.9
-142758.9
-142758.9
-141669.2
-142758.9
-141669.2
-142758.9
-141669.2
-142758.9
-141669.2
-141669.2
-141669.2
-141669.2
-142758.9
-142758.9
-141669.2
-141669.2
-142758.9
-141669.2
-141669.2
-142758.9
-142758.9
-141669.2
-141669.2
-142758.9
-141669.2
-141669.2
-142758.9
-141669.2
-141669.2
-141669.2
-141669.2
-141669.2
-141669.2
-141669.2
-141669.2
-141669.2
-141669.2
-141669.2
-141669.2
-141669.2
-141669.2
-141669.2
-141669.2
-141669.2
-141669.2
-140579.4
-141669.2
-141669.2
-141669.2
-141669.2
-141669.2
-140579.4
-140579.4
-141669.2
-141669.2
-140579.4
-141669.2
-141669.2
-140579.4
-141669.2
-141669.2
-140579.4
-140579.4
-141669.2
-140579.4
-140579.4
-141669.2
-141669.2
-140579.4
-141669.2
-141669.2
-140579.4
-140579.4
-141669.2
-140579.4
-140579.4
-140579.4
-140579.4
-140579.4
-140579.4
-141669.2
-140579.4
-140579.4
-140579.4
-140579.4
-140579.4
-141669.2
-140579.4
-140579.4
-140579.4
-140579.4
-140579.4
-140579.4
-140579.4
-140579.4
-140579.4
-140579.4
-140579.4
-140579.4
-140579.4
-140579.4
-140579.4
-140579.4
-140579.4
-140579.4
-139489.6
-140579.4
-140579.4
-139489.6
-140579.4
-140579.4
-139489.6
-139489.6
-140579.4
-139489.6
-140579.4
-139489.6
-140579.4
-139489.6
-140579.4
-140579.4
-139489.6
-139489.6
-140579.4
-139489.6
-139489.6
-139489.6
-139489.6
-139489.6
-140579.4
-139489.6
-139489.6
-139489.6
-139489.6
-139489.6
-139489.6
-140579.4
-139489.6
-139489.6
-139489.6
-139489.6
-139489.6
-139489.6
-139489.6
-139489.6
-139489.6
-139489.6
-139489.6
-139489.6
-139489.6
-139489.6
-139489.6
-139489.6
-139489.6
-139489.6
-139489.6
-139489.6
-139489.6
-139489.6
-139489.6
-140579.4
-138399.9
-139489.6
-139489.6
-139489.6
-139489.6
-138399.9
-139489.6
-138399.9
-139489.6
-139489.6
-138399.9
-138399.9
-139489.6
-138399.9
-139489.6
-138399.9
-138399.9
-138399.9
-139489.6
-139489.6
-138399.9
-138399.9
-139489.6
-138399.9
-138399.9
-138399.9
-138399.9
-138399.9
-138399.9
-138399.9
-138399.9
-138399.9
-138399.9
-138399.9
-138399.9
-138399.9
-138399.9
-138399.9
-138399.9
-138399.9
-137310.1
-138399.9
-138399.9
-138399.9
-138399.9
-138399.9
-138399.9
-137310.1
-138399.9
-138399.9
-137310.1
-138399.9
-138399.9
-138399.9
-138399.9
-138399.9
-138399.9
-137310.1
-137310.1
-137310.1
-138399.9
-137310.1
-137310.1
-138399.9
-137310.1
-138399.9
-137310.1
-137310.1
-138399.9
-137310.1
-137310.1
-137310.1
-137310.1
-137310.1
-137310.1
-137310.1
-137310.1
-137310.1
-137310.1
-137310.1
-137310.1
-137310.1
-137310.1
-136220.4
-137310.1
-137310.1
-137310.1
-137310.1
-137310.1
-137310.1
-137310.1
-137310.1
-137310.1
-136220.4
-136220.4
-137310.1
-137310.1
-136220.4
-137310.1
-137310.1
-136220.4
-137310.1
-137310.1
-136220.4
-137310.1
-137310.1
-137310.1
-136220.4
-136220.4
-137310.1
-136220.4
-136220.4
-137310.1
-136220.4
-136220.4
-136220.4
-136220.4
-136220.4
-136220.4
-136220.4
-136220.4
-136220.4
-136220.4
-136220.4
-136220.4
-136220.4
-136220.4
-136220.4
-136220.4
-136220.4
-135130.6
-136220.4
-136220.4
-136220.4
-136220.4
-136220.4
-136220.4
-136220.4
-136220.4
-136220.4
-135130.6
-136220.4
-136220.4
-136220.4
-135130.6
-136220.4
-136220.4
-135130.6
-136220.4
-136220.4
-135130.6
-136220.4
-136220.4
-136220.4
-135130.6
-135130.6
-136220.4
-135130.6
-135130.6
-136220.4
-135130.6
-135130.6
-136220.4
-135130.6
-135130.6
-135130.6
-135130.6
-135130.6
-136220.4
-135130.6
-135130.6
-135130.6
-135130.6
-135130.6
-135130.6
-135130.6
-135130.6
-135130.6
-135130.6
-135130.6
-135130.6
-135130.6
-135130.6
-135130.6
-135130.6
-135130.6
-135130.6
-135130.6
-135130.6
-135130.6
-134040.8
-135130.6
-135130.6
-135130.6
-134040.8
-135130.6
-135130.6
-134040.8
-135130.6
-135130.6
-134040.8
-134040.8
-135130.6
-134040.8
-134040.8
-135130.6
-135130.6
-134040.8
-135130.6
-135130.6
-134040.8
-134040.8
-134040.8
-134040.8
-134040.8
-135130.6
-134040.8
-134040.8
-134040.8
-135130.6
-134040.8
-134040.8
-134040.8
-134040.8
-134040.8
-135130.6
-134040.8
-134040.8
-134040.8
-134040.8
-134040.8
-134040.8
-134040.8
-134040.8
-134040.8
-134040.8
-134040.8
-134040.8
-134040.8
-134040.8
-134040.8
-134040.8
-134040.8
-134040.8
-134040.8
-134040.8
-132951.1
-132951.1
-134040.8
-134040.8
-134040.8
-134040.8
-134040.8
-132951.1
-132951.1
-134040.8
-132951.1
-134040.8
-134040.8
-134040.8
-132951.1
-132951.1
-132951.1
-132951.1
-132951.1
-132951.1
-132951.1
-132951.1
-132951.1
-134040.8
-132951.1
-132951.1
-132951.1
-132951.1
-132951.1
-132951.1
-132951.1
-132951.1
-132951.1
-132951.1
-132951.1
-132951.1
-132951.1
-132951.1
-132951.1
-132951.1
-132951.1
-132951.1
-132951.1
-132951.1
-132951.1
-132951.1
-132951.1
-132951.1
-131861.3
-132951.1
-132951.1
-132951.1
-132951.1
-132951.1
-132951.1
-132951.1
-132951.1
-131861.3
-131861.3
-131861.3
-131861.3
-131861.3
-132951.1
-131861.3
-132951.1
-131861.3
-132951.1
-131861.3
-131861.3
-132951.1
-132951.1
-131861.3
-131861.3
-132951.1
-131861.3
-131861.3
-131861.3
-131861.3
-131861.3
-132951.1
-131861.3
-131861.3
-131861.3
-131861.3
-131861.3
-131861.3
-131861.3
-131861.3
-131861.3
-131861.3
-131861.3
-131861.3
-131861.3
-131861.3
-131861.3
-131861.3
-131861.3
-131861.3
-130771.5
-131861.3
-131861.3
-131861.3
-130771.5
-131861.3
-131861.3
-130771.5
-131861.3
-130771.5
-131861.3
-131861.3
-131861.3
-130771.5
-131861.3
-130771.5
-130771.5
-130771.5
-131861.3
-131861.3
-130771.5
-130771.5
-131861.3
-130771.5
-130771.5
-131861.3
-131861.3
-130771.5
-131861.3
-130771.5
-130771.5
-130771.5
-130771.5
-130771.5
-130771.5
-130771.5
-130771.5
-130771.5
-130771.5
-130771.5
-130771.5
-131861.3
-130771.5
-130771.5
-130771.5
-130771.5
-130771.5
-130771.5
-130771.5
-130771.5
-129681.8
-130771.5
-130771.5
-129681.8
-130771.5
-130771.5
-129681.8
-130771.5
-130771.5
-129681.8
-129681.8
-130771.5
-130771.5
-130771.5
-130771.5
-130771.5
-129681.8
-129681.8
-130771.5
-129681.8
-129681.8
-130771.5
-130771.5
-129681.8
-129681.8
-130771.5
-129681.8
-129681.8
-129681.8
-129681.8
-129681.8
-129681.8
-130771.5
-129681.8
-129681.8
-130771.5
-129681.8
-129681.8
-130771.5
-129681.8
-129681.8
-130771.5
-129681.8
-129681.8
-129681.8
-129681.8
-128592.0
-129681.8
-129681.8
-129681.8
-129681.8
-129681.8
-129681.8
-129681.8
-129681.8
-129681.8
-128592.0
-129681.8
-129681.8
-129681.8
-128592.0
-129681.8
-129681.8
-128592.0
-129681.8
-129681.8
-129681.8
-129681.8
-129681.8
-129681.8
-128592.0
-129681.8
-129681.8
-128592.0
-129681.8
-129681.8
-128592.0
-128592.0
-129681.8
-128592.0
-128592.0
-129681.8
-128592.0
-128592.0
-128592.0
-129681.8
-128592.0
-129681.8
-129681.8
-128592.0
-128592.0
-129681.8
-128592.0
-128592.0
-128592.0
-128592.0
-128592.0
-128592.0
-128592.0
-127502.2
-128592.0
-128592.0
-128592.0
-128592.0
-128592.0
-128592.0
-127502.2
-128592.0
-128592.0
-128592.0
-128592.0
-128592.0
-128592.0
-127502.2
-128592.0
-128592.0
-127502.2
-128592.0
-128592.0
-128592.0
-128592.0
-128592.0
-128592.0
-127502.2
-128592.0
-128592.0
-127502.2
-128592.0
-127502.2
-127502.2
-127502.2
-128592.0
-128592.0
-127502.2
-127502.2
-128592.0
-127502.2
-127502.2
-127502.2
-127502.2
-127502.2
-127502.2
-127502.2
-127502.2
-127502.2
-127502.2
-127502.2
-127502.2
-127502.2
-127502.2
-127502.2
-127502.2
-127502.2
-127502.2
-127502.2
-127502.2
-127502.2
-127502.2
-127502.2
-127502.2
-126412.5
-127502.2
-127502.2
-126412.5
-127502.2
-127502.2
-126412.5
-126412.5
-127502.2
-127502.2
-126412.5
-126412.5
-126412.5
-126412.5
-127502.2
-127502.2
-127502.2
-126412.5
-127502.2
-126412.5
-126412.5
-126412.5
-126412.5
-126412.5
-126412.5
-126412.5
-126412.5
-126412.5
-126412.5
-126412.5
-126412.5
-126412.5
-126412.5
-126412.5
-126412.5
-126412.5
-126412.5
-126412.5
-126412.5
-126412.5
-126412.5
-125322.7
-126412.5
-126412.5
-126412.5
-126412.5
-126412.5
-126412.5
-126412.5
-125322.7
-125322.7
-126412.5
-125322.7
-125322.7
-125322.7
-126412.5
-126412.5
-125322.7
-126412.5
-125322.7
-125322.7
-126412.5
-125322.7
-125322.7
-126412.5
-125322.7
-125322.7
-125322.7
-125322.7
-125322.7
-125322.7
-125322.7
-125322.7
-125322.7
-125322.7
-125322.7
-125322.7
-125322.7
-125322.7
-125322.7
-125322.7
-125322.7
-125322.7
-125322.7
-124233.0
-125322.7
-125322.7
-125322.7
-125322.7
-124233.0
-124233.0
-125322.7
-125322.7
-125322.7
-125322.7
-124233.0
-125322.7
-125322.7
-125322.7
-124233.0
-124233.0
-125322.7
-125322.7
-124233.0
-124233.0
-124233.0
-124233.0
-124233.0
-124233.0
-124233.0
-124233.0
-125322.7
-124233.0
-124233.0
-124233.0
-124233.0
-124233.0
-123143.2
-124233.0
-124233.0
-124233.0
-125322.7
-124233.0
-124233.0
-124233.0
-124233.0
-124233.0
-124233.0
-124233.0
-124233.0
-123143.2
-124233.0
-124233.0
-123143.2
-124233.0
-124233.0
-124233.0
-123143.2
-124233.0
-124233.0
-123143.2
-124233.0
-124233.0
-123143.2
-124233.0
-124233.0
-123143.2
-123143.2
-124233.0
-123143.2
-124233.0
-123143.2
-123143.2
-123143.2
-123143.2
-123143.2
-123143.2
-123143.2
-124233.0
-123143.2
-123143.2
-123143.2
-123143.2
-123143.2
-123143.2
-123143.2
-123143.2
-123143.2
-123143.2
-123143.2
-123143.2
-123143.2
-123143.2
-123143.2
-123143.2
-123143.2
-123143.2
-123143.2
-123143.2
-123143.2
-122053.4
-123143.2
-123143.2
-122053.4
-123143.2
-123143.2
-122053.4
-122053.4
-123143.2
-122053.4
-122053.4
-123143.2
-123143.2
-122053.4
-122053.4
-123143.2
-122053.4
-123143.2
-123143.2
-122053.4
-122053.4
-123143.2
-122053.4
-122053.4
-122053.4
-122053.4
-122053.4
-122053.4
-122053.4
-122053.4
-120963.7
-123143.2
-122053.4
-122053.4
-122053.4
-122053.4
-122053.4
-122053.4
-122053.4
-122053.4
-122053.4
-122053.4
-122053.4
-122053.4
-122053.4
-122053.4
-120963.7
-120963.7
-122053.4
-120963.7
-120963.7
-122053.4
-122053.4
-120963.7
-122053.4
-122053.4
-120963.7
-120963.7
-122053.4
-122053.4
-120963.7
-122053.4
-122053.4
-120963.7
-122053.4
-122053.4
-120963.7
-120963.7
-120963.7
-120963.7
-120963.7
-122053.4
-120963.7
-120963.7
-120963.7
-120963.7
-120963.7
-120963.7
-120963.7
-120963.7
-119873.9
-120963.7
-120963.7
-120963.7
-120963.7
-120963.7
-120963.7
-120963.7
-120963.7
-120963.7
-120963.7
-119873.9
-120963.7
-119873.9
-120963.7
-120963.7
-120963.7
-120963.7
-119873.9
-119873.9
-119873.9
-120963.7
-120963.7
-119873.9
-119873.9
-120963.7
-119873.9
-119873.9
-119873.9
-119873.9
-119873.9
-119873.9
-119873.9
-119873.9
-119873.9
-119873.9
-119873.9
-119873.9
-119873.9
-119873.9
-119873.9
-119873.9
-119873.9
-119873.9
-119873.9
-119873.9
-119873.9
-119873.9
-119873.9
-119873.9
-118784.1
-119873.9
-119873.9
-119873.9
-119873.9
-119873.9
-118784.1
-118784.1
-119873.9
-119873.9
-119873.9
-119873.9
-119873.9
-118784.1
-119873.9
-119873.9
-118784.1
-118784.1
-119873.9
-119873.9
-118784.1
-119873.9
-119873.9
-118784.1
-118784.1
-119873.9
-118784.1
-118784.1
-118784.1
-118784.1
-118784.1
-118784.1
-119873.9
-118784.1
-118784.1
-118784.1
-118784.1
-118784.1
-118784.1
-118784.1
-118784.1
-118784.1
-118784.1
-118784.1
-118784.1
-118784.1
-118784.1
-117694.4
-118784.1
-118784.1
-117694.4
-118784.1
-118784.1
-118784.1
-118784.1
-118784.1
-118784.1
-118784.1
-118784.1
-118784.1
-117694.4
-118784.1
-118784.1
-117694.4
-117694.4
-118784.1
-117694.4
-117694.4
-118784.1
-117694.4
-117694.4
-117694.4
-118784.1
-117694.4
-117694.4
-118784.1
-117694.4
-117694.4
-117694.4
-117694.4
-117694.4
-118784.1
-117694.4
-117694.4
-117694.4
-117694.4
-117694.4
-117694.4
-117694.4
-117694.4
-116604.6
-118784.1
-117694.4
-117694.4
-117694.4
-117694.4
-117694.4
-117694.4
-117694.4
-117694.4
-117694.4
-117694.4
-117694.4
-116604.6
-117694.4
-117694.4
-117694.4
-117694.4
-117694.4
-117694.4
-116604.6
-117694.4
-117694.4
-116604.6
-116604.6
-117694.4
-116604.6
-116604.6
-117694.4
-116604.6
-116604.6
-117694.4
-117694.4
-116604.6
-117694.4
-116604.6
-116604.6
-116604.6
-117694.4
-116604.6
-116604.6
-116604.6
-116604.6
-116604.6
-116604.6
-116604.6
-116604.6
-116604.6
-116604.6
-116604.6
-116604.6
-116604.6
-116604.6
-116604.6
-116604.6
-116604.6
-116604.6
-115514.9
-116604.6
-115514.9
-116604.6
-115514.9
-116604.6
-115514.9
-116604.6
-116604.6
-116604.6
-115514.9
-116604.6
-115514.9
-115514.9
-116604.6
-115514.9
-115514.9
-115514.9
-116604.6
-115514.9
-115514.9
-115514.9
-115514.9
-115514.9
-115514.9
-115514.9
-115514.9
-115514.9
-116604.6
-115514.9
-115514.9
-115514.9
-115514.9
-115514.9
-115514.9
-115514.9
-115514.9
-115514.9
-115514.9
-115514.9
-115514.9
-115514.9
-115514.9
-115514.9
-115514.9
-115514.9
-114425.1
-115514.9
-115514.9
-115514.9
-115514.9
-115514.9
-115514.9
-114425.1
-115514.9
-115514.9
-114425.1
-115514.9
-115514.9
-114425.1
-115514.9
-115514.9
-114425.1
-114425.1
-115514.9
-115514.9
-114425.1
-114425.1
-115514.9
-114425.1
-114425.1
-115514.9
-115514.9
-114425.1
-115514.9
-114425.1
-114425.1
-114425.1
-114425.1
-114425.1
-114425.1
-114425.1
-114425.1
-114425.1
-115514.9
-114425.1
-114425.1
-114425.1
-114425.1
-114425.1
-114425.1
-114425.1
-114425.1
-113335.3
-114425.1
-114425.1
-114425.1
-114425.1
-114425.1
-114425.1
-113335.3
-114425.1
-114425.1
-113335.3
-114425.1
-114425.1
-113335.3
-113335.3
-114425.1
-113335.3
-113335.3
-114425.1
-113335.3
-113335.3
-114425.1
-113335.3
-113335.3
-113335.3
-114425.1
-113335.3
-113335.3
-114425.1
-113335.3
-113335.3
-113335.3
-113335.3
-113335.3
-113335.3
-113335.3
-113335.3
-113335.3
-113335.3
-113335.3
-113335.3
-114425.1
-113335.3
-113335.3
-113335.3
-113335.3
-112245.6
-113335.3
-113335.3
-113335.3
-112245.6
-113335.3
-113335.3
-113335.3
-112245.6
-113335.3
-112245.6
-112245.6
-112245.6
-113335.3
-112245.6
-113335.3
-113335.3
-112245.6
-112245.6
-113335.3
-112245.6
-112245.6
-112245.6
-112245.6
-112245.6
-113335.3
-112245.6
-112245.6
-112245.6
-112245.6
-112245.6
-111155.8
-112245.6
-112245.6
-112245.6
-112245.6
-112245.6
-112245.6
-112245.6
-112245.6
-112245.6
-112245.6
-112245.6
-112245.6
-112245.6
-112245.6
-112245.6
-111155.8
-112245.6
-112245.6
-111155.8
-112245.6
-112245.6
-112245.6
-111155.8
-112245.6
-111155.8
-112245.6
-112245.6
-112245.6
-111155.8
-111155.8
-112245.6
-111155.8
-111155.8
-112245.6
-111155.8
-111155.8
-111155.8
-111155.8
-111155.8
-111155.8
-111155.8
-111155.8
-111155.8
-111155.8
-111155.8
-111155.8
-111155.8
-111155.8
-111155.8
-111155.8
-111155.8
-111155.8
-111155.8
-111155.8
-111155.8
-111155.8
-111155.8
-111155.8
-110066.0
-111155.8
-111155.8
-111155.8
-111155.8
-111155.8
-111155.8
-111155.8
-111155.8
-111155.8
-110066.0
-110066.0
-111155.8
-110066.0
-110066.0
-111155.8
-110066.0
-110066.0
-110066.0
-111155.8
-110066.0
-110066.0
-111155.8
-110066.0
-110066.0
-110066.0
-110066.0
-110066.0
-111155.8
-110066.0
-110066.0
-110066.0
-110066.0
-110066.0
-110066.0
-110066.0
-110066.0
-110066.0
-110066.0
-110066.0
-110066.0
-110066.0
-110066.0
-110066.0
-110066.0
-110066.0
-110066.0
-110066.0
-110066.0
-110066.0
-108976.3
-110066.0
-110066.0
-108976.3
-108976.3
-110066.0
-110066.0
-110066.0
-108976.3
-110066.0
-108976.3
-110066.0
-110066.0
-110066.0
-108976.3
-108976.3
-110066.0
-108976.3
-108976.3
-110066.0
-108976.3
-108976.3
-110066.0
-108976.3
-108976.3
-108976.3
-108976.3
-108976.3
-108976.3
-110066.0
-108976.3
-108976.3
-108976.3
-108976.3
-108976.3
-108976.3
-108976.3
-108976.3
-108976.3
-108976.3
-107886.5
-108976.3
-108976.3
-108976.3
-108976.3
-108976.3
-108976.3
-107886.5
-108976.3
-108976.3
-108976.3
-107886.5
-108976.3
-108976.3
-107886.5
-108976.3
-108976.3
-107886.5
-108976.3
-108976.3
-107886.5
-108976.3
-108976.3
-107886.5
-107886.5
-107886.5
-107886.5
-107886.5
-107886.5
-108976.3
-107886.5
-107886.5
-107886.5
-107886.5
-107886.5
-108976.3
-107886.5
-107886.5
-107886.5
-107886.5
-107886.5
-107886.5
-107886.5
-107886.5
-107886.5
-107886.5
-107886.5
-107886.5
-107886.5
-107886.5
-107886.5
-107886.5
-107886.5
-107886.5
-107886.5
-107886.5
-107886.5
-107886.5
-106796.8
-107886.5
-107886.5
-107886.5
-107886.5
-107886.5
-106796.8
-106796.8
-107886.5
-106796.8
-106796.8
-106796.8
-106796.8
-106796.8
-107886.5
-106796.8
-106796.8
-106796.8
-107886.5
-106796.8
-106796.8
-107886.5
-106796.8
-106796.8
-106796.8
-106796.8
-106796.8
-106796.8
-106796.8
-106796.8
-106796.8
-106796.8
-106796.8
-105707.0
-106796.8
-106796.8
-106796.8
-106796.8
-106796.8
-106796.8
-106796.8
-106796.8
-106796.8
-105707.0
-106796.8
-106796.8
-106796.8
-106796.8
-106796.8
-105707.0
-106796.8
-106796.8
-105707.0
-105707.0
-105707.0
-105707.0
-105707.0
-106796.8
-105707.0
-105707.0
-105707.0
-105707.0
-105707.0
-105707.0
-106796.8
-105707.0
-105707.0
-105707.0
-106796.8
-105707.0
-105707.0
-105707.0
-105707.0
-105707.0
-105707.0
-105707.0
-105707.0
-105707.0
-105707.0
-105707.0
-105707.0
-105707.0
-105707.0
-104617.2
-105707.0
-105707.0
-104617.2
-106796.8
-105707.0
-104617.2
-105707.0
-105707.0
-104617.2
-104617.2
-105707.0
-105707.0
-104617.2
-105707.0
-105707.0
-104617.2
-105707.0
-105707.0
-104617.2
-104617.2
-105707.0
-104617.2
-104617.2
-105707.0
-105707.0
-104617.2
-104617.2
-104617.2
-104617.2
-104617.2
-105707.0
-104617.2
-104617.2
-105707.0
-104617.2
-104617.2
-104617.2
-104617.2
-104617.2
-103527.5
-105707.0
-104617.2
-104617.2
-104617.2
-104617.2
-104617.2
-104617.2
-104617.2
-104617.2
-104617.2
-104617.2
-104617.2
-103527.5
-104617.2
-104617.2
-103527.5
-103527.5
-104617.2
-104617.2
-103527.5
-104617.2
-103527.5
-103527.5
-104617.2
-103527.5
-103527.5
-103527.5
-103527.5
-104617.2
-103527.5
-103527.5
-104617.2
-103527.5
-104617.2
-104617.2
-103527.5
-103527.5
-103527.5
-103527.5
-103527.5
-104617.2
-103527.5
-103527.5
-103527.5
-103527.5
-103527.5
-103527.5
-103527.5
-103527.5
-103527.5
-103527.5
-103527.5
-103527.5
-103527.5
-103527.5
-102437.7
-103527.5
-103527.5
-102437.7
-102437.7
-103527.5
-103527.5
-102437.7
-102437.7
-103527.5
-102437.7
-103527.5
-103527.5
-102437.7
-102437.7
-103527.5
-102437.7
-102437.7
-102437.7
-103527.5
-102437.7
-102437.7
-102437.7
-102437.7
-102437.7
-103527.5
-102437.7
-102437.7
-102437.7
-103527.5
-102437.7
-102437.7
-102437.7
-101347.9
-102437.7
-102437.7
-102437.7
-102437.7
-102437.7
-102437.7
-102437.7
-102437.7
-102437.7
-101347.9
-102437.7
-102437.7
-102437.7
-101347.9
-103527.5
-102437.7
-101347.9
-102437.7
-102437.7
-101347.9
-101347.9
-102437.7
-102437.7
-101347.9
-101347.9
-102437.7
-101347.9
-102437.7
-102437.7
-101347.9
-101347.9
-101347.9
-101347.9
-101347.9
-102437.7
-101347.9
-101347.9
-102437.7
-102437.7
-101347.9
-101347.9
-101347.9
-102437.7
-101347.9
-101347.9
-101347.9
-101347.9
-101347.9
-101347.9
-100258.2
-101347.9
-101347.9
-101347.9
-101347.9
-101347.9
-101347.9
-101347.9
-100258.2
-101347.9
-101347.9
-100258.2
-101347.9
-101347.9
-101347.9
-101347.9
-101347.9
-100258.2
-101347.9
-101347.9
-100258.2
-101347.9
-101347.9
-101347.9
-100258.2
-101347.9
-101347.9
-100258.2
-100258.2
-100258.2
-100258.2
-100258.2
-100258.2
-100258.2
-100258.2
-101347.9
-100258.2
-100258.2
-100258.2
-100258.2
-100258.2
-100258.2
-100258.2
-100258.2
-100258.2
-100258.2
-100258.2
-100258.2
-100258.2
-100258.2
-100258.2
-100258.2
-100258.2
-100258.2
-100258.2
-100258.2
-100258.2
-100258.2
-100258.2
-100258.2
-99168.4
-100258.2
-100258.2
-100258.2
-99168.4
-100258.2
-100258.2
-99168.4
-100258.2
-100258.2
-99168.4
-99168.4
-100258.2
-100258.2
-99168.4
-100258.2
-100258.2
-99168.4
-99168.4
-99168.4
-99168.4
-99168.4
-100258.2
-99168.4
-99168.4
-99168.4
-99168.4
-99168.4
-99168.4
-99168.4
-99168.4
-99168.4
-99168.4
-99168.4
-98078.7
-99168.4
-99168.4
-98078.7
-99168.4
-99168.4
-99168.4
-99168.4
-99168.4
-99168.4
-98078.7
-99168.4
-99168.4
-98078.7
-99168.4
-99168.4
-98078.7
-98078.7
-99168.4
-98078.7
-98078.7
-99168.4
-98078.7
-98078.7
-99168.4
-99168.4
-98078.7
-98078.7
-99168.4
-98078.7
-98078.7
-98078.7
-98078.7
-98078.7
-98078.7
-99168.4
-98078.7
-98078.7
-98078.7
-98078.7
-98078.7
-98078.7
-98078.7
-98078.7
-98078.7
-98078.7
-98078.7
-98078.7
-98078.7
-98078.7
-98078.7
-98078.7
-98078.7
-98078.7
-98078.7
-98078.7
-96988.9
-98078.7
-98078.7
-96988.9
-98078.7
-98078.7
-98078.7
-96988.9
-98078.7
-98078.7
-98078.7
-96988.9
-98078.7
-98078.7
-96988.9
-96988.9
-96988.9
-96988.9
-96988.9
-98078.7
-96988.9
-96988.9
-98078.7
-96988.9
-96988.9
-98078.7
-96988.9
-96988.9
-96988.9
-96988.9
-96988.9
-96988.9
-96988.9
-96988.9
-96988.9
-96988.9
-96988.9
-96988.9
-96988.9
-98078.7
-95899.1
-96988.9
-96988.9
-96988.9
-96988.9
-96988.9
-96988.9
-96988.9
-96988.9
-96988.9
-95899.1
-95899.1
-96988.9
-96988.9
-95899.1
-95899.1
-96988.9
-95899.1
-96988.9
-96988.9
-95899.1
-95899.1
-96988.9
-96988.9
-95899.1
-95899.1
-96988.9
-95899.1
-95899.1
-96988.9
-95899.1
-95899.1
-95899.1
-95899.1
-95899.1
-96988.9
-95899.1
-95899.1
-95899.1
-95899.1
-94809.4
-95899.1
-95899.1
-95899.1
-95899.1
-95899.1
-95899.1
-95899.1
-95899.1
-95899.1
-95899.1
-95899.1
-95899.1
-95899.1
-94809.4
-95899.1
-95899.1
-95899.1
-95899.1
-95899.1
-94809.4
-95899.1
-95899.1
-95899.1
-95899.1
-95899.1
-95899.1
-94809.4
-94809.4
-95899.1
-95899.1
-94809.4
-94809.4
-94809.4
-94809.4
-95899.1
-94809.4
-94809.4
-95899.1
-94809.4
-94809.4
-94809.4
-95899.1
-94809.4
-94809.4
-95899.1
-95899.1
-94809.4
-94809.4
-94809.4
-94809.4
-94809.4
-94809.4
-94809.4
-94809.4
-94809.4
-94809.4
-94809.4
-94809.4
-94809.4
-94809.4
-93719.6
-94809.4
-94809.4
-94809.4
-93719.6
-94809.4
-94809.4
-94809.4
-94809.4
-93719.6
-93719.6
-94809.4
-93719.6
-93719.6
-94809.4
-94809.4
-93719.6
-93719.6
-94809.4
-93719.6
-94809.4
-94809.4
-93719.6
