IEC 61083-2 TDG Version 2.1.0
Data File Version  2.1.0
20 LI-M8
8 bits, 7993 samples at 10ns
1.000000e-008
0.00
0.00
0.00
0.00
0.00
0.00
0.00
0.00
0.00
0.00
0.00
0.00
0.00
0.00
0.00
0.00
0.00
0.00
0.00
0.00
0.00
0.00
0.00
0.00
0.00
0.00
0.00
0.00
0.00
0.00
0.00
0.00
0.00
0.00
0.00
0.00
0.00
0.00
0.00
0.00
0.00
0.00
0.00
0.00
0.00
0.00
0.00
0.00
0.00
0.00
0.00
0.00
0.00
0.00
0.00
0.00
0.00
0.00
0.00
0.00
0.00
0.00
0.00
0.00
0.00
0.00
0.00
0.00
0.00
0.00
0.00
0.00
0.00
0.00
0.00
0.00
0.00
0.00
0.00
0.00
0.00
0.00
0.00
0.00
0.00
0.00
0.00
0.00
0.00
0.00
0.00
0.00
0.00
0.00
0.00
0.00
0.00
0.00
0.00
0.00
0.00
0.00
0.00
0.00
0.00
0.00
0.00
0.00
0.00
0.00
0.00
0.00
0.00
0.00
0.00
0.00
0.00
0.00
0.00
0.00
0.00
0.00
0.00
0.00
0.00
0.00
0.00
0.00
0.00
0.00
0.00
0.00
0.00
0.00
0.00
0.00
0.00
0.00
0.00
0.00
0.00
0.00
0.00
0.00
0.00
0.00
0.00
0.00
0.00
0.00
0.00
0.00
0.00
0.00
0.00
0.00
0.00
0.00
0.00
0.00
0.00
0.00
0.00
0.00
0.00
0.00
0.00
0.00
0.00
0.00
0.00
0.00
0.00
0.00
0.00
0.00
0.00
0.00
0.00
0.00
0.00
0.00
0.00
0.00
0.00
0.00
0.00
0.00
0.00
0.00
0.00
0.00
0.00
0.00
0.00
0.00
0.00
0.00
0.00
0.00
0.00
0.00
0.00
0.00
0.00
0.00
0.00
0.00
0.00
0.00
0.00
0.00
0.00
0.00
0.00
0.00
0.00
0.00
0.00
0.00
0.00
0.00
0.00
0.00
0.00
0.00
0.00
0.00
0.00
0.00
0.00
0.00
0.00
0.00
0.00
0.00
0.00
0.00
0.00
0.00
0.00
0.00
0.00
0.00
0.00
0.00
0.00
0.00
0.00
0.00
0.00
0.00
0.00
0.00
0.00
0.00
0.00
0.00
0.00
0.00
0.00
0.00
0.00
0.00
0.00
0.00
0.00
0.00
0.00
0.00
0.00
0.00
0.00
0.00
0.00
0.00
0.00
0.00
0.00
0.00
0.00
0.00
0.00
0.00
0.00
0.00
0.00
0.00
0.00
0.00
0.00
0.00
0.00
0.00
0.00
0.00
0.00
0.00
0.00
0.00
0.00
0.00
0.00
0.00
0.00
0.00
0.00
0.00
0.00
0.00
0.00
0.00
0.00
0.00
0.00
0.00
0.00
0.00
0.00
0.00
0.00
0.00
0.00
0.00
0.00
0.00
0.00
0.00
0.00
0.00
0.00
0.00
0.00
0.00
0.00
0.00
0.00
0.00
0.00
0.00
0.00
0.00
0.00
0.00
0.00
0.00
0.00
0.00
0.00
0.00
0.00
0.00
0.00
0.00
0.00
0.00
0.00
0.00
0.00
0.00
0.00
0.00
0.00
0.00
0.00
0.00
0.00
0.00
0.00
0.00
0.00
0.00
0.00
0.00
0.00
0.00
0.00
0.00
0.00
0.00
0.00
0.00
0.00
0.00
0.00
0.00
0.00
0.00
0.00
0.00
0.00
0.00
0.00
0.00
0.00
0.00
0.00
0.00
0.00
0.00
0.00
0.00
0.00
0.00
0.00
0.00
0.00
0.00
0.00
0.00
0.00
0.00
0.00
0.00
0.00
0.00
0.00
0.00
0.00
0.00
0.00
0.00
0.00
0.00
0.00
0.00
0.00
0.00
0.00
0.00
0.00
0.00
0.00
0.00
0.00
0.00
0.00
0.00
0.00
0.00
0.00
0.00
0.00
0.00
0.00
0.00
0.00
0.00
0.00
0.00
0.00
0.00
0.00
0.00
0.00
0.00
0.00
0.00
0.00
0.00
0.00
0.00
0.00
0.00
0.00
0.00
0.00
0.00
0.00
0.00
0.00
0.00
0.00
0.00
0.00
0.00
0.00
0.00
0.00
0.00
0.00
0.00
0.00
0.00
0.00
0.00
0.00
0.00
0.00
0.00
0.00
0.00
0.00
0.00
0.00
0.00
0.00
0.00
0.00
0.00
0.00
0.00
0.00
0.00
0.00
0.00
0.00
0.00
0.00
0.00
0.00
0.00
0.00
0.00
0.00
0.00
0.00
0.00
0.00
0.00
0.00
0.00
0.00
0.00
0.00
0.00
0.00
0.00
0.00
0.00
0.00
0.00
0.00
0.00
0.00
0.00
0.00
0.00
0.00
0.00
0.00
0.00
0.00
0.00
0.00
0.00
0.00
0.00
0.00
0.00
0.00
0.00
0.00
0.00
0.00
0.00
0.00
0.00
0.00
0.00
0.00
0.00
0.00
0.00
0.00
0.00
0.00
0.00
0.00
0.00
0.00
0.00
0.00
0.00
0.00
0.00
0.00
0.00
0.00
0.00
0.00
0.00
0.00
0.00
0.00
0.00
0.00
0.00
0.00
0.00
0.00
0.00
0.00
0.00
0.00
0.00
0.00
0.00
0.00
0.00
0.00
0.00
0.00
0.00
0.00
0.00
0.00
0.00
0.00
0.00
0.00
0.00
0.00
0.00
0.00
0.00
0.00
0.00
0.00
0.00
0.00
0.00
0.00
0.00
0.00
0.00
0.00
0.00
0.00
0.00
0.00
0.00
0.00
0.00
0.00
0.00
0.00
0.00
0.00
0.00
0.00
0.00
0.00
0.00
0.00
0.00
0.00
0.00
0.00
0.00
0.00
0.00
0.00
0.00
0.00
0.00
0.00
0.00
0.00
0.00
0.00
0.00
0.00
0.00
0.00
0.00
0.00
0.00
0.00
0.00
0.00
0.00
0.00
0.00
0.00
0.00
0.00
0.00
0.00
0.00
0.00
0.00
0.00
0.00
0.00
0.00
0.00
0.00
0.00
0.00
0.00
0.00
0.00
0.00
0.00
0.00
0.00
0.00
0.00
0.00
0.00
0.00
0.00
0.00
0.00
0.00
0.00
0.00
0.00
0.00
0.00
0.00
0.00
0.00
0.00
0.00
0.00
0.00
0.00
0.00
0.00
0.00
0.00
0.00
0.00
0.00
0.00
0.00
0.00
0.00
0.00
0.00
0.00
0.00
0.00
0.00
0.00
0.00
0.00
0.00
0.00
0.00
0.00
0.00
0.00
0.00
0.00
0.00
0.00
0.00
0.00
0.00
0.00
0.00
0.00
0.00
0.00
0.00
0.00
0.00
-391.76
-391.76
0.00
0.00
0.00
-391.76
-391.76
-783.53
-783.53
-1175.29
-1958.82
-1567.06
-1175.29
-1175.29
-783.53
-1175.29
-1567.06
-1958.82
-2350.58
-2742.35
-3525.88
-3917.64
-4701.17
-5876.46
-7051.75
-8227.04
-9010.57
-9402.34
-10185.86
-10969.39
-12144.68
-12536.45
-13319.97
-14103.50
-14887.03
-15670.56
-17237.61
-18804.67
-19979.96
-21547.02
-22722.31
-23897.60
-25464.66
-27031.71
-28207.01
-29774.06
-30949.35
-31732.88
-32908.17
-33691.70
-34866.99
-36042.28
-36825.81
-38001.10
-39568.16
-40743.45
-42310.51
-43485.80
-44661.09
-46228.15
-47403.44
-48578.73
-49754.02
-50929.32
-51712.84
-52496.37
-53279.90
-54063.43
-54846.95
-55238.72
-55630.48
-56414.01
-57197.54
-57981.07
-59156.36
-60331.65
-61115.18
-62290.47
-63465.76
-64249.29
-65424.58
-66208.11
-66991.64
-68166.93
-68558.69
-68950.46
-69733.99
-70125.75
-70517.51
-70909.28
-71301.04
-71692.80
-72084.57
-72868.10
-73651.62
-74435.15
-75218.68
-76002.21
-76785.74
-77569.26
-78352.79
-78744.56
-79136.32
-79528.08
-79919.85
-80311.61
-80703.38
-81095.14
-81095.14
-81095.14
-81486.90
-81878.67
-82270.43
-82662.20
-83053.96
-83837.49
-84229.25
-84621.02
-85404.54
-85796.31
-86188.07
-86579.84
-86579.84
-86971.60
-86971.60
-87363.36
-87363.36
-87755.13
-87755.13
-87755.13
-88146.89
-88146.89
-88538.66
-88930.42
-88930.42
-89322.18
-89713.95
-90105.71
-90497.48
-90889.24
-91281.00
-91281.00
-91281.00
-91672.77
-91672.77
-91672.77
-92064.53
-92064.53
-92064.53
-92064.53
-92456.29
-92456.29
-92848.06
-92848.06
-93239.82
-93239.82
-93631.59
-94023.35
-94023.35
-94415.11
-94415.11
-94806.88
-94806.88
-94806.88
-94806.88
-94806.88
-94806.88
-95198.64
-95198.64
-95198.64
-95198.64
-95198.64
-95590.41
-95590.41
-95982.17
-95982.17
-95982.17
-96373.93
-96373.93
-96373.93
-96765.70
-96765.70
-96765.70
-96765.70
-96765.70
-96765.70
-96765.70
-97157.46
-97157.46
-97157.46
-97157.46
-97157.46
-97157.46
-97549.23
-97549.23
-97549.23
-97940.99
-97940.99
-97940.99
-97940.99
-97940.99
-97940.99
-98332.75
-98332.75
-98332.75
-98332.75
-98332.75
-98332.75
-98332.75
-98332.75
-98332.75
-98332.75
-98332.75
-98724.52
-98724.52
-98724.52
-98724.52
-98724.52
-98724.52
-98724.52
-98724.52
-98724.52
-98724.52
-98724.52
-98724.52
-98724.52
-99116.28
-99116.28
-98724.52
-99116.28
-99116.28
-99116.28
-99116.28
-99116.28
-99116.28
-99116.28
-99116.28
-99116.28
-99116.28
-99508.05
-99508.05
-99508.05
-99508.05
-99508.05
-99508.05
-99508.05
-99508.05
-99508.05
-99508.05
-99508.05
-99508.05
-99508.05
-99508.05
-99508.05
-99508.05
-99508.05
-99508.05
-99508.05
-99508.05
-99508.05
-99508.05
-99508.05
-99508.05
-99508.05
-99508.05
-99508.05
-99508.05
-99508.05
-99508.05
-99508.05
-99508.05
-99508.05
-99508.05
-99508.05
-99899.81
-99899.81
-99899.81
-99899.81
-99899.81
-99899.81
-99899.81
-99899.81
-99899.81
-99899.81
-99899.81
-99899.81
-99899.81
-99899.81
-99899.81
-99899.81
-99899.81
-99899.81
-99899.81
-99899.81
-99899.81
-99899.81
-99899.81
-99899.81
-99899.81
-99899.81
-99899.81
-99899.81
-99899.81
-99899.81
-99899.81
-99899.81
-99899.81
-99508.05
-99508.05
-99508.05
-99899.81
-99899.81
-99899.81
-99899.81
-99508.05
-99508.05
-99508.05
-99508.05
-99508.05
-99508.05
-99508.05
-99508.05
-99508.05
-99508.05
-99508.05
-99508.05
-99508.05
-99508.05
-99508.05
-99508.05
-99508.05
-99508.05
-99508.05
-99508.05
-99508.05
-99508.05
-99508.05
-99508.05
-99508.05
-99508.05
-99508.05
-99508.05
-99508.05
-99508.05
-99508.05
-99508.05
-99508.05
-99508.05
-99508.05
-99508.05
-99508.05
-99508.05
-99508.05
-99508.05
-99508.05
-99116.28
-99116.28
-99116.28
-99116.28
-99116.28
-99116.28
-99116.28
-99116.28
-99116.28
-99116.28
-99116.28
-99116.28
-99116.28
-99116.28
-99116.28
-99116.28
-99116.28
-99116.28
-99116.28
-99116.28
-99116.28
-99116.28
-99116.28
-99116.28
-99116.28
-99116.28
-99116.28
-99116.28
-99116.28
-99116.28
-99116.28
-99116.28
-99116.28
-98724.52
-99116.28
-99116.28
-99116.28
-99116.28
-99116.28
-99116.28
-98724.52
-98724.52
-98724.52
-98724.52
-98724.52
-98724.52
-98724.52
-98724.52
-98724.52
-98724.52
-98724.52
-98724.52
-98724.52
-98724.52
-98724.52
-98724.52
-98724.52
-98724.52
-98724.52
-98724.52
-98724.52
-98724.52
-98724.52
-98724.52
-98724.52
-98724.52
-98724.52
-98724.52
-98724.52
-98724.52
-98724.52
-98724.52
-98724.52
-98332.75
-98724.52
-98724.52
-98332.75
-98332.75
-98724.52
-98724.52
-98332.75
-98332.75
-98332.75
-98332.75
-98332.75
-98332.75
-98332.75
-98332.75
-98332.75
-98332.75
-98332.75
-98332.75
-98332.75
-98332.75
-98332.75
-98332.75
-98332.75
-98332.75
-98332.75
-98332.75
-98332.75
-97940.99
-97940.99
-98332.75
-98332.75
-97940.99
-97940.99
-97940.99
-97940.99
-97940.99
-97940.99
-97940.99
-97940.99
-97940.99
-97940.99
-97940.99
-97940.99
-97940.99
-97940.99
-97940.99
-97940.99
-97940.99
-97940.99
-97940.99
-97940.99
-97940.99
-97940.99
-97940.99
-97940.99
-97940.99
-97940.99
-97940.99
-97940.99
-97940.99
-97940.99
-97549.23
-97940.99
-97940.99
-97549.23
-97549.23
-97549.23
-97549.23
-97549.23
-97549.23
-97549.23
-97549.23
-97549.23
-97549.23
-97549.23
-97549.23
-97549.23
-97549.23
-97549.23
-97549.23
-97549.23
-97549.23
-97549.23
-97549.23
-97549.23
-97549.23
-97549.23
-97549.23
-97549.23
-97549.23
-97549.23
-97549.23
-97549.23
-97549.23
-97549.23
-97549.23
-97549.23
-97157.46
-97157.46
-97157.46
-97157.46
-97157.46
-97157.46
-97157.46
-97157.46
-97157.46
-97157.46
-97157.46
-97157.46
-97157.46
-97157.46
-97157.46
-97157.46
-97157.46
-97157.46
-97157.46
-97157.46
-97157.46
-97157.46
-97157.46
-97157.46
-97157.46
-97157.46
-97157.46
-97157.46
-96765.70
-96765.70
-96765.70
-96765.70
-96765.70
-96765.70
-96765.70
-96765.70
-96765.70
-96765.70
-96765.70
-96765.70
-96765.70
-96765.70
-96765.70
-96765.70
-96765.70
-96765.70
-96765.70
-96765.70
-96765.70
-96765.70
-96765.70
-96765.70
-96765.70
-96765.70
-96765.70
-96373.93
-96373.93
-96373.93
-96373.93
-96373.93
-96373.93
-96373.93
-96373.93
-96373.93
-96373.93
-96373.93
-96373.93
-96373.93
-96373.93
-96373.93
-96373.93
-96373.93
-96373.93
-96373.93
-96373.93
-96373.93
-96373.93
-96373.93
-96373.93
-95982.17
-96373.93
-96373.93
-96373.93
-95982.17
-95982.17
-95982.17
-95982.17
-95982.17
-95982.17
-95982.17
-95982.17
-95982.17
-95982.17
-95982.17
-95982.17
-95982.17
-95982.17
-95982.17
-95982.17
-95982.17
-95982.17
-95982.17
-95982.17
-95982.17
-95982.17
-95982.17
-95982.17
-95982.17
-95982.17
-95590.41
-95590.41
-95590.41
-95590.41
-95590.41
-95590.41
-95590.41
-95590.41
-95590.41
-95590.41
-95590.41
-95590.41
-95590.41
-95590.41
-95590.41
-95590.41
-95590.41
-95590.41
-95590.41
-95590.41
-95590.41
-95590.41
-95590.41
-95590.41
-95590.41
-95590.41
-95590.41
-95590.41
-95590.41
-95590.41
-95198.64
-95198.64
-95198.64
-95198.64
-95198.64
-95198.64
-95198.64
-95198.64
-95198.64
-95198.64
-95198.64
-95198.64
-95198.64
-95198.64
-95198.64
-95198.64
-95198.64
-95198.64
-95198.64
-95198.64
-95198.64
-95198.64
-95198.64
-95198.64
-95198.64
-95198.64
-95198.64
-95198.64
-95198.64
-95198.64
-95198.64
-94806.88
-94806.88
-94806.88
-94806.88
-94806.88
-94806.88
-94806.88
-94806.88
-94806.88
-94806.88
-94806.88
-94806.88
-94806.88
-94806.88
-94806.88
-94806.88
-94806.88
-94806.88
-94806.88
-94806.88
-94806.88
-94806.88
-94806.88
-94806.88
-94806.88
-94806.88
-94806.88
-94806.88
-94806.88
-94415.11
-94806.88
-94806.88
-94415.11
-94415.11
-94415.11
-94415.11
-94415.11
-94415.11
-94415.11
-94415.11
-94415.11
-94415.11
-94415.11
-94415.11
-94415.11
-94415.11
-94415.11
-94415.11
-94415.11
-94415.11
-94415.11
-94415.11
-94415.11
-94415.11
-94415.11
-94415.11
-94415.11
-94415.11
-94023.35
-94023.35
-94023.35
-94415.11
-94023.35
-94023.35
-94415.11
-94023.35
-94023.35
-94023.35
-94023.35
-94023.35
-94023.35
-94023.35
-94023.35
-94023.35
-94023.35
-94023.35
-94023.35
-94023.35
-94023.35
-94023.35
-94023.35
-94023.35
-94023.35
-94023.35
-94023.35
-94023.35
-94023.35
-93631.59
-93631.59
-93631.59
-93631.59
-93631.59
-93631.59
-93631.59
-93631.59
-93631.59
-93631.59
-93631.59
-93631.59
-93631.59
-93631.59
-93631.59
-93631.59
-93631.59
-93631.59
-93631.59
-93631.59
-93631.59
-93631.59
-93631.59
-93631.59
-93631.59
-93631.59
-93239.82
-93239.82
-93239.82
-93631.59
-93631.59
-93239.82
-93239.82
-93239.82
-93239.82
-93239.82
-93239.82
-93239.82
-93239.82
-93239.82
-93239.82
-93239.82
-93239.82
-93239.82
-93239.82
-93239.82
-93239.82
-93239.82
-93239.82
-93239.82
-93239.82
-93239.82
-93239.82
-93239.82
-92848.06
-92848.06
-92848.06
-92848.06
-92848.06
-92848.06
-92848.06
-92848.06
-92848.06
-92848.06
-92848.06
-92848.06
-92848.06
-92848.06
-92848.06
-92848.06
-92848.06
-92848.06
-92848.06
-92848.06
-92848.06
-92848.06
-92848.06
-92848.06
-92848.06
-92456.29
-92456.29
-92456.29
-92456.29
-92456.29
-92456.29
-92456.29
-92456.29
-92456.29
-92456.29
-92456.29
-92456.29
-92456.29
-92456.29
-92456.29
-92456.29
-92456.29
-92456.29
-92456.29
-92456.29
-92456.29
-92456.29
-92456.29
-92456.29
-92456.29
-92456.29
-92456.29
-92456.29
-92456.29
-92456.29
-92064.53
-92456.29
-92456.29
-92064.53
-92456.29
-92456.29
-92064.53
-92064.53
-92064.53
-92064.53
-92064.53
-92064.53
-92064.53
-92064.53
-92064.53
-92064.53
-92064.53
-92064.53
-92064.53
-92064.53
-92064.53
-92064.53
-92064.53
-92064.53
-92064.53
-92064.53
-92064.53
-92064.53
-92064.53
-92064.53
-91672.77
-92064.53
-92064.53
-91672.77
-92064.53
-92064.53
-91672.77
-91672.77
-91672.77
-91672.77
-91672.77
-91672.77
-91672.77
-91672.77
-91672.77
-91672.77
-91672.77
-91672.77
-91672.77
-91672.77
-91672.77
-91672.77
-91672.77
-91672.77
-91672.77
-91672.77
-91672.77
-91672.77
-91672.77
-91281.00
-91281.00
-91672.77
-91672.77
-91281.00
-91281.00
-91281.00
-91281.00
-91281.00
-91281.00
-91281.00
-91281.00
-91281.00
-91281.00
-91281.00
-91281.00
-91281.00
-91281.00
-91281.00
-91281.00
-91281.00
-91281.00
-91281.00
-91281.00
-91281.00
-91281.00
-91281.00
-91281.00
-91281.00
-91281.00
-90889.24
-90889.24
-90889.24
-90889.24
-90889.24
-90889.24
-90889.24
-90889.24
-90889.24
-90889.24
-90889.24
-90889.24
-90889.24
-90889.24
-90889.24
-90889.24
-90889.24
-90889.24
-90889.24
-90889.24
-90889.24
-90889.24
-90889.24
-90889.24
-90889.24
-90889.24
-90889.24
-90889.24
-90889.24
-90889.24
-90889.24
-90889.24
-90889.24
-90497.48
-90497.48
-90497.48
-90497.48
-90497.48
-90497.48
-90497.48
-90497.48
-90497.48
-90497.48
-90497.48
-90497.48
-90497.48
-90497.48
-90497.48
-90497.48
-90497.48
-90497.48
-90497.48
-90497.48
-90497.48
-90497.48
-90497.48
-90497.48
-90497.48
-90497.48
-90497.48
-90105.71
-90105.71
-90105.71
-90105.71
-90105.71
-90105.71
-90105.71
-90105.71
-90105.71
-90105.71
-90105.71
-90105.71
-90105.71
-90105.71
-90105.71
-90105.71
-90105.71
-90105.71
-90105.71
-90105.71
-90105.71
-90105.71
-90105.71
-90105.71
-90105.71
-90105.71
-90105.71
-90105.71
-90105.71
-90105.71
-89713.95
-89713.95
-89713.95
-89713.95
-89713.95
-89713.95
-89713.95
-89713.95
-89713.95
-89713.95
-89713.95
-89713.95
-89713.95
-89713.95
-89713.95
-89713.95
-89713.95
-89713.95
-89713.95
-89713.95
-89713.95
-89713.95
-89713.95
-89713.95
-89322.18
-89322.18
-89322.18
-89322.18
-89322.18
-89322.18
-89322.18
-89322.18
-89322.18
-89322.18
-89322.18
-89322.18
-89322.18
-89322.18
-89322.18
-89322.18
-89322.18
-89322.18
-89322.18
-89322.18
-89322.18
-89322.18
-89322.18
-89322.18
-89322.18
-88930.42
-89322.18
-89322.18
-88930.42
-88930.42
-88930.42
-88930.42
-88930.42
-88930.42
-88930.42
-88930.42
-88930.42
-88930.42
-88930.42
-88930.42
-88930.42
-88930.42
-88930.42
-88930.42
-88930.42
-88930.42
-88930.42
-88930.42
-88930.42
-88930.42
-88930.42
-88930.42
-88930.42
-88930.42
-88930.42
-88538.66
-88930.42
-88930.42
-88538.66
-88538.66
-88538.66
-88538.66
-88538.66
-88538.66
-88538.66
-88538.66
-88538.66
-88538.66
-88538.66
-88538.66
-88538.66
-88538.66
-88538.66
-88538.66
-88538.66
-88538.66
-88538.66
-88538.66
-88538.66
-88538.66
-88538.66
-88538.66
-88538.66
-88538.66
-88538.66
-88538.66
-88538.66
-88538.66
-88538.66
-88538.66
-88146.89
-88146.89
-88146.89
-88146.89
-88146.89
-88146.89
-88146.89
-88146.89
-88146.89
-88146.89
-88146.89
-88146.89
-88146.89
-88146.89
-88146.89
-88146.89
-88146.89
-88146.89
-88146.89
-88146.89
-88146.89
-88146.89
-88146.89
-88146.89
-88146.89
-88146.89
-88146.89
-88146.89
-88146.89
-87755.13
-87755.13
-87755.13
-87755.13
-87755.13
-87755.13
-87755.13
-87755.13
-87755.13
-87755.13
-87755.13
-87755.13
-87755.13
-87755.13
-87755.13
-87755.13
-87755.13
-87755.13
-87755.13
-87755.13
-87755.13
-87755.13
-87755.13
-87755.13
-87755.13
-87755.13
-87755.13
-87755.13
-87755.13
-87755.13
-87363.36
-87363.36
-87363.36
-87755.13
-87363.36
-87363.36
-87363.36
-87363.36
-87363.36
-87363.36
-87363.36
-87363.36
-87363.36
-87363.36
-87363.36
-87363.36
-87363.36
-87363.36
-87363.36
-87363.36
-87363.36
-87363.36
-87363.36
-87363.36
-87363.36
-87363.36
-87363.36
-87363.36
-87363.36
-87363.36
-87363.36
-87363.36
-87363.36
-86971.60
-86971.60
-86971.60
-87363.36
-86971.60
-86971.60
-86971.60
-86971.60
-86971.60
-86971.60
-86971.60
-86971.60
-86971.60
-86971.60
-86971.60
-86971.60
-86971.60
-86971.60
-86971.60
-86971.60
-86971.60
-86971.60
-86971.60
-86971.60
-86971.60
-86971.60
-86971.60
-86971.60
-86971.60
-86971.60
-86579.84
-86579.84
-86579.84
-86579.84
-86579.84
-86579.84
-86579.84
-86579.84
-86579.84
-86579.84
-86579.84
-86579.84
-86579.84
-86579.84
-86579.84
-86579.84
-86579.84
-86579.84
-86579.84
-86579.84
-86579.84
-86579.84
-86188.07
-86188.07
-86188.07
-86188.07
-86188.07
-86188.07
-86188.07
-86188.07
-86188.07
-86188.07
-86188.07
-86188.07
-86188.07
-86188.07
-86188.07
-86188.07
-86188.07
-86188.07
-86188.07
-86188.07
-86188.07
-86188.07
-86188.07
-86188.07
-86188.07
-86188.07
-86188.07
-86188.07
-86188.07
-85796.31
-86188.07
-86188.07
-86188.07
-85796.31
-85796.31
-85796.31
-85796.31
-85796.31
-85796.31
-85796.31
-85796.31
-85796.31
-85796.31
-85796.31
-85796.31
-85796.31
-85796.31
-85796.31
-85796.31
-85796.31
-85796.31
-85796.31
-85796.31
-85796.31
-85796.31
-85796.31
-85796.31
-85796.31
-85796.31
-85796.31
-85796.31
-85796.31
-85796.31
-85404.54
-85796.31
-85796.31
-85404.54
-85404.54
-85404.54
-85404.54
-85404.54
-85404.54
-85404.54
-85404.54
-85404.54
-85404.54
-85404.54
-85404.54
-85404.54
-85404.54
-85404.54
-85404.54
-85404.54
-85404.54
-85404.54
-85404.54
-85404.54
-85404.54
-85404.54
-85404.54
-85404.54
-85404.54
-85012.78
-85012.78
-85012.78
-85012.78
-85012.78
-85012.78
-85012.78
-85012.78
-85012.78
-85012.78
-85012.78
-85012.78
-85012.78
-85012.78
-85012.78
-85012.78
-85012.78
-85012.78
-85012.78
-85012.78
-85012.78
-85012.78
-85012.78
-85012.78
-85012.78
-85012.78
-85012.78
-85012.78
-85012.78
-85012.78
-85012.78
-85012.78
-84621.02
-84621.02
-84621.02
-84621.02
-84621.02
-84621.02
-84621.02
-84621.02
-84621.02
-84621.02
-84621.02
-84621.02
-84621.02
-84621.02
-84621.02
-84621.02
-84621.02
-84621.02
-84621.02
-84621.02
-84621.02
-84621.02
-84621.02
-84621.02
-84621.02
-84621.02
-84621.02
-84621.02
-84621.02
-84621.02
-84621.02
-84621.02
-84621.02
-84229.25
-84229.25
-84229.25
-84229.25
-84229.25
-84229.25
-84229.25
-84229.25
-84229.25
-84229.25
-84229.25
-84229.25
-84229.25
-84229.25
-84229.25
-84229.25
-84229.25
-84229.25
-84229.25
-84229.25
-84229.25
-84229.25
-84229.25
-84229.25
-84229.25
-84229.25
-84229.25
-84229.25
-83837.49
-83837.49
-83837.49
-83837.49
-83837.49
-83837.49
-84229.25
-83837.49
-83837.49
-83837.49
-83837.49
-83837.49
-83837.49
-83837.49
-83837.49
-83837.49
-83837.49
-83837.49
-83837.49
-83837.49
-83837.49
-83837.49
-83837.49
-83837.49
-83837.49
-83837.49
-83837.49
-83837.49
-83837.49
-83837.49
-83837.49
-83837.49
-83837.49
-83445.72
-83445.72
-83445.72
-83837.49
-83445.72
-83445.72
-83445.72
-83445.72
-83445.72
-83445.72
-83445.72
-83445.72
-83445.72
-83445.72
-83445.72
-83445.72
-83445.72
-83445.72
-83445.72
-83445.72
-83445.72
-83445.72
-83445.72
-83445.72
-83445.72
-83445.72
-83445.72
-83445.72
-83053.96
-83053.96
-83053.96
-83053.96
-83053.96
-83053.96
-83053.96
-83053.96
-83053.96
-83053.96
-83053.96
-83053.96
-83053.96
-83053.96
-83053.96
-83053.96
-83053.96
-83053.96
-83053.96
-83053.96
-83053.96
-83053.96
-83053.96
-83053.96
-83053.96
-83053.96
-83053.96
-83053.96
-83053.96
-83053.96
-82662.20
-82662.20
-82662.20
-82662.20
-82662.20
-82662.20
-82662.20
-82662.20
-82662.20
-82662.20
-82662.20
-82662.20
-82662.20
-82662.20
-82662.20
-82662.20
-82662.20
-82662.20
-82662.20
-82662.20
-82662.20
-82662.20
-82662.20
-82662.20
-82662.20
-82662.20
-82662.20
-82662.20
-82662.20
-82662.20
-82270.43
-82662.20
-82662.20
-82270.43
-82270.43
-82270.43
-82270.43
-82270.43
-82270.43
-82270.43
-82270.43
-82270.43
-82270.43
-82270.43
-82270.43
-82270.43
-82270.43
-82270.43
-82270.43
-82270.43
-82270.43
-82270.43
-82270.43
-82270.43
-82270.43
-82270.43
-82270.43
-82270.43
-82270.43
-82270.43
-82270.43
-82270.43
-82270.43
-81878.67
-81878.67
-82270.43
-81878.67
-81878.67
-81878.67
-81878.67
-81878.67
-81878.67
-81878.67
-81878.67
-81878.67
-81878.67
-81878.67
-81878.67
-81878.67
-81878.67
-81878.67
-81878.67
-81878.67
-81878.67
-81878.67
-81878.67
-81878.67
-81878.67
-81878.67
-81878.67
-81878.67
-81878.67
-81878.67
-81486.90
-81486.90
-81878.67
-81486.90
-81486.90
-81878.67
-81878.67
-81486.90
-81878.67
-81878.67
-81486.90
-81486.90
-81486.90
-81486.90
-81486.90
-81486.90
-81486.90
-81486.90
-81486.90
-81486.90
-81486.90
-81486.90
-81486.90
-81486.90
-81486.90
-81486.90
-81486.90
-81486.90
-81486.90
-81486.90
-81486.90
-81486.90
-81486.90
-81095.14
-81095.14
-81486.90
-81095.14
-81095.14
-81095.14
-81486.90
-81095.14
-81095.14
-81486.90
-81095.14
-81095.14
-81095.14
-81095.14
-81095.14
-81095.14
-81095.14
-81095.14
-81095.14
-81095.14
-81095.14
-81095.14
-81095.14
-81095.14
-81095.14
-81095.14
-81095.14
-81095.14
-81095.14
-81095.14
-81095.14
-81095.14
-81095.14
-80703.38
-80703.38
-80703.38
-81095.14
-80703.38
-80703.38
-80703.38
-80703.38
-80703.38
-81095.14
-80703.38
-80703.38
-80703.38
-80703.38
-80703.38
-80703.38
-80703.38
-80703.38
-80703.38
-80703.38
-80703.38
-80703.38
-80703.38
-80703.38
-80703.38
-80703.38
-80703.38
-80703.38
-80703.38
-80703.38
-80703.38
-80703.38
-80311.61
-80311.61
-80311.61
-80311.61
-80311.61
-80311.61
-80311.61
-80311.61
-80311.61
-80311.61
-80311.61
-80311.61
-80311.61
-80311.61
-80311.61
-80311.61
-80311.61
-80311.61
-80311.61
-80311.61
-80311.61
-80311.61
-80311.61
-80311.61
-80311.61
-80311.61
-80311.61
-80311.61
-79919.85
-79919.85
-79919.85
-79919.85
-79919.85
-79919.85
-79919.85
-79919.85
-79919.85
-79919.85
-79919.85
-79919.85
-79919.85
-79919.85
-79919.85
-79919.85
-79919.85
-79919.85
-79919.85
-79919.85
-79919.85
-79919.85
-79919.85
-79919.85
-79919.85
-79919.85
-79528.08
-79919.85
-79919.85
-79919.85
-79919.85
-79919.85
-79919.85
-79919.85
-79919.85
-79919.85
-79528.08
-79528.08
-79528.08
-79528.08
-79528.08
-79528.08
-79528.08
-79528.08
-79528.08
-79528.08
-79528.08
-79528.08
-79528.08
-79528.08
-79528.08
-79528.08
-79528.08
-79528.08
-79528.08
-79528.08
-79528.08
-79528.08
-79528.08
-79528.08
-79528.08
-79528.08
-79528.08
-79528.08
-79136.32
-79136.32
-79136.32
-79136.32
-79136.32
-79528.08
-79528.08
-79136.32
-79136.32
-79136.32
-79136.32
-79136.32
-79136.32
-79136.32
-79136.32
-79136.32
-79136.32
-79136.32
-79136.32
-79136.32
-79136.32
-79136.32
-79136.32
-79136.32
-79136.32
-79136.32
-79136.32
-79136.32
-79136.32
-79136.32
-79136.32
-79136.32
-79136.32
-79136.32
-78744.56
-79136.32
-79136.32
-78744.56
-79136.32
-79136.32
-78744.56
-78744.56
-78744.56
-78744.56
-78744.56
-78744.56
-78744.56
-78744.56
-78744.56
-78744.56
-78744.56
-78744.56
-78744.56
-78744.56
-78744.56
-78744.56
-78744.56
-78744.56
-78744.56
-78744.56
-78744.56
-78744.56
-78744.56
-78744.56
-78744.56
-78744.56
-78744.56
-78744.56
-78744.56
-78744.56
-78352.79
-78352.79
-78352.79
-78352.79
-78352.79
-78352.79
-78352.79
-78352.79
-78352.79
-78352.79
-78352.79
-78352.79
-78352.79
-78352.79
-78352.79
-78352.79
-78352.79
-78352.79
-78352.79
-78352.79
-78352.79
-78352.79
-78352.79
-78352.79
-78352.79
-78352.79
-78352.79
-78352.79
-78352.79
-78352.79
-78352.79
-78352.79
-78352.79
-77961.03
-77961.03
-78352.79
-77961.03
-77961.03
-77961.03
-77961.03
-77961.03
-77961.03
-77961.03
-77961.03
-77961.03
-77961.03
-77961.03
-77961.03
-77961.03
-77961.03
-77961.03
-77961.03
-77961.03
-77961.03
-77961.03
-77961.03
-77961.03
-77961.03
-77961.03
-77961.03
-77961.03
-77961.03
-77961.03
-77961.03
-77961.03
-77961.03
-77569.26
-77569.26
-77569.26
-77961.03
-77569.26
-77569.26
-77569.26
-77569.26
-77569.26
-77569.26
-77569.26
-77569.26
-77569.26
-77569.26
-77569.26
-77569.26
-77569.26
-77569.26
-77569.26
-77569.26
-77569.26
-77569.26
-77569.26
-77569.26
-77569.26
-77569.26
-77569.26
-77569.26
-77569.26
-77569.26
-77569.26
-77569.26
-77569.26
-77569.26
-77569.26
-77569.26
-77569.26
-77177.50
-77177.50
-77177.50
-77177.50
-77177.50
-77177.50
-77177.50
-77177.50
-77177.50
-77177.50
-77177.50
-77177.50
-77177.50
-77177.50
-77177.50
-77177.50
-77177.50
-77177.50
-77177.50
-77177.50
-77177.50
-77177.50
-77177.50
-77177.50
-76785.74
-77177.50
-77177.50
-77177.50
-76785.74
-76785.74
-76785.74
-76785.74
-76785.74
-76785.74
-76785.74
-76785.74
-76785.74
-76785.74
-76785.74
-76785.74
-76785.74
-76785.74
-76785.74
-76785.74
-76785.74
-76785.74
-76785.74
-76785.74
-76785.74
-76785.74
-76785.74
-76785.74
-76785.74
-76785.74
-76785.74
-76785.74
-76785.74
-76785.74
-76785.74
-76785.74
-76785.74
-76785.74
-76785.74
-76785.74
-76393.97
-76393.97
-76393.97
-76393.97
-76393.97
-76393.97
-76393.97
-76393.97
-76393.97
-76393.97
-76393.97
-76393.97
-76393.97
-76393.97
-76393.97
-76393.97
-76393.97
-76393.97
-76393.97
-76393.97
-76393.97
-76393.97
-76393.97
-76393.97
-76393.97
-76002.21
-76393.97
-76393.97
-76002.21
-76002.21
-76002.21
-76002.21
-76002.21
-76002.21
-76002.21
-76002.21
-76002.21
-76002.21
-76002.21
-76002.21
-76002.21
-76002.21
-76002.21
-76002.21
-76002.21
-76002.21
-76002.21
-76002.21
-76002.21
-76002.21
-76002.21
-76002.21
-76002.21
-76002.21
-76002.21
-76002.21
-76002.21
-76002.21
-76002.21
-76002.21
-76002.21
-76002.21
-75610.44
-76002.21
-76002.21
-75610.44
-75610.44
-75610.44
-75610.44
-75610.44
-75610.44
-75610.44
-75610.44
-75610.44
-75610.44
-75610.44
-75610.44
-75610.44
-75610.44
-75610.44
-75610.44
-75610.44
-75610.44
-75610.44
-75610.44
-75610.44
-75610.44
-75610.44
-75610.44
-75610.44
-75610.44
-75610.44
-75610.44
-75610.44
-75610.44
-75610.44
-75610.44
-75610.44
-75218.68
-75218.68
-75610.44
-75218.68
-75218.68
-75610.44
-75610.44
-75218.68
-75218.68
-75218.68
-75218.68
-75218.68
-75218.68
-75218.68
-75218.68
-75218.68
-75218.68
-75218.68
-75218.68
-75218.68
-75218.68
-75218.68
-75218.68
-75218.68
-75218.68
-75218.68
-75218.68
-75218.68
-75218.68
-75218.68
-75218.68
-75218.68
-75218.68
-75218.68
-75218.68
-74826.92
-74826.92
-75218.68
-74826.92
-74826.92
-74826.92
-74826.92
-74826.92
-74826.92
-74826.92
-74826.92
-74826.92
-74826.92
-74826.92
-74826.92
-74826.92
-74826.92
-74826.92
-74826.92
-74826.92
-74826.92
-74826.92
-74826.92
-74826.92
-74826.92
-74826.92
-74826.92
-74826.92
-74826.92
-74826.92
-74826.92
-74826.92
-74826.92
-74826.92
-74826.92
-74826.92
-74435.15
-74435.15
-74435.15
-74826.92
-74435.15
-74435.15
-74435.15
-74435.15
-74435.15
-74435.15
-74435.15
-74435.15
-74435.15
-74435.15
-74435.15
-74435.15
-74435.15
-74435.15
-74435.15
-74435.15
-74435.15
-74435.15
-74435.15
-74435.15
-74435.15
-74435.15
-74435.15
-74435.15
-74435.15
-74435.15
-74435.15
-74435.15
-74435.15
-74435.15
-74435.15
-74435.15
-74435.15
-74435.15
-74435.15
-74435.15
-74043.39
-74043.39
-74043.39
-74043.39
-74043.39
-74043.39
-74043.39
-74043.39
-74043.39
-74043.39
-74043.39
-74043.39
-74043.39
-74043.39
-74043.39
-74043.39
-74043.39
-74043.39
-74043.39
-74043.39
-74043.39
-74043.39
-74043.39
-74043.39
-74043.39
-74043.39
-74043.39
-74043.39
-74043.39
-74043.39
-74043.39
-74043.39
-74043.39
-73651.62
-73651.62
-73651.62
-73651.62
-73651.62
-73651.62
-73651.62
-73651.62
-73651.62
-73651.62
-73651.62
-73651.62
-73651.62
-73651.62
-73651.62
-73651.62
-73651.62
-73651.62
-73651.62
-73651.62
-73651.62
-73651.62
-73651.62
-73651.62
-73651.62
-73651.62
-73651.62
-73651.62
-73259.86
-73259.86
-73259.86
-73259.86
-73259.86
-73259.86
-73259.86
-73259.86
-73259.86
-73259.86
-73259.86
-73259.86
-73259.86
-73259.86
-73259.86
-73259.86
-73259.86
-73259.86
-73259.86
-73259.86
-73259.86
-73259.86
-73259.86
-73259.86
-73259.86
-73259.86
-73259.86
-73259.86
-73259.86
-73259.86
-72868.10
-73259.86
-73259.86
-72868.10
-72868.10
-72868.10
-72868.10
-72868.10
-72868.10
-72868.10
-72868.10
-72868.10
-72868.10
-72868.10
-72868.10
-72868.10
-72868.10
-72868.10
-72868.10
-72868.10
-72868.10
-72868.10
-72868.10
-72868.10
-72868.10
-72868.10
-72868.10
-72868.10
-72868.10
-72868.10
-72868.10
-72868.10
-72868.10
-72868.10
-72868.10
-72868.10
-72868.10
-72476.33
-72868.10
-72868.10
-72476.33
-72868.10
-72868.10
-72476.33
-72868.10
-72868.10
-72868.10
-72476.33
-72868.10
-72476.33
-72476.33
-72476.33
-72476.33
-72476.33
-72476.33
-72476.33
-72476.33
-72476.33
-72476.33
-72476.33
-72476.33
-72476.33
-72476.33
-72476.33
-72476.33
-72476.33
-72476.33
-72476.33
-72476.33
-72476.33
-72476.33
-72476.33
-72476.33
-72476.33
-72476.33
-72476.33
-72476.33
-72476.33
-72476.33
-72476.33
-72084.57
-72476.33
-72476.33
-72084.57
-72084.57
-72084.57
-72084.57
-72084.57
-72084.57
-72084.57
-72084.57
-72084.57
-72084.57
-72084.57
-72084.57
-72084.57
-72084.57
-72084.57
-72084.57
-72084.57
-72084.57
-72084.57
-72084.57
-72084.57
-72084.57
-72084.57
-72084.57
-72084.57
-72084.57
-72084.57
-72084.57
-71692.80
-71692.80
-72084.57
-72084.57
-71692.80
-71692.80
-71692.80
-71692.80
-71692.80
-71692.80
-71692.80
-71692.80
-71692.80
-71692.80
-71692.80
-71692.80
-71692.80
-71692.80
-71692.80
-71692.80
-71692.80
-71692.80
-71692.80
-71692.80
-71692.80
-71692.80
-71692.80
-71692.80
-71692.80
-71692.80
-71692.80
-71692.80
-71692.80
-71692.80
-71692.80
-71692.80
-71692.80
-71692.80
-71692.80
-71692.80
-71301.04
-71301.04
-71301.04
-71301.04
-71301.04
-71301.04
-71301.04
-71301.04
-71301.04
-71301.04
-71301.04
-71301.04
-71301.04
-71301.04
-71301.04
-71301.04
-71301.04
-71301.04
-71301.04
-71301.04
-71301.04
-71301.04
-71301.04
-71301.04
-71301.04
-71301.04
-71301.04
-71301.04
-71301.04
-71301.04
-71301.04
-71301.04
-71301.04
-70909.28
-70909.28
-70909.28
-71301.04
-71301.04
-71301.04
-71301.04
-70909.28
-70909.28
-70909.28
-70909.28
-70909.28
-70909.28
-70909.28
-70909.28
-70909.28
-70909.28
-70909.28
-70909.28
-70909.28
-70909.28
-70909.28
-70909.28
-70909.28
-70909.28
-70909.28
-70909.28
-70909.28
-70909.28
-70909.28
-70909.28
-70909.28
-70909.28
-70909.28
-70909.28
-70909.28
-70909.28
-70909.28
-70909.28
-70909.28
-70909.28
-70909.28
-70517.51
-70517.51
-70517.51
-70517.51
-70517.51
-70517.51
-70517.51
-70517.51
-70517.51
-70517.51
-70517.51
-70517.51
-70517.51
-70517.51
-70517.51
-70517.51
-70517.51
-70517.51
-70517.51
-70517.51
-70517.51
-70517.51
-70517.51
-70517.51
-70125.75
-70517.51
-70517.51
-70517.51
-70125.75
-70125.75
-70125.75
-70125.75
-70125.75
-70125.75
-70125.75
-70125.75
-70125.75
-70125.75
-70125.75
-70125.75
-70125.75
-70125.75
-70125.75
-70125.75
-70125.75
-70125.75
-70125.75
-70125.75
-70125.75
-70125.75
-70125.75
-70125.75
-70125.75
-70125.75
-70125.75
-70125.75
-70125.75
-70125.75
-70125.75
-70125.75
-70125.75
-70125.75
-70125.75
-70125.75
-69733.99
-69733.99
-69733.99
-69733.99
-70125.75
-70125.75
-70125.75
-69733.99
-69733.99
-69733.99
-69733.99
-69733.99
-69733.99
-69733.99
-69733.99
-69733.99
-69733.99
-69733.99
-69733.99
-69733.99
-69733.99
-69733.99
-69733.99
-69733.99
-69733.99
-69733.99
-69733.99
-69733.99
-69733.99
-69733.99
-69733.99
-69733.99
-69733.99
-69733.99
-69733.99
-69733.99
-69733.99
-69733.99
-69733.99
-69733.99
-69342.22
-69342.22
-69342.22
-69342.22
-69342.22
-69342.22
-69342.22
-69342.22
-69342.22
-69342.22
-69342.22
-69342.22
-69342.22
-69342.22
-69342.22
-69342.22
-69342.22
-69342.22
-69342.22
-69342.22
-69342.22
-69342.22
-69342.22
-69342.22
-69342.22
-69342.22
-69342.22
-69342.22
-69342.22
-69342.22
-69342.22
-69342.22
-69342.22
-68950.46
-68950.46
-69342.22
-68950.46
-68950.46
-69342.22
-69342.22
-68950.46
-68950.46
-68950.46
-68950.46
-68950.46
-68950.46
-68950.46
-68950.46
-68950.46
-68950.46
-68950.46
-68950.46
-68950.46
-68950.46
-68950.46
-68950.46
-68950.46
-68950.46
-68950.46
-68950.46
-68950.46
-68950.46
-68950.46
-68950.46
-68950.46
-68950.46
-68950.46
-68950.46
-68950.46
-68950.46
-68950.46
-68950.46
-68950.46
-68558.69
-68558.69
-68558.69
-68558.69
-68558.69
-68558.69
-68558.69
-68558.69
-68558.69
-68558.69
-68558.69
-68558.69
-68558.69
-68558.69
-68558.69
-68558.69
-68558.69
-68558.69
-68558.69
-68558.69
-68558.69
-68558.69
-68558.69
-68558.69
-68558.69
-68558.69
-68558.69
-68558.69
-68558.69
-68558.69
-68558.69
-68558.69
-68558.69
-68558.69
-68558.69
-68558.69
-68558.69
-68558.69
-68558.69
-68558.69
-68166.93
-68166.93
-68558.69
-68166.93
-68166.93
-68558.69
-68166.93
-68166.93
-68166.93
-68166.93
-68166.93
-68166.93
-68166.93
-68166.93
-68166.93
-68166.93
-68166.93
-68166.93
-68166.93
-68166.93
-68166.93
-68166.93
-68166.93
-68166.93
-68166.93
-68166.93
-68166.93
-68166.93
-68166.93
-68166.93
-68166.93
-68166.93
-68166.93
-68166.93
-67775.17
-67775.17
-67775.17
-68166.93
-68166.93
-68166.93
-67775.17
-67775.17
-67775.17
-67775.17
-67775.17
-67775.17
-67775.17
-67775.17
-67775.17
-67775.17
-67775.17
-67775.17
-67775.17
-67775.17
-67775.17
-67775.17
-67775.17
-67775.17
-67775.17
-67775.17
-67775.17
-67775.17
-67775.17
-67775.17
-67775.17
-67775.17
-67775.17
-67775.17
-67775.17
-67775.17
-67775.17
-67775.17
-67775.17
-67775.17
-67775.17
-67775.17
-67775.17
-67775.17
-67775.17
-67775.17
-67775.17
-67383.40
-67383.40
-67383.40
-67383.40
-67383.40
-67383.40
-67383.40
-67383.40
-67383.40
-67383.40
-67383.40
-67383.40
-67383.40
-67383.40
-67383.40
-67383.40
-67383.40
-67383.40
-67383.40
-67383.40
-67383.40
-66991.64
-67383.40
-67383.40
-67383.40
-67383.40
-67383.40
-67383.40
-67383.40
-67383.40
-67383.40
-66991.64
-66991.64
-66991.64
-66991.64
-66991.64
-66991.64
-66991.64
-66991.64
-66991.64
-66991.64
-66991.64
-66991.64
-66991.64
-66991.64
-66991.64
-66991.64
-66991.64
-66991.64
-66991.64
-66991.64
-66991.64
-66991.64
-66991.64
-66991.64
-66991.64
-66991.64
-66991.64
-66991.64
-66991.64
-66991.64
-66991.64
-66991.64
-66991.64
-66991.64
-66991.64
-66991.64
-66991.64
-66991.64
-66991.64
-66991.64
-66599.87
-66599.87
-66599.87
-66599.87
-66599.87
-66599.87
-66599.87
-66599.87
-66599.87
-66599.87
-66599.87
-66599.87
-66599.87
-66599.87
-66599.87
-66599.87
-66599.87
-66599.87
-66599.87
-66599.87
-66599.87
-66599.87
-66599.87
-66599.87
-66599.87
-66599.87
-66599.87
-66599.87
-66599.87
-66599.87
-66599.87
-66599.87
-66599.87
-66599.87
-66599.87
-66208.11
-66208.11
-66208.11
-66208.11
-66208.11
-66208.11
-66208.11
-66208.11
-66208.11
-66208.11
-66208.11
-66208.11
-66208.11
-66208.11
-66208.11
-66208.11
-66208.11
-66208.11
-66208.11
-66208.11
-66208.11
-66208.11
-66208.11
-66208.11
-66208.11
-66208.11
-66208.11
-66208.11
-66208.11
-66208.11
-66208.11
-66208.11
-66208.11
-66208.11
-66208.11
-66208.11
-66208.11
-66208.11
-66208.11
-66208.11
-65816.35
-66208.11
-66208.11
-65816.35
-65816.35
-65816.35
-65816.35
-65816.35
-65816.35
-65816.35
-65816.35
-65816.35
-65816.35
-65816.35
-65816.35
-65816.35
-65816.35
-65816.35
-65816.35
-65816.35
-65816.35
-65816.35
-65816.35
-65816.35
-65816.35
-65816.35
-65816.35
-65816.35
-65816.35
-65816.35
-65816.35
-65816.35
-65816.35
-65816.35
-65816.35
-65816.35
-65816.35
-65816.35
-65816.35
-65816.35
-65816.35
-65816.35
-65816.35
-65424.58
-65424.58
-65424.58
-65424.58
-65424.58
-65424.58
-65424.58
-65424.58
-65424.58
-65424.58
-65424.58
-65424.58
-65424.58
-65424.58
-65424.58
-65424.58
-65424.58
-65424.58
-65424.58
-65424.58
-65424.58
-65424.58
-65424.58
-65424.58
-65424.58
-65424.58
-65424.58
-65424.58
-65424.58
-65424.58
-65424.58
-65424.58
-65424.58
-65424.58
-65424.58
-65424.58
-65032.82
-65032.82
-65032.82
-65424.58
-65032.82
-65032.82
-65424.58
-65032.82
-65032.82
-65032.82
-65032.82
-65032.82
-65032.82
-65032.82
-65032.82
-65032.82
-65032.82
-65032.82
-65032.82
-65032.82
-65032.82
-65032.82
-65032.82
-65032.82
-65032.82
-65032.82
-65032.82
-65032.82
-65032.82
-65032.82
-65032.82
-65032.82
-65032.82
-65032.82
-65032.82
-65032.82
-65032.82
-65032.82
-65032.82
-65032.82
-65032.82
-65032.82
-65032.82
-65032.82
-64641.05
-64641.05
-65032.82
-64641.05
-64641.05
-64641.05
-64641.05
-64641.05
-64641.05
-64641.05
-64641.05
-64641.05
-64641.05
-64641.05
-64641.05
-64641.05
-64641.05
-64641.05
-64641.05
-64641.05
-64641.05
-64641.05
-64641.05
-64641.05
-64641.05
-64641.05
-64641.05
-64641.05
-64641.05
-64641.05
-64641.05
-64641.05
-64641.05
-64641.05
-64641.05
-64641.05
-64641.05
-64641.05
-64641.05
-64249.29
-64249.29
-64249.29
-64641.05
-64249.29
-64249.29
-64249.29
-64249.29
-64249.29
-64249.29
-64249.29
-64249.29
-64249.29
-64249.29
-64249.29
-64249.29
-64249.29
-64249.29
-64249.29
-64249.29
-64249.29
-64249.29
-64249.29
-64249.29
-64249.29
-64249.29
-64249.29
-64249.29
-63857.53
-64249.29
-64249.29
-64249.29
-63857.53
-63857.53
-63857.53
-63857.53
-63857.53
-63857.53
-63857.53
-63857.53
-63857.53
-63857.53
-63857.53
-63857.53
-63857.53
-63857.53
-63857.53
-63857.53
-63857.53
-63857.53
-63857.53
-63857.53
-63857.53
-63857.53
-63857.53
-63857.53
-63857.53
-63857.53
-63857.53
-63857.53
-63857.53
-63857.53
-63857.53
-63857.53
-63857.53
-63857.53
-63857.53
-63857.53
-63857.53
-63857.53
-63857.53
-63857.53
-63857.53
-63857.53
-63857.53
-63857.53
-63857.53
-63857.53
-63465.76
-63857.53
-63857.53
-63857.53
-63857.53
-63857.53
-63465.76
-63465.76
-63465.76
-63465.76
-63465.76
-63465.76
-63465.76
-63465.76
-63465.76
-63465.76
-63465.76
-63465.76
-63465.76
-63465.76
-63465.76
-63465.76
-63465.76
-63465.76
-63465.76
-63465.76
-63465.76
-63465.76
-63465.76
-63465.76
-63465.76
-63465.76
-63465.76
-63465.76
-63465.76
-63074.00
-63465.76
-63465.76
-63074.00
-63074.00
-63074.00
-63074.00
-63074.00
-63074.00
-63074.00
-63074.00
-63074.00
-63074.00
-63074.00
-63074.00
-63074.00
-63074.00
-63074.00
-63074.00
-63074.00
-63074.00
-63074.00
-63074.00
-63074.00
-63074.00
-63074.00
-63074.00
-63074.00
-63074.00
-63074.00
-63074.00
-63074.00
-63074.00
-63074.00
-63074.00
-63074.00
-63074.00
-63074.00
-63074.00
-63074.00
-63074.00
-63074.00
-63074.00
-62682.23
-63074.00
-63074.00
-63074.00
-62682.23
-62682.23
-62682.23
-62682.23
-62682.23
-62682.23
-62682.23
-62682.23
-62682.23
-62682.23
-62682.23
-62682.23
-62682.23
-62682.23
-62682.23
-62682.23
-62682.23
-62682.23
-62682.23
-62682.23
-62682.23
-62682.23
-62682.23
-62682.23
-62682.23
-62682.23
-62682.23
-62682.23
-62682.23
-62682.23
-62682.23
-62682.23
-62682.23
-62682.23
-62682.23
-62682.23
-62682.23
-62682.23
-62682.23
-62290.47
-62290.47
-62682.23
-62682.23
-62290.47
-62290.47
-62290.47
-62290.47
-62290.47
-62290.47
-62290.47
-62290.47
-62290.47
-62290.47
-62290.47
-62290.47
-62290.47
-62290.47
-62290.47
-62290.47
-62290.47
-62290.47
-62290.47
-62290.47
-62290.47
-62290.47
-62290.47
-62290.47
-62290.47
-62290.47
-62290.47
-62290.47
-62290.47
-62290.47
-62290.47
-62290.47
-62290.47
-62290.47
-62290.47
-62290.47
-62290.47
-62290.47
-61898.71
-61898.71
-62290.47
-61898.71
-61898.71
-61898.71
-61898.71
-61898.71
-61898.71
-61898.71
-61898.71
-61898.71
-61898.71
-61898.71
-61898.71
-61898.71
-61898.71
-61898.71
-61898.71
-61898.71
-61898.71
-61898.71
-61898.71
-61898.71
-61898.71
-61898.71
-61898.71
-61898.71
-61898.71
-61898.71
-61898.71
-61898.71
-61898.71
-61898.71
-61898.71
-61898.71
-61898.71
-61898.71
-61898.71
-61898.71
-61898.71
-61898.71
-61898.71
-61506.94
-61506.94
-61898.71
-61506.94
-61506.94
-61506.94
-61898.71
-61506.94
-61506.94
-61506.94
-61506.94
-61506.94
-61506.94
-61506.94
-61506.94
-61506.94
-61506.94
-61506.94
-61506.94
-61506.94
-61506.94
-61506.94
-61506.94
-61506.94
-61506.94
-61506.94
-61506.94
-61506.94
-61506.94
-61506.94
-61506.94
-61506.94
-61506.94
-61506.94
-61506.94
-61506.94
-61506.94
-61506.94
-61506.94
-61506.94
-61506.94
-61506.94
-61506.94
-61506.94
-61506.94
-61506.94
-61115.18
-61115.18
-61115.18
-61506.94
-61115.18
-61115.18
-61115.18
-61115.18
-61115.18
-61115.18
-61115.18
-61115.18
-61115.18
-61115.18
-61115.18
-61115.18
-61115.18
-61115.18
-61115.18
-61115.18
-61115.18
-61115.18
-61115.18
-61115.18
-61115.18
-61115.18
-61115.18
-61115.18
-61115.18
-61115.18
-61115.18
-61115.18
-61115.18
-61115.18
-61115.18
-61115.18
-61115.18
-61115.18
-61115.18
-61115.18
-60723.41
-60723.41
-60723.41
-60723.41
-60723.41
-60723.41
-60723.41
-60723.41
-60723.41
-60723.41
-60723.41
-60723.41
-60723.41
-60723.41
-60723.41
-60723.41
-60723.41
-60723.41
-60723.41
-60723.41
-60723.41
-60723.41
-60723.41
-60723.41
-60723.41
-60723.41
-60723.41
-60723.41
-60723.41
-60723.41
-60723.41
-60723.41
-60723.41
-60723.41
-60723.41
-60723.41
-60723.41
-60723.41
-60331.65
-60723.41
-60723.41
-60723.41
-60331.65
-60331.65
-60331.65
-60331.65
-60331.65
-60331.65
-60331.65
-60331.65
-60331.65
-60331.65
-60331.65
-60331.65
-60331.65
-60331.65
-60331.65
-60331.65
-60331.65
-60331.65
-60331.65
-60331.65
-60331.65
-60331.65
-60331.65
-60331.65
-60331.65
-60331.65
-60331.65
-60331.65
-60331.65
-60331.65
-60331.65
-60331.65
-60331.65
-60331.65
-59939.89
-60331.65
-60331.65
-60331.65
-60331.65
-60331.65
-60331.65
-59939.89
-59939.89
-59939.89
-59939.89
-59939.89
-59939.89
-59939.89
-59939.89
-59939.89
-59939.89
-59939.89
-59939.89
-59939.89
-59939.89
-59939.89
-59939.89
-59939.89
-59939.89
-59939.89
-59939.89
-59939.89
-59939.89
-59939.89
-59939.89
-59939.89
-59939.89
-59939.89
-59939.89
-59939.89
-59939.89
-59939.89
-59939.89
-59939.89
-59939.89
-59939.89
-59939.89
-59939.89
-59939.89
-59548.12
-59939.89
-59939.89
-59939.89
-59548.12
-59939.89
-59939.89
-59548.12
-59548.12
-59548.12
-59548.12
-59548.12
-59548.12
-59548.12
-59548.12
-59548.12
-59548.12
-59548.12
-59548.12
-59548.12
-59548.12
-59548.12
-59548.12
-59548.12
-59548.12
-59548.12
-59548.12
-59548.12
-59548.12
-59548.12
-59548.12
-59548.12
-59548.12
-59548.12
-59548.12
-59548.12
-59548.12
-59548.12
-59548.12
-59548.12
-59548.12
-59548.12
-59548.12
-59548.12
-59548.12
-59548.12
-59548.12
-59156.36
-59548.12
-59548.12
-59156.36
-59156.36
-59548.12
-59156.36
-59156.36
-59548.12
-59548.12
-59156.36
-59156.36
-59156.36
-59156.36
-59156.36
-59156.36
-59156.36
-59156.36
-59156.36
-59156.36
-59156.36
-59156.36
-59156.36
-59156.36
-59156.36
-59156.36
-59156.36
-59156.36
-59156.36
-59156.36
-59156.36
-59156.36
-59156.36
-59156.36
-59156.36
-59156.36
-59156.36
-59156.36
-59156.36
-59156.36
-59156.36
-58764.59
-58764.59
-59156.36
-59156.36
-58764.59
-58764.59
-58764.59
-58764.59
-58764.59
-58764.59
-58764.59
-58764.59
-58764.59
-58764.59
-58764.59
-58764.59
-58764.59
-58764.59
-58764.59
-58764.59
-58764.59
-58764.59
-58764.59
-58764.59
-58764.59
-58764.59
-58764.59
-58764.59
-58764.59
-58764.59
-58764.59
-58764.59
-58764.59
-58764.59
-58764.59
-58764.59
-58764.59
-58764.59
-58764.59
-58764.59
-58764.59
-58764.59
-58764.59
-58764.59
-58764.59
-58764.59
-58764.59
-58372.83
-58372.83
-58764.59
-58372.83
-58372.83
-58372.83
-58372.83
-58372.83
-58372.83
-58372.83
-58372.83
-58372.83
-58372.83
-58372.83
-58372.83
-58372.83
-58372.83
-58372.83
-58372.83
-58372.83
-58372.83
-58372.83
-58372.83
-58372.83
-58372.83
-58372.83
-58372.83
-58372.83
-58372.83
-58372.83
-58372.83
-58372.83
-58372.83
-58372.83
-58372.83
-58372.83
-58372.83
-58372.83
-58372.83
-58372.83
-58372.83
-58372.83
-58372.83
-58372.83
-58372.83
-58372.83
-57981.07
-57981.07
-57981.07
-57981.07
-57981.07
-57981.07
-58372.83
-57981.07
-57981.07
-57981.07
-57981.07
-57981.07
-57981.07
-57981.07
-57981.07
-57981.07
-57981.07
-57981.07
-57981.07
-57981.07
-57981.07
-57981.07
-57981.07
-57981.07
-57981.07
-57981.07
-57981.07
-57981.07
-57981.07
-57981.07
-57981.07
-57981.07
-57981.07
-57981.07
-57981.07
-57981.07
-57981.07
-57981.07
-57981.07
-57981.07
-57981.07
-57981.07
-57981.07
-57981.07
-57981.07
-57589.30
-57589.30
-57589.30
-57589.30
-57589.30
-57589.30
-57981.07
-57589.30
-57589.30
-57589.30
-57589.30
-57589.30
-57589.30
-57589.30
-57589.30
-57589.30
-57589.30
-57589.30
-57589.30
-57589.30
-57589.30
-57589.30
-57589.30
-57589.30
-57589.30
-57589.30
-57589.30
-57589.30
-57589.30
-57589.30
-57589.30
-57589.30
-57589.30
-57589.30
-57589.30
-57589.30
-57589.30
-57589.30
-57589.30
-57589.30
-57589.30
-57197.54
-57197.54
-57197.54
-57197.54
-57197.54
-57197.54
-57197.54
-57197.54
-57197.54
-57197.54
-57197.54
-57197.54
-57197.54
-57197.54
-57197.54
-57197.54
-57197.54
-57197.54
-57197.54
-57197.54
-57197.54
-57197.54
-57197.54
-57197.54
-57197.54
-57197.54
-57197.54
-57197.54
-57197.54
-57197.54
-57197.54
-57197.54
-57197.54
-57197.54
-57197.54
-57197.54
-57197.54
-57197.54
-57197.54
-57197.54
-56805.77
-57197.54
-57197.54
-56805.77
-57197.54
-57197.54
-57197.54
-56805.77
-56805.77
-56805.77
-56805.77
-56805.77
-56805.77
-56805.77
-56805.77
-56805.77
-56805.77
-56805.77
-56805.77
-56805.77
-56805.77
-56805.77
-56805.77
-56805.77
-56805.77
-56805.77
-56805.77
-56805.77
-56805.77
-56805.77
-56805.77
-56805.77
-56805.77
-56805.77
-56805.77
-56805.77
-56805.77
-56805.77
-56805.77
-56805.77
-56805.77
-56805.77
-56805.77
-56805.77
-56805.77
-56805.77
-56805.77
-56805.77
-56805.77
-56805.77
-56414.01
-56805.77
-56805.77
-56414.01
-56414.01
-56414.01
-56414.01
-56414.01
-56414.01
-56414.01
-56414.01
-56414.01
-56414.01
-56414.01
-56414.01
-56414.01
-56414.01
-56414.01
-56414.01
-56414.01
-56414.01
-56414.01
-56414.01
-56414.01
-56414.01
-56414.01
-56414.01
-56414.01
-56414.01
-56414.01
-56414.01
-56414.01
-56414.01
-56414.01
-56414.01
-56414.01
-56414.01
-56414.01
-56414.01
-56414.01
-56414.01
-56414.01
-56414.01
-56414.01
-56414.01
-56414.01
-56414.01
-56414.01
-56414.01
-56414.01
-56022.25
-56022.25
-56022.25
-56022.25
-56022.25
-56022.25
-56022.25
-56022.25
-56022.25
-56022.25
-56022.25
-56022.25
-56022.25
-56022.25
-56022.25
-56022.25
-56022.25
-56022.25
-56022.25
-56022.25
-56022.25
-56022.25
-56022.25
-56022.25
-56022.25
-56022.25
-56022.25
-56022.25
-56022.25
-56022.25
-56022.25
-56022.25
-56022.25
-56022.25
-56022.25
-56022.25
-56022.25
-56022.25
-56022.25
-56022.25
-56022.25
-56022.25
-56022.25
-56022.25
-56022.25
-56022.25
-55630.48
-55630.48
-55630.48
-55630.48
-55630.48
-55630.48
-55630.48
-55630.48
-55630.48
-55630.48
-55630.48
-55630.48
-55630.48
-55630.48
-55630.48
-55630.48
-55630.48
-55630.48
-55630.48
-55630.48
-55630.48
-55630.48
-55630.48
-55630.48
-55630.48
-55630.48
-55630.48
-55630.48
-55630.48
-55630.48
-55630.48
-55630.48
-55630.48
-55630.48
-55630.48
-55630.48
-55630.48
-55630.48
-55630.48
-55630.48
-55238.72
-55238.72
-55630.48
-55238.72
-55238.72
-55238.72
-55630.48
-55238.72
-55238.72
-55238.72
-55238.72
-55238.72
-55630.48
-55238.72
-55238.72
-55238.72
-55238.72
-55238.72
-55238.72
-55238.72
-55238.72
-55238.72
-55238.72
-55238.72
-55238.72
-55238.72
-55238.72
-55238.72
-55238.72
-55238.72
-55238.72
-55238.72
-55238.72
-55238.72
-55238.72
-55238.72
-55238.72
-55238.72
-55238.72
-55238.72
-55238.72
-55238.72
-55238.72
-55238.72
-55238.72
-55238.72
-55238.72
-55238.72
-55238.72
-55238.72
-54846.95
-54846.95
-54846.95
-54846.95
-54846.95
-54846.95
-54846.95
-54846.95
-54846.95
-55238.72
-54846.95
-54846.95
-54846.95
-54846.95
-54846.95
-54846.95
-54846.95
-54846.95
-54846.95
-54846.95
-54846.95
-54846.95
-54846.95
-54846.95
-54846.95
-54846.95
-54846.95
-54846.95
-54846.95
-54846.95
-54846.95
-54846.95
-54846.95
-54846.95
-54846.95
-54846.95
-54846.95
-54846.95
-54846.95
-54846.95
-54846.95
-54846.95
-54846.95
-54846.95
-54455.19
-54846.95
-54846.95
-54846.95
-54846.95
-54846.95
-54846.95
-54846.95
-54846.95
-54455.19
-54455.19
-54455.19
-54455.19
-54455.19
-54455.19
-54846.95
-54455.19
-54455.19
-54455.19
-54455.19
-54455.19
-54455.19
-54455.19
-54455.19
-54455.19
-54455.19
-54455.19
-54455.19
-54455.19
-54455.19
-54455.19
-54455.19
-54455.19
-54455.19
-54455.19
-54063.43
-54455.19
-54455.19
-54455.19
-54063.43
-54063.43
-54063.43
-54063.43
-54063.43
-54063.43
-54063.43
-54063.43
-54063.43
-54063.43
-54063.43
-54063.43
-54063.43
-54063.43
-54063.43
-54063.43
-54063.43
-54063.43
-54063.43
-54063.43
-54063.43
-54063.43
-54063.43
-54063.43
-54063.43
-54063.43
-54063.43
-54063.43
-54063.43
-54063.43
-54063.43
-54063.43
-54063.43
-54063.43
-54063.43
-54063.43
-54063.43
-54063.43
-54063.43
-54063.43
-54063.43
-54063.43
-54063.43
-54063.43
-54063.43
-54063.43
-53671.66
-54063.43
-54063.43
-54063.43
-54063.43
-54063.43
-54063.43
-53671.66
-53671.66
-53671.66
-53671.66
-53671.66
-53671.66
-53671.66
-53671.66
-53671.66
-53671.66
-53671.66
-53671.66
-53671.66
-53671.66
-53671.66
-53671.66
-53671.66
-53671.66
-53671.66
-53671.66
-53671.66
-53671.66
-53671.66
-53671.66
-53671.66
-53671.66
-53671.66
-53671.66
-53671.66
-53671.66
-53671.66
-53671.66
-53671.66
-53671.66
-53671.66
-53671.66
-53671.66
-53671.66
-53671.66
-53671.66
-53671.66
-53279.90
-53671.66
-53671.66
-53671.66
-53279.90
-53279.90
-53279.90
-53279.90
-53279.90
-53279.90
-53279.90
-53279.90
-53279.90
-53279.90
-53279.90
-53279.90
-53279.90
-53279.90
-53279.90
-53279.90
-53279.90
-53279.90
-53279.90
-53279.90
-53279.90
-53279.90
-53279.90
-53279.90
-53279.90
-53279.90
-53279.90
-53279.90
-53279.90
-53279.90
-53279.90
-53279.90
-53279.90
-53279.90
-53279.90
-53279.90
-53279.90
-53279.90
-53279.90
-53279.90
-53279.90
-53279.90
-53279.90
-53279.90
-53279.90
-53279.90
-52888.13
-52888.13
-53279.90
-52888.13
-52888.13
-53279.90
-53279.90
-52888.13
-52888.13
-52888.13
-52888.13
-52888.13
-52888.13
-52888.13
-52888.13
-52888.13
-52888.13
-52888.13
-52888.13
-52888.13
-52888.13
-52888.13
-52888.13
-52888.13
-52888.13
-52888.13
-52888.13
-52888.13
-52888.13
-52888.13
-52888.13
-52888.13
-52888.13
-52888.13
-52888.13
-52888.13
-52888.13
-52888.13
-52888.13
-52888.13
-52888.13
-52888.13
-52888.13
-52888.13
-52888.13
-52888.13
-52888.13
-52888.13
-52888.13
-52888.13
-52496.37
-52496.37
-52888.13
-52888.13
-52888.13
-52888.13
-52888.13
-52496.37
-52496.37
-52496.37
-52496.37
-52496.37
-52496.37
-52496.37
-52496.37
-52496.37
-52496.37
-52496.37
-52496.37
-52496.37
-52496.37
-52496.37
-52496.37
-52496.37
-52496.37
-52496.37
-52496.37
-52496.37
-52496.37
-52496.37
-52496.37
-52496.37
-52496.37
-52496.37
-52496.37
-52496.37
-52496.37
-52496.37
-52496.37
-52496.37
-52496.37
-52496.37
-52496.37
-52496.37
-52496.37
-52496.37
-52496.37
-52496.37
-52496.37
-52496.37
-52496.37
-52496.37
-52496.37
-52104.61
-52104.61
-52496.37
-52104.61
-52104.61
-52104.61
-52496.37
-52104.61
-52104.61
-52104.61
-52104.61
-52104.61
-52104.61
-52104.61
-52104.61
-52104.61
-52104.61
-52104.61
-52104.61
-52104.61
-52104.61
-52104.61
-52104.61
-52104.61
-52104.61
-52104.61
-52104.61
-52104.61
-52104.61
-52104.61
-52104.61
-52104.61
-52104.61
-52104.61
-52104.61
-52104.61
-52104.61
-52104.61
-52104.61
-52104.61
-52104.61
-52104.61
-52104.61
-52104.61
-52104.61
-52104.61
-52104.61
-51712.84
-51712.84
-52104.61
-52104.61
-52104.61
-52104.61
-51712.84
-51712.84
-51712.84
-51712.84
-52104.61
-51712.84
-51712.84
-51712.84
-51712.84
-51712.84
-51712.84
-51712.84
-51712.84
-51712.84
-51712.84
-51712.84
-51712.84
-51712.84
-51712.84
-51712.84
-51712.84
-51712.84
-51712.84
-51712.84
-51712.84
-51712.84
-51712.84
-51712.84
-51712.84
-51712.84
-51712.84
-51712.84
-51712.84
-51712.84
-51712.84
-51712.84
-51712.84
-51712.84
-51712.84
-51712.84
-51712.84
-51712.84
-51712.84
-51712.84
-51712.84
-51712.84
-51712.84
-51712.84
-51712.84
-51712.84
-51712.84
-51712.84
-51712.84
-51321.08
-51321.08
-51321.08
-51321.08
-51321.08
-51321.08
-51321.08
-51321.08
-51321.08
-51321.08
-51321.08
-51321.08
-51321.08
-51321.08
-51321.08
-51321.08
-51321.08
-51321.08
-51321.08
-51321.08
-51321.08
-51321.08
-51321.08
-51321.08
-51321.08
-51321.08
-51321.08
-51321.08
-50929.32
-51321.08
-51321.08
-51321.08
-51321.08
-51321.08
-51321.08
-50929.32
-50929.32
-50929.32
-50929.32
-50929.32
-50929.32
-50929.32
-50929.32
-50929.32
-50929.32
-50929.32
-50929.32
-50929.32
-50929.32
-50929.32
-50929.32
-50929.32
-50929.32
-50929.32
-50929.32
-50929.32
-50929.32
-50929.32
-50929.32
-50929.32
-50929.32
-50929.32
-50929.32
-50929.32
-50929.32
-50929.32
-50929.32
-50929.32
-50929.32
-50929.32
-50929.32
-50929.32
-50929.32
-50929.32
-50929.32
-50929.32
-50929.32
-50929.32
-50929.32
-50929.32
-50929.32
-50929.32
-50929.32
-50929.32
-50929.32
-50929.32
-50929.32
-50929.32
-50537.55
-50537.55
-50537.55
-50537.55
-50537.55
-50537.55
-50537.55
-50537.55
-50537.55
-50537.55
-50537.55
-50537.55
-50537.55
-50537.55
-50537.55
-50537.55
-50537.55
-50537.55
-50537.55
-50537.55
-50537.55
-50537.55
-50537.55
-50537.55
-50537.55
-50537.55
-50537.55
-50537.55
-50537.55
-50537.55
-50537.55
-50537.55
-50537.55
-50537.55
-50537.55
-50537.55
-50537.55
-50537.55
-50537.55
-50537.55
-50537.55
-50537.55
-50537.55
-50537.55
-50537.55
-50537.55
-50537.55
-50537.55
-50537.55
-50537.55
-50537.55
-50537.55
-50537.55
-50145.79
-50145.79
-50145.79
-50145.79
-50145.79
-50145.79
-50145.79
-50145.79
-50145.79
-50145.79
-50145.79
-50145.79
-50145.79
-50145.79
-50145.79
-50145.79
-50145.79
-50145.79
-50145.79
-50145.79
-50145.79
-50145.79
-50145.79
-50145.79
-50145.79
-50145.79
-50145.79
-50145.79
-50145.79
-50145.79
-50145.79
-50145.79
-50145.79
-50145.79
-50145.79
-50145.79
-50145.79
-50145.79
-50145.79
-50145.79
-50145.79
-50145.79
-50145.79
-50145.79
-50145.79
-50145.79
-50145.79
-50145.79
-50145.79
-50145.79
-50145.79
-50145.79
-49754.02
-50145.79
-50145.79
-49754.02
-49754.02
-49754.02
-49754.02
-49754.02
-49754.02
-49754.02
-49754.02
-49754.02
-49754.02
-49754.02
-49754.02
-49754.02
-49754.02
-49754.02
-49754.02
-49754.02
-49754.02
-49754.02
-49754.02
-49754.02
-49754.02
-49754.02
-49754.02
-49754.02
-49754.02
-49754.02
-49754.02
-49754.02
-49754.02
-49754.02
-49754.02
-49754.02
-49754.02
-49754.02
-49754.02
-49754.02
-49754.02
-49754.02
-49754.02
-49754.02
-49754.02
-49754.02
-49754.02
-49754.02
-49754.02
-49754.02
-49754.02
-49754.02
-49754.02
-49362.26
-49362.26
-49754.02
-49362.26
-49362.26
-49754.02
-49754.02
-49362.26
-49754.02
-49754.02
-49362.26
-49362.26
-49754.02
-49362.26
-49362.26
-49362.26
-49362.26
-49362.26
-49362.26
-49362.26
-49362.26
-49362.26
-49362.26
-49362.26
-49362.26
-49362.26
-49362.26
-49362.26
-49362.26
-49362.26
-49362.26
-49362.26
-49362.26
-49362.26
-49362.26
-49362.26
-49362.26
-49362.26
-49362.26
-49362.26
-49362.26
-49362.26
-49362.26
-49362.26
-49362.26
-49362.26
-49362.26
-49362.26
-49362.26
-49362.26
-49362.26
-49362.26
-49362.26
-49362.26
-49362.26
-48970.50
-48970.50
-48970.50
-48970.50
-48970.50
-49362.26
-48970.50
-48970.50
-48970.50
-48970.50
-48970.50
-48970.50
-48970.50
-48970.50
-48970.50
-48970.50
-48970.50
-48970.50
-48970.50
-48970.50
-48970.50
-48970.50
-48970.50
-48970.50
-48970.50
-48970.50
-48970.50
-48970.50
-48970.50
-48970.50
-48970.50
-48970.50
-48970.50
-48970.50
-48970.50
-48970.50
-48970.50
-48970.50
-48970.50
-48970.50
-48970.50
-48970.50
-48970.50
-48970.50
-48970.50
-48970.50
-48970.50
-48970.50
-48970.50
-48970.50
-48970.50
-48970.50
-48970.50
-48578.73
-48578.73
-48970.50
-48578.73
-48578.73
-48578.73
-48970.50
-48578.73
-48578.73
-48578.73
-48578.73
-48578.73
-48578.73
-48578.73
-48578.73
-48578.73
-48578.73
-48578.73
-48578.73
-48578.73
-48578.73
-48578.73
-48578.73
-48578.73
-48578.73
-48578.73
-48578.73
-48578.73
-48578.73
-48578.73
-48578.73
-48578.73
-48578.73
-48578.73
-48578.73
-48578.73
-48578.73
-48578.73
-48578.73
-48578.73
-48578.73
-48578.73
-48578.73
-48578.73
-48578.73
-48578.73
-48578.73
-48578.73
-48578.73
-48578.73
-48578.73
-48578.73
-48578.73
-48578.73
-48578.73
-48578.73
-48186.97
-48186.97
-48186.97
-48578.73
-48186.97
-48186.97
-48186.97
-48186.97
-48186.97
-48186.97
-48186.97
-48186.97
-48186.97
-48186.97
-48186.97
-48186.97
-48186.97
-48186.97
-48186.97
-48186.97
-48186.97
-48186.97
-48186.97
-48186.97
-48186.97
-48186.97
-48186.97
-48186.97
-48186.97
-48186.97
-48186.97
-48186.97
-48186.97
-48186.97
-48186.97
-48186.97
-48186.97
-48186.97
-48186.97
-48186.97
-48186.97
-48186.97
-48186.97
-48186.97
-48186.97
-47795.20
-47795.20
-47795.20
-47795.20
-47795.20
-47795.20
-47795.20
-47795.20
-47795.20
-47795.20
-47795.20
-47795.20
-47795.20
-47795.20
-47795.20
-47795.20
-47795.20
-47795.20
-47795.20
-47795.20
-47795.20
-47795.20
-47795.20
-47795.20
-47795.20
-47795.20
-47795.20
-47795.20
-47795.20
-47795.20
-47795.20
-47795.20
-47795.20
-47795.20
-47795.20
-47795.20
-47795.20
-47795.20
-47795.20
-47795.20
-47795.20
-47795.20
-47795.20
-47795.20
-47795.20
-47795.20
-47795.20
-47795.20
-47795.20
-47795.20
-47795.20
-47795.20
-47795.20
-47403.44
-47795.20
-47795.20
-47795.20
-47403.44
-47403.44
-47403.44
-47403.44
-47403.44
-47403.44
-47403.44
-47403.44
-47403.44
-47403.44
-47403.44
-47403.44
-47403.44
-47403.44
-47403.44
-47403.44
-47403.44
-47403.44
-47403.44
-47403.44
-47403.44
-47403.44
-47403.44
-47403.44
-47403.44
-47403.44
-47403.44
-47403.44
-47403.44
-47403.44
-47403.44
-47403.44
-47403.44
-47403.44
-47403.44
-47403.44
-47403.44
-47403.44
-47403.44
-47403.44
-47403.44
-47403.44
-47403.44
-47403.44
-47403.44
-47403.44
-47403.44
-47403.44
-47403.44
-47011.68
-47403.44
-47403.44
-47403.44
-47403.44
-47403.44
-47403.44
-47011.68
-47011.68
-47011.68
-47011.68
-47011.68
-47011.68
-47011.68
-47011.68
-47011.68
-47011.68
-47011.68
-47011.68
-47011.68
-47011.68
-47011.68
-47011.68
-47011.68
-47011.68
-47011.68
-47011.68
-47011.68
-47011.68
-47011.68
-47011.68
-47011.68
-47011.68
-47011.68
-47011.68
-47011.68
-47011.68
-47011.68
-47011.68
-47011.68
-47011.68
-47011.68
-47011.68
-47011.68
-47011.68
-47011.68
-47011.68
-47011.68
-47011.68
-47011.68
-47011.68
-47011.68
-47011.68
-47011.68
-46619.91
-47011.68
-47011.68
-46619.91
-47011.68
-47011.68
-46619.91
-47011.68
-47011.68
-47011.68
-46619.91
-46619.91
-46619.91
-46619.91
-46619.91
-46619.91
-46619.91
-46619.91
-46619.91
-46619.91
-46619.91
-46619.91
-46619.91
-46619.91
-46619.91
-46619.91
-46619.91
-46619.91
-46619.91
-46619.91
-46619.91
-46619.91
-46619.91
-46619.91
-46619.91
-46619.91
-46619.91
-46619.91
-46619.91
-46619.91
-46619.91
-46619.91
-46619.91
-46619.91
-46619.91
-46619.91
-46619.91
-46619.91
-46619.91
-46619.91
-46619.91
-46619.91
-46619.91
-46619.91
-46619.91
-46619.91
-46619.91
-46619.91
-46619.91
-46228.15
-46228.15
-46619.91
-46619.91
-46228.15
-46619.91
-46619.91
-46228.15
-46228.15
-46228.15
-46228.15
-46228.15
-46619.91
-46619.91
-46228.15
-46228.15
-46228.15
-46228.15
-46228.15
-46228.15
-46228.15
-46228.15
-46228.15
-46228.15
-46228.15
-46228.15
-46228.15
-46228.15
-46228.15
-46228.15
-46228.15
-46228.15
-46228.15
-46228.15
-46228.15
-46228.15
-46228.15
-46228.15
-46228.15
-46228.15
-46228.15
-46228.15
-46228.15
-46228.15
-46228.15
-46228.15
-46228.15
-46228.15
-46228.15
-46228.15
-46228.15
-46228.15
-46228.15
-46228.15
-46228.15
-46228.15
-46228.15
-46228.15
-46228.15
-46228.15
-45836.38
-45836.38
-46228.15
-45836.38
-45836.38
-45836.38
-46228.15
-45836.38
-45836.38
-45836.38
-45836.38
-45836.38
-45836.38
-45836.38
-45836.38
-45836.38
-45836.38
-45836.38
-45836.38
-45836.38
-45836.38
-45836.38
-45836.38
-45836.38
-45836.38
-45836.38
-45836.38
-45836.38
-45836.38
-45836.38
-45836.38
-45836.38
-45836.38
-45836.38
-45836.38
-45836.38
-45836.38
-45836.38
-45836.38
-45836.38
-45836.38
-45836.38
-45836.38
-45836.38
-45836.38
-45836.38
-45836.38
-45836.38
-45836.38
-45836.38
-45836.38
-45836.38
-45836.38
-45836.38
-45836.38
-45836.38
-45836.38
-45836.38
-45836.38
-45836.38
-45836.38
-45836.38
-45444.62
-45444.62
-45444.62
-45444.62
-45444.62
-45444.62
-45444.62
-45444.62
-45444.62
-45444.62
-45444.62
-45444.62
-45444.62
-45444.62
-45444.62
-45444.62
-45444.62
-45444.62
-45444.62
-45444.62
-45444.62
-45444.62
-45444.62
-45444.62
-45444.62
-45444.62
-45444.62
-45444.62
-45444.62
-45444.62
-45444.62
-45444.62
-45444.62
-45444.62
-45444.62
-45444.62
-45444.62
-45444.62
-45444.62
-45444.62
-45444.62
-45444.62
-45444.62
-45444.62
-45444.62
-45444.62
-45444.62
-45444.62
-45444.62
-45444.62
-45444.62
-45444.62
-45444.62
-45444.62
-45444.62
-45444.62
-45052.86
-45052.86
-45052.86
-45052.86
-45052.86
-45052.86
-45052.86
-45052.86
-45052.86
-45052.86
-45052.86
-45052.86
-45052.86
-45052.86
-45052.86
-45052.86
-45052.86
-45052.86
-45052.86
-45052.86
-45052.86
-45052.86
-45052.86
-45052.86
-45052.86
-45052.86
-45052.86
-45052.86
-45052.86
-45052.86
-45052.86
-45052.86
-45052.86
-45052.86
-45052.86
-45052.86
-45052.86
-45052.86
-45052.86
-45052.86
-45052.86
-45052.86
-45052.86
-45052.86
-45052.86
-45052.86
-45052.86
-45052.86
-45052.86
-45052.86
-45052.86
-45052.86
-45052.86
-45052.86
-45052.86
-45052.86
-45052.86
-45052.86
-44661.09
-44661.09
-44661.09
-45052.86
-44661.09
-44661.09
-44661.09
-44661.09
-44661.09
-44661.09
-44661.09
-44661.09
-44661.09
-44661.09
-44661.09
-44661.09
-44661.09
-44661.09
-44661.09
-44661.09
-44661.09
-44661.09
-44661.09
-44661.09
-44661.09
-44661.09
-44661.09
-44661.09
-44661.09
-44661.09
-44661.09
-44661.09
-44661.09
-44661.09
-44661.09
-44661.09
-44661.09
-44661.09
-44269.33
-44661.09
-44661.09
-44661.09
-44661.09
-44661.09
-44661.09
-44661.09
-44661.09
-44661.09
-44269.33
-44661.09
-44661.09
-44661.09
-44269.33
-44269.33
-44269.33
-44269.33
-44269.33
-44269.33
-44269.33
-44269.33
-44269.33
-44269.33
-44269.33
-44269.33
-44269.33
-44269.33
-44269.33
-44269.33
-44269.33
-44269.33
-44269.33
-44269.33
-44269.33
-44269.33
-44269.33
-44269.33
-44269.33
-44269.33
-44269.33
-44269.33
-44269.33
-44269.33
-44269.33
-44269.33
-44269.33
-44269.33
-44269.33
-44269.33
-44269.33
-44269.33
-44269.33
-44269.33
-44269.33
-44269.33
-44269.33
-44269.33
-44269.33
-44269.33
-43877.56
-44269.33
-44269.33
-43877.56
-44269.33
-44269.33
-44269.33
-43877.56
-44269.33
-44269.33
-43877.56
-44269.33
-44269.33
-43877.56
-43877.56
-43877.56
-43877.56
-43877.56
-43877.56
-43877.56
-43877.56
-43877.56
-43877.56
-43877.56
-43877.56
-43877.56
-43877.56
-43877.56
-43877.56
-43877.56
-43877.56
-43877.56
-43877.56
-43877.56
-43877.56
-43877.56
-43877.56
-43877.56
-43877.56
-43877.56
-43877.56
-43877.56
-43877.56
-43877.56
-43877.56
-43877.56
-43877.56
-43877.56
-43877.56
-43877.56
-43877.56
-43877.56
-43877.56
-43877.56
-43877.56
-43877.56
-43877.56
-43877.56
-43877.56
-43877.56
-43877.56
-43877.56
-43877.56
-43877.56
-43877.56
-43877.56
-43877.56
-43485.80
-43485.80
-43485.80
-43485.80
-43485.80
-43485.80
-43485.80
-43485.80
-43485.80
-43485.80
-43485.80
-43485.80
-43485.80
-43485.80
-43485.80
-43485.80
-43485.80
-43485.80
-43485.80
-43485.80
-43485.80
-43485.80
-43485.80
-43485.80
-43485.80
-43485.80
-43485.80
-43485.80
-43485.80
-43485.80
-43485.80
-43485.80
-43485.80
-43485.80
-43485.80
-43485.80
-43485.80
-43485.80
-43485.80
-43485.80
-43485.80
-43485.80
-43485.80
-43485.80
-43485.80
-43485.80
-43485.80
-43485.80
-43485.80
-43485.80
-43485.80
-43485.80
-43485.80
-43485.80
-43485.80
-43485.80
-43485.80
-43485.80
-43485.80
-43485.80
-43485.80
-43485.80
-43485.80
-43485.80
-43485.80
-43485.80
-43094.04
-43094.04
-43094.04
-43094.04
-43094.04
-43094.04
-43094.04
-43094.04
-43094.04
-43094.04
-43094.04
-43094.04
-43094.04
-43094.04
-43094.04
-43094.04
-43094.04
-43094.04
-43094.04
-43094.04
-43094.04
-43094.04
-43094.04
-43094.04
-43094.04
-43094.04
-43094.04
-43094.04
-43094.04
-43094.04
-43094.04
-43094.04
-43094.04
-43094.04
-43094.04
-43094.04
-43094.04
-43094.04
-43094.04
-43094.04
-43094.04
-43094.04
-43094.04
-43094.04
-43094.04
-43094.04
-43094.04
-43094.04
-43094.04
-43094.04
-43094.04
-43094.04
-43094.04
-43094.04
-43094.04
-43094.04
-43094.04
-42702.27
-43094.04
-43094.04
-42702.27
-42702.27
-42702.27
-42702.27
-42702.27
-42702.27
-42702.27
-42702.27
-42702.27
-42702.27
-42702.27
-42702.27
-42702.27
-42702.27
-42702.27
-42702.27
-42702.27
-42702.27
-42702.27
-42702.27
-42702.27
-42702.27
-42702.27
-42702.27
-42702.27
-42702.27
-42702.27
-42702.27
-42702.27
-42702.27
-42702.27
-42702.27
-42702.27
-42702.27
-42702.27
-42702.27
-42702.27
-42702.27
-42702.27
-42702.27
-42702.27
-42702.27
-42702.27
-42702.27
-42702.27
-42702.27
-42702.27
-42702.27
-42702.27
-42702.27
-42702.27
-42702.27
-42702.27
-42310.51
-42310.51
-42702.27
-42310.51
-42310.51
-42310.51
-42702.27
-42310.51
-42310.51
-42310.51
-42310.51
-42310.51
-42702.27
-42310.51
-42310.51
-42310.51
-42310.51
-42310.51
-42310.51
-42310.51
-42310.51
-42310.51
-42310.51
-42310.51
-42310.51
-42310.51
-42310.51
-42310.51
-42310.51
-42310.51
-42310.51
-42310.51
-42310.51
-42310.51
-42310.51
-42310.51
-42310.51
-42310.51
-42310.51
-42310.51
-42310.51
-42310.51
-42310.51
-42310.51
-42310.51
-42310.51
-42310.51
-42310.51
-42310.51
-42310.51
-42310.51
-42310.51
-42310.51
-42310.51
-42310.51
-42310.51
-42310.51
-42310.51
-42310.51
-42310.51
-42310.51
-42310.51
-42310.51
-42310.51
-42310.51
-42310.51
-41918.74
-41918.74
-41918.74
-42310.51
-41918.74
-41918.74
-41918.74
-41918.74
-41918.74
-41918.74
-41918.74
-41918.74
-41918.74
-41918.74
-41918.74
-41918.74
-41918.74
-41918.74
-41918.74
-41918.74
-41918.74
-41918.74
-41918.74
-41918.74
-41918.74
-41918.74
-41918.74
-41918.74
-41918.74
-41918.74
-41918.74
-41918.74
-41918.74
-41918.74
-41918.74
-41918.74
-41918.74
-41918.74
-41918.74
-41918.74
-41918.74
-41918.74
-41918.74
-41918.74
-41918.74
-41918.74
-41918.74
-41918.74
-41918.74
-41918.74
-41918.74
-41918.74
-41918.74
-41918.74
-41918.74
-41918.74
-41526.98
-41526.98
-41918.74
-41526.98
-41526.98
-41918.74
-41918.74
-41526.98
-41918.74
-41918.74
-41526.98
-41526.98
-41526.98
-41526.98
-41526.98
-41526.98
-41526.98
-41526.98
-41526.98
-41526.98
-41526.98
-41526.98
-41526.98
-41526.98
-41526.98
-41526.98
-41526.98
-41526.98
-41526.98
-41526.98
-41526.98
-41526.98
-41526.98
-41526.98
-41526.98
-41526.98
-41526.98
-41526.98
-41526.98
-41526.98
-41526.98
-41526.98
-41526.98
-41526.98
-41526.98
-41526.98
-41526.98
-41526.98
-41526.98
-41526.98
-41526.98
-41526.98
-41526.98
-41526.98
-41526.98
-41526.98
-41526.98
-41135.22
-41526.98
-41526.98
-41526.98
-41526.98
-41526.98
-41526.98
-41135.22
-41135.22
-41135.22
-41135.22
-41135.22
-41135.22
-41135.22
-41135.22
-41135.22
-41135.22
-41135.22
-41135.22
-41135.22
-41135.22
-41135.22
-41135.22
-41135.22
-41135.22
-41526.98
-41135.22
-41135.22
-41135.22
-41135.22
-41135.22
-41135.22
-41135.22
-41135.22
-41135.22
-41135.22
-41135.22
-41135.22
-41135.22
-41135.22
-41135.22
-41135.22
-41135.22
-41135.22
-41135.22
-41135.22
-41135.22
-41135.22
-41135.22
-41135.22
-41135.22
-41135.22
-41135.22
-41135.22
-41135.22
-41135.22
-41135.22
-41135.22
-41135.22
-41135.22
-41135.22
-41135.22
-41135.22
-41135.22
-41135.22
-41135.22
-41135.22
-41135.22
-40743.45
-40743.45
-41135.22
-40743.45
-40743.45
-41135.22
-40743.45
-40743.45
-40743.45
-40743.45
-40743.45
-40743.45
-40743.45
-40743.45
-40743.45
-40743.45
-40743.45
-40743.45
-40743.45
-40743.45
-40743.45
-40743.45
-40743.45
-40743.45
-40743.45
-40743.45
-40743.45
-40743.45
-40743.45
-40743.45
-40743.45
-40743.45
-40743.45
-40743.45
-40743.45
-40743.45
-40743.45
-40743.45
-40743.45
-40743.45
-40743.45
-40743.45
-40743.45
-40743.45
-40743.45
-40743.45
-40743.45
-40743.45
-40743.45
-40743.45
-40743.45
-40743.45
-40743.45
-40743.45
-40743.45
-40743.45
-40743.45
-40743.45
-40743.45
-40743.45
-40351.69
-40743.45
-40743.45
-40743.45
-40351.69
-40743.45
-40743.45
-40351.69
-40351.69
-40351.69
-40351.69
-40351.69
-40351.69
-40351.69
-40351.69
-40351.69
-40351.69
-40351.69
-40351.69
-40351.69
-40351.69
-40351.69
-40351.69
-40351.69
-40351.69
-40351.69
-40351.69
-40351.69
-40351.69
-40351.69
-40351.69
-40351.69
-40351.69
-40351.69
-40351.69
-40351.69
-40351.69
-40351.69
-40351.69
-40351.69
-40351.69
-40351.69
-40351.69
-40351.69
-40351.69
-40351.69
-40351.69
-40351.69
-40351.69
-40351.69
-40351.69
-40351.69
-40351.69
-40351.69
-40351.69
-40351.69
-40351.69
-40351.69
-40351.69
-40351.69
-40351.69
-40351.69
-40351.69
-40351.69
-40351.69
-40351.69
-40351.69
-40351.69
-40351.69
-40351.69
-40351.69
-40351.69
-40351.69
-39959.92
-39959.92
-40351.69
-39959.92
-39959.92
-39959.92
-39959.92
-39959.92
-39959.92
-39959.92
-39959.92
-39959.92
-39959.92
-39959.92
-39959.92
-39959.92
-39959.92
-39959.92
-39959.92
-39959.92
-39959.92
-39959.92
-39959.92
-39959.92
-39959.92
-39959.92
-39959.92
-39959.92
-39959.92
-39959.92
-39959.92
-39959.92
-39959.92
-39959.92
-39959.92
-39959.92
-39959.92
-39959.92
-39959.92
-39959.92
-39959.92
-39959.92
-39959.92
-39959.92
-39959.92
-39959.92
-39959.92
-39959.92
-39959.92
-39959.92
-39959.92
-39959.92
-39959.92
-39959.92
-39959.92
-39959.92
-39959.92
-39959.92
-39959.92
-39959.92
-39568.16
-39568.16
-39959.92
-39959.92
-39568.16
-39568.16
-39568.16
-39568.16
-39568.16
-39568.16
-39568.16
-39568.16
-39568.16
-39568.16
-39568.16
-39568.16
-39568.16
-39568.16
-39568.16
-39568.16
-39568.16
-39568.16
-39568.16
-39568.16
-39568.16
-39568.16
-39568.16
-39568.16
-39568.16
-39568.16
-39568.16
-39568.16
-39568.16
-39568.16
-39568.16
-39568.16
-39568.16
-39568.16
-39568.16
-39568.16
-39568.16
-39568.16
-39568.16
-39568.16
-39568.16
-39568.16
-39568.16
-39568.16
-39568.16
-39568.16
-39568.16
-39568.16
-39568.16
-39568.16
-39568.16
-39568.16
-39568.16
-39568.16
-39568.16
-39568.16
-39568.16
-39176.40
-39568.16
-39568.16
-39568.16
-39568.16
-39176.40
-39176.40
-39176.40
-39568.16
-39176.40
-39176.40
-39176.40
-39176.40
-39176.40
-39176.40
-39176.40
-39176.40
-39176.40
-39176.40
-39176.40
-39176.40
-39176.40
-39176.40
-39176.40
-39176.40
-39176.40
-39176.40
-39176.40
-39176.40
-39176.40
-39176.40
-39176.40
-39176.40
-39176.40
-39176.40
-39176.40
-39176.40
-39176.40
-39176.40
-39176.40
-39176.40
-39176.40
-39176.40
-39176.40
-39176.40
-39176.40
-39176.40
-39176.40
-39176.40
-39176.40
-39176.40
-39176.40
-39176.40
-39176.40
-39176.40
-39176.40
-39176.40
-39176.40
-39176.40
-39176.40
-39176.40
-39176.40
-39176.40
-39176.40
-39176.40
-39176.40
-38784.63
-38784.63
-39176.40
-38784.63
-38784.63
-39176.40
-39176.40
-38784.63
-39176.40
-39176.40
-38784.63
-38784.63
-39176.40
-38784.63
-38784.63
-38784.63
-38784.63
-38784.63
-38784.63
-38784.63
-38784.63
-38784.63
-38784.63
-38784.63
-38784.63
-38784.63
-38784.63
-38784.63
-38784.63
-38784.63
-38784.63
-38784.63
-38784.63
-38784.63
-38784.63
-38784.63
-38784.63
-38784.63
-38784.63
-38784.63
-38784.63
-38784.63
-38784.63
-38784.63
-38784.63
-38784.63
-38784.63
-38784.63
-38784.63
-38784.63
-38784.63
-38784.63
-38784.63
-38784.63
-38784.63
-38784.63
-38784.63
-38784.63
-38784.63
-38784.63
-38784.63
-38784.63
-38784.63
-38784.63
-38784.63
-38784.63
-38784.63
-38392.87
-38784.63
-38784.63
-38784.63
-38784.63
-38784.63
-38784.63
-38392.87
-38392.87
-38392.87
-38392.87
-38392.87
-38392.87
-38392.87
-38392.87
-38392.87
-38392.87
-38392.87
-38392.87
-38392.87
-38392.87
-38392.87
-38392.87
-38392.87
-38392.87
-38392.87
-38392.87
-38392.87
-38392.87
-38392.87
-38392.87
-38392.87
-38392.87
-38392.87
-38392.87
-38392.87
-38392.87
-38392.87
-38392.87
-38392.87
-38392.87
-38392.87
-38392.87
-38392.87
-38392.87
-38392.87
-38392.87
-38392.87
-38392.87
-38392.87
-38392.87
-38392.87
-38392.87
-38392.87
-38392.87
-38392.87
-38392.87
-38392.87
-38392.87
-38392.87
-38392.87
-38392.87
-38392.87
-38392.87
-38392.87
-38392.87
-38392.87
-38392.87
-38392.87
-38392.87
-38392.87
-38392.87
-38392.87
-38392.87
-38001.10
-38001.10
-38001.10
-38001.10
-38001.10
-38001.10
-38001.10
-38001.10
-38001.10
-38001.10
-38001.10
-38001.10
-38001.10
-38001.10
-38001.10
-38001.10
-38001.10
-38001.10
-38001.10
-38001.10
-38001.10
-38001.10
-38001.10
-38001.10
-38001.10
-38001.10
-38001.10
-38001.10
-38001.10
-38001.10
-38001.10
-38001.10
-38001.10
-38001.10
-38001.10
-38001.10
-38001.10
-38001.10
-38001.10
-38001.10
-38001.10
-38001.10
-38001.10
-38001.10
-38001.10
-38001.10
-38001.10
-38001.10
-38001.10
-38001.10
-38001.10
-38001.10
-38001.10
-38001.10
-38001.10
-38001.10
-38001.10
-38001.10
-37609.34
-38001.10
-38001.10
-37609.34
-37609.34
-37609.34
-37609.34
-37609.34
-37609.34
-37609.34
-37609.34
-37609.34
-37609.34
-37609.34
-37609.34
-37609.34
-37609.34
-37609.34
-37609.34
-37609.34
-37609.34
-37609.34
-37609.34
-37609.34
-37609.34
-37609.34
-37609.34
-37609.34
-37609.34
-37609.34
-37609.34
-37609.34
-37609.34
-37609.34
-37609.34
-37609.34
-37609.34
-37609.34
-37609.34
-37609.34
-37609.34
-37609.34
-37609.34
-37609.34
-37609.34
-37609.34
-37609.34
-37609.34
-37609.34
-37609.34
-37609.34
-37609.34
-37609.34
-37609.34
-37609.34
-37609.34
-37609.34
-37609.34
-37609.34
-37609.34
-37609.34
-37609.34
-37609.34
-37609.34
-37609.34
-37609.34
-37609.34
-37609.34
-37609.34
-37609.34
-37609.34
-37609.34
-37609.34
-37609.34
-37217.58
-37217.58
-37609.34
-37217.58
-37217.58
-37217.58
-37609.34
-37217.58
-37217.58
-37217.58
-37217.58
-37217.58
-37217.58
-37217.58
-37217.58
-37217.58
-37217.58
-37217.58
-37217.58
-37217.58
-37217.58
-37217.58
-37217.58
-37217.58
-37217.58
-37217.58
-37217.58
-37217.58
-37217.58
-37217.58
-37217.58
-37217.58
-37217.58
-37217.58
-37217.58
-37217.58
-37217.58
-37217.58
-37217.58
-37217.58
-37217.58
-37217.58
-37217.58
-37217.58
-37217.58
-37217.58
-37217.58
-37217.58
-37217.58
-37217.58
-37217.58
-37217.58
-37217.58
-37217.58
-37217.58
-37217.58
-37217.58
-37217.58
-37217.58
-37217.58
-36825.81
-36825.81
-37217.58
-37217.58
-36825.81
-37217.58
-37217.58
-36825.81
-36825.81
-36825.81
-36825.81
-36825.81
-36825.81
-36825.81
-36825.81
-36825.81
-36825.81
-36825.81
-36825.81
-36825.81
-36825.81
-36825.81
-36825.81
-36825.81
-36825.81
-36825.81
-36825.81
-36825.81
-36825.81
-36825.81
-36825.81
-36825.81
-36825.81
-36825.81
-36825.81
-36825.81
-36825.81
-36825.81
-36825.81
-36825.81
-36825.81
-36825.81
-36825.81
-36825.81
-36825.81
-36825.81
-36825.81
-36825.81
-36825.81
-36825.81
-36825.81
-36825.81
-36825.81
-36825.81
-36825.81
-36825.81
-36825.81
-36825.81
-36825.81
-36825.81
-36825.81
-36825.81
-36825.81
-36825.81
-36434.05
-36825.81
-36825.81
-36825.81
-36825.81
-36825.81
-36825.81
-36825.81
-36825.81
-36825.81
-36825.81
-36825.81
-36825.81
-36825.81
-36825.81
-36825.81
-36825.81
-36825.81
-36825.81
-36825.81
-36825.81
-36825.81
-36434.05
-36434.05
-36434.05
-36434.05
-36434.05
-36434.05
-36434.05
-36434.05
-36434.05
-36434.05
-36434.05
-36434.05
-36434.05
-36434.05
-36434.05
-36434.05
-36434.05
-36434.05
-36434.05
-36434.05
-36434.05
-36434.05
-36434.05
-36434.05
-36434.05
-36434.05
-36434.05
-36434.05
-36434.05
-36434.05
-36434.05
-36434.05
-36434.05
-36434.05
-36434.05
-36434.05
-36434.05
-36434.05
-36434.05
-36434.05
-36434.05
-36434.05
-36434.05
-36434.05
-36434.05
-36434.05
-36434.05
-36434.05
-36434.05
-36434.05
-36434.05
-36434.05
-36434.05
-36434.05
-36434.05
-36434.05
-36434.05
-36434.05
-36434.05
-36434.05
-36434.05
-36434.05
-36434.05
-36434.05
-36434.05
-36434.05
-36434.05
-36434.05
-36042.28
-36042.28
-36042.28
-36042.28
-36042.28
-36042.28
-36042.28
-36042.28
-36042.28
-36042.28
-36042.28
-36042.28
-36042.28
-36042.28
-36042.28
-36042.28
-36042.28
-36042.28
-36042.28
-36042.28
-36042.28
-36042.28
-36042.28
-36042.28
-36042.28
-36042.28
-36042.28
-36042.28
-36042.28
-36042.28
-36042.28
-36042.28
-36042.28
-36042.28
-36042.28
-36042.28
-36042.28
-36042.28
-36042.28
-36042.28
-36042.28
-36042.28
-36042.28
-36042.28
-36042.28
-36042.28
-36042.28
-36042.28
-36042.28
-36042.28
-36042.28
-36042.28
-36042.28
-36042.28
-36042.28
-36042.28
-36042.28
-36042.28
-36042.28
-36042.28
-35650.52
-35650.52
-35650.52
-35650.52
-35650.52
-35650.52
-35650.52
-35650.52
-35650.52
-35650.52
-35650.52
-35650.52
-35650.52
-35650.52
-35650.52
-36042.28
-36042.28
-36042.28
-36042.28
-35650.52
-35650.52
-35650.52
-35650.52
-35650.52
-35650.52
-35650.52
-35650.52
-35650.52
-35650.52
-35650.52
-35650.52
-35650.52
-35650.52
-35650.52
-35650.52
-35650.52
-35650.52
-35650.52
-35650.52
-35650.52
-35650.52
-35650.52
-35650.52
-35650.52
-35650.52
-35650.52
-35650.52
-35650.52
-35650.52
-35650.52
-35650.52
-35650.52
-35650.52
-35650.52
-35650.52
-35650.52
-35650.52
-35650.52
-35650.52
-35650.52
-35650.52
-35650.52
-35650.52
-35650.52
-35650.52
-35650.52
-35650.52
-35650.52
-35650.52
-35650.52
-35650.52
-35650.52
-35650.52
-35258.76
-35258.76
-35650.52
-35258.76
-35258.76
-35650.52
-35258.76
-35258.76
-35258.76
-35650.52
-35258.76
-35258.76
-35650.52
-35258.76
-35258.76
-35258.76
-35258.76
-35258.76
-35258.76
-35258.76
-35258.76
-35258.76
-35258.76
-35258.76
-35258.76
-35258.76
-35258.76
-35258.76
-35258.76
-35258.76
-35258.76
-35258.76
-35258.76
-35258.76
-35258.76
-35258.76
-35258.76
-35258.76
-35258.76
-35258.76
-35258.76
-35258.76
-35258.76
-35258.76
-35258.76
-35258.76
-35258.76
-35258.76
-35258.76
-35258.76
-35258.76
-35258.76
-35258.76
-35258.76
-35258.76
-35258.76
-35258.76
-35258.76
-35258.76
-35258.76
-35258.76
-35258.76
-35258.76
-35258.76
-35258.76
