IEC 61083-2 TDG Version 2.1.0
Data File Version  2.1.0
17 LI-M5
8 bits, 8332 samples at 10ns
1.000000e-008
223.86
0.00
0.00
0.00
0.00
0.00
0.00
0.00
0.00
0.00
0.00
0.00
0.00
0.00
0.00
0.00
0.00
0.00
0.00
0.00
0.00
0.00
0.00
0.00
0.00
0.00
0.00
0.00
0.00
0.00
0.00
0.00
0.00
0.00
0.00
0.00
0.00
0.00
0.00
0.00
0.00
0.00
0.00
0.00
0.00
0.00
0.00
0.00
0.00
0.00
223.86
0.00
0.00
0.00
223.86
0.00
0.00
0.00
0.00
223.86
0.00
0.00
0.00
0.00
0.00
0.00
0.00
0.00
0.00
0.00
223.86
0.00
0.00
0.00
0.00
0.00
0.00
0.00
0.00
0.00
223.86
0.00
223.86
0.00
0.00
0.00
0.00
0.00
0.00
0.00
0.00
0.00
0.00
0.00
223.86
0.00
0.00
0.00
0.00
0.00
0.00
0.00
0.00
0.00
0.00
0.00
0.00
0.00
0.00
0.00
223.86
0.00
0.00
0.00
0.00
0.00
0.00
0.00
0.00
0.00
223.86
0.00
0.00
0.00
0.00
0.00
0.00
0.00
0.00
0.00
223.86
0.00
0.00
0.00
0.00
0.00
0.00
0.00
0.00
0.00
0.00
0.00
0.00
0.00
0.00
0.00
0.00
0.00
0.00
0.00
0.00
0.00
0.00
0.00
0.00
0.00
0.00
0.00
0.00
-223.86
0.00
0.00
0.00
0.00
0.00
0.00
0.00
0.00
0.00
223.86
0.00
0.00
0.00
0.00
0.00
0.00
0.00
0.00
0.00
0.00
0.00
0.00
0.00
0.00
0.00
0.00
0.00
0.00
0.00
0.00
0.00
0.00
0.00
223.86
0.00
0.00
0.00
0.00
0.00
0.00
-223.86
0.00
0.00
0.00
0.00
0.00
0.00
0.00
0.00
0.00
223.86
0.00
0.00
0.00
0.00
0.00
0.00
0.00
0.00
223.86
-223.86
0.00
0.00
223.86
0.00
0.00
0.00
0.00
0.00
0.00
0.00
0.00
0.00
0.00
0.00
0.00
0.00
223.86
0.00
0.00
0.00
0.00
0.00
0.00
0.00
0.00
0.00
0.00
0.00
0.00
0.00
0.00
0.00
0.00
0.00
0.00
0.00
0.00
0.00
0.00
0.00
0.00
0.00
0.00
0.00
0.00
0.00
0.00
0.00
0.00
-223.86
0.00
0.00
0.00
0.00
0.00
0.00
0.00
0.00
0.00
0.00
0.00
0.00
0.00
0.00
0.00
0.00
0.00
0.00
0.00
0.00
0.00
0.00
0.00
0.00
0.00
-223.86
0.00
0.00
0.00
223.86
0.00
0.00
0.00
0.00
0.00
0.00
0.00
0.00
0.00
0.00
0.00
0.00
0.00
0.00
0.00
0.00
0.00
0.00
0.00
223.86
0.00
0.00
0.00
0.00
223.86
0.00
0.00
0.00
0.00
0.00
223.86
0.00
0.00
0.00
0.00
0.00
0.00
0.00
0.00
223.86
0.00
0.00
0.00
0.00
0.00
0.00
0.00
0.00
223.86
0.00
0.00
0.00
0.00
0.00
0.00
0.00
0.00
0.00
0.00
0.00
0.00
0.00
0.00
0.00
0.00
0.00
0.00
0.00
0.00
0.00
0.00
0.00
0.00
0.00
0.00
0.00
0.00
0.00
0.00
0.00
0.00
0.00
0.00
0.00
0.00
0.00
0.00
0.00
0.00
0.00
0.00
0.00
0.00
0.00
0.00
0.00
0.00
0.00
0.00
-223.86
0.00
0.00
0.00
0.00
0.00
0.00
0.00
0.00
0.00
223.86
0.00
0.00
0.00
0.00
0.00
223.86
0.00
0.00
0.00
0.00
0.00
0.00
0.00
0.00
0.00
0.00
0.00
0.00
0.00
0.00
0.00
0.00
0.00
0.00
223.86
0.00
0.00
0.00
0.00
0.00
0.00
0.00
0.00
0.00
0.00
223.86
0.00
0.00
0.00
0.00
0.00
0.00
0.00
0.00
0.00
223.86
0.00
0.00
0.00
0.00
0.00
0.00
0.00
0.00
0.00
0.00
223.86
0.00
0.00
0.00
0.00
0.00
0.00
0.00
223.86
0.00
0.00
0.00
0.00
0.00
0.00
0.00
0.00
0.00
0.00
0.00
0.00
0.00
0.00
-223.86
0.00
0.00
0.00
0.00
0.00
223.86
0.00
0.00
0.00
223.86
0.00
0.00
0.00
0.00
0.00
0.00
0.00
0.00
0.00
0.00
0.00
0.00
0.00
0.00
223.86
0.00
0.00
0.00
0.00
0.00
0.00
0.00
0.00
0.00
0.00
223.86
0.00
0.00
223.86
0.00
0.00
0.00
0.00
0.00
0.00
0.00
0.00
0.00
0.00
0.00
0.00
0.00
0.00
0.00
0.00
0.00
0.00
0.00
0.00
0.00
0.00
0.00
0.00
0.00
0.00
0.00
0.00
0.00
0.00
0.00
0.00
0.00
0.00
0.00
0.00
0.00
0.00
0.00
0.00
-223.86
0.00
0.00
0.00
0.00
0.00
0.00
0.00
0.00
0.00
0.00
0.00
0.00
0.00
0.00
0.00
0.00
0.00
0.00
0.00
0.00
0.00
0.00
0.00
0.00
0.00
0.00
0.00
0.00
0.00
223.86
0.00
0.00
0.00
0.00
223.86
223.86
0.00
0.00
0.00
0.00
0.00
0.00
0.00
0.00
0.00
0.00
0.00
0.00
0.00
0.00
0.00
0.00
0.00
0.00
0.00
0.00
0.00
0.00
0.00
223.86
0.00
0.00
0.00
0.00
0.00
223.86
0.00
0.00
0.00
0.00
0.00
0.00
0.00
223.86
0.00
223.86
-223.86
0.00
0.00
0.00
0.00
0.00
0.00
0.00
0.00
0.00
223.86
0.00
0.00
0.00
0.00
0.00
0.00
0.00
0.00
0.00
0.00
0.00
0.00
0.00
0.00
0.00
0.00
0.00
0.00
0.00
223.86
0.00
0.00
0.00
0.00
0.00
0.00
0.00
0.00
0.00
0.00
0.00
0.00
0.00
0.00
0.00
0.00
0.00
0.00
0.00
0.00
0.00
0.00
0.00
0.00
0.00
0.00
0.00
0.00
0.00
0.00
0.00
0.00
0.00
0.00
0.00
0.00
0.00
0.00
0.00
0.00
0.00
0.00
0.00
0.00
0.00
0.00
0.00
0.00
0.00
0.00
0.00
0.00
-223.86
0.00
0.00
0.00
0.00
0.00
0.00
0.00
0.00
0.00
-223.86
0.00
0.00
0.00
0.00
0.00
0.00
0.00
0.00
0.00
223.86
0.00
0.00
0.00
0.00
0.00
0.00
0.00
0.00
0.00
0.00
0.00
-223.86
0.00
0.00
0.00
0.00
0.00
0.00
0.00
0.00
0.00
0.00
0.00
0.00
0.00
-223.86
0.00
0.00
0.00
-223.86
0.00
0.00
0.00
0.00
0.00
0.00
0.00
0.00
-223.86
0.00
0.00
0.00
0.00
0.00
0.00
-223.86
0.00
0.00
0.00
-223.86
0.00
0.00
0.00
0.00
0.00
0.00
0.00
0.00
0.00
0.00
0.00
0.00
0.00
0.00
0.00
0.00
0.00
-223.86
0.00
223.86
0.00
0.00
0.00
0.00
0.00
-223.86
0.00
0.00
0.00
0.00
0.00
0.00
0.00
0.00
0.00
0.00
0.00
0.00
0.00
0.00
0.00
0.00
0.00
0.00
-223.86
0.00
0.00
0.00
0.00
-223.86
0.00
0.00
0.00
0.00
-223.86
0.00
0.00
0.00
0.00
0.00
-223.86
0.00
-223.86
0.00
0.00
223.86
-223.86
0.00
0.00
0.00
0.00
0.00
0.00
0.00
0.00
0.00
0.00
0.00
0.00
0.00
-223.86
0.00
0.00
0.00
0.00
0.00
223.86
0.00
0.00
0.00
0.00
0.00
0.00
0.00
0.00
0.00
0.00
0.00
0.00
0.00
0.00
0.00
0.00
0.00
0.00
0.00
0.00
0.00
0.00
0.00
223.86
0.00
223.86
0.00
0.00
0.00
0.00
0.00
0.00
0.00
0.00
0.00
0.00
0.00
0.00
223.86
0.00
0.00
0.00
0.00
0.00
0.00
0.00
0.00
0.00
0.00
0.00
0.00
223.86
-223.86
0.00
0.00
0.00
0.00
0.00
0.00
0.00
0.00
0.00
223.86
0.00
223.86
0.00
0.00
0.00
0.00
0.00
0.00
0.00
223.86
0.00
0.00
0.00
0.00
0.00
0.00
0.00
0.00
0.00
-223.86
0.00
0.00
0.00
0.00
0.00
0.00
0.00
0.00
0.00
0.00
0.00
0.00
0.00
0.00
223.86
0.00
0.00
0.00
0.00
0.00
0.00
0.00
0.00
0.00
0.00
0.00
223.86
671.59
447.73
-1343.18
-3357.95
-5820.45
-7835.22
-8506.81
-8282.94
-6492.04
-5372.72
-4253.40
-3357.95
-2238.63
-1790.91
-1790.91
-2686.36
-4477.27
-6044.31
-7163.63
-7835.22
-7387.49
-6492.04
-4924.99
-4253.40
-2910.22
-1790.91
-1343.18
-1790.91
-2462.50
-3357.95
-4029.54
-4924.99
-5148.86
-6044.31
-6492.04
-6492.04
-6492.04
-5820.45
-5372.72
-5372.72
-5820.45
-6044.31
-6268.17
-6044.31
-6268.17
-6939.76
-8282.94
-9178.40
-9626.12
-10073.85
-9849.99
-10073.85
-9849.99
-10969.30
-9849.99
-10073.85
-9849.99
-10073.85
-10297.71
-10969.30
-11640.89
-11864.76
-12536.35
-12312.48
-12312.48
-12088.62
-12088.62
-12088.62
-12088.62
-12312.48
-11864.76
-11417.03
-10745.44
-10521.58
-10745.44
-10969.30
-11417.03
-11640.89
-12312.48
-13431.80
-14327.25
-15222.71
-15894.30
-16118.16
-16342.02
-16565.89
-16789.75
-16789.75
-16789.75
-17013.61
-17461.34
-17909.07
-18804.52
-19252.25
-19699.97
-19923.84
-19699.97
-19252.25
-18580.66
-18132.93
-17909.07
-17909.07
-18356.79
-18356.79
-18580.66
-18804.52
-19252.25
-19476.11
-19699.97
-19476.11
-19252.25
-18804.52
-19028.38
-19028.38
-19699.97
-20371.56
-21267.02
-22386.33
-23281.79
-24401.10
-24624.97
-24848.83
-25072.69
-24848.83
-24848.83
-25072.69
-25296.56
-25520.42
-25520.42
-25968.15
-25968.15
-26192.01
-26415.87
-26415.87
-26639.74
-26863.60
-27311.33
-27311.33
-27311.33
-27311.33
-26639.74
-26415.87
-26639.74
-26863.60
-27311.33
-27982.92
-28654.51
-29102.23
-29773.82
-30221.55
-30445.41
-30669.28
-31117.00
-31340.87
-31788.59
-32236.32
-32684.04
-32907.91
-33355.63
-34027.22
-34251.09
-34922.68
-35146.54
-35370.40
-35370.40
-35594.27
-35594.27
-35594.27
-35594.27
-35818.13
-36041.99
-36041.99
-36489.72
-36937.45
-36937.45
-36937.45
-36937.45
-36937.45
-37161.31
-37161.31
-37609.04
-37609.04
-37832.90
-38280.63
-38504.49
-38728.35
-38952.22
-39623.81
-39847.67
-40071.53
-40519.26
-40743.12
-41190.85
-41414.71
-41638.58
-41862.44
-42086.30
-42310.17
-42757.89
-42981.76
-43205.62
-43205.62
-43429.48
-43429.48
-43429.48
-43429.48
-43653.35
-43429.48
-43429.48
-43429.48
-43429.48
-43429.48
-43429.48
-43429.48
-43653.35
-43653.35
-43653.35
-43877.21
-44101.07
-44101.07
-44548.80
-44772.66
-45220.39
-45444.25
-45668.12
-45891.98
-45891.98
-46115.84
-46339.71
-46563.57
-47011.30
-47011.30
-47459.02
-47682.89
-47906.75
-48130.61
-48130.61
-48130.61
-48354.48
-48130.61
-48130.61
-48130.61
-48130.61
-48130.61
-48130.61
-48130.61
-48354.48
-48354.48
-48354.48
-48578.34
-48578.34
-48578.34
-48354.48
-48578.34
-48802.20
-48802.20
-49026.07
-49249.93
-49473.79
-49921.52
-50145.38
-50369.25
-50593.11
-50816.97
-51040.84
-51264.70
-51264.70
-51488.56
-51712.43
-51712.43
-51936.29
-52160.15
-52160.15
-52384.02
-52384.02
-52607.88
-52607.88
-52607.88
-52607.88
-52384.02
-52384.02
-52607.88
-52384.02
-52607.88
-52831.74
-53055.61
-53055.61
-53279.47
-53279.47
-53279.47
-53279.47
-53503.33
-53503.33
-53503.33
-53727.20
-53951.06
-54174.92
-54398.79
-54398.79
-54846.51
-54846.51
-55070.38
-55070.38
-55518.10
-55294.24
-55294.24
-55518.10
-55518.10
-55518.10
-55741.97
-55741.97
-55965.83
-55965.83
-55965.83
-55741.97
-55518.10
-55518.10
-55294.24
-55294.24
-55294.24
-55294.24
-55294.24
-55294.24
-55518.10
-55518.10
-55518.10
-55518.10
-55518.10
-55294.24
-55518.10
-55518.10
-55518.10
-55294.24
-55741.97
-55741.97
-55741.97
-55965.83
-56189.69
-56413.56
-56189.69
-56189.69
-55965.83
-56189.69
-55965.83
-55741.97
-55518.10
-55518.10
-55518.10
-55518.10
-55741.97
-55518.10
-55518.10
-55294.24
-55294.24
-55070.38
-55070.38
-54846.51
-54622.65
-54398.79
-54398.79
-54398.79
-54398.79
-54398.79
-54622.65
-54622.65
-54622.65
-54622.65
-54398.79
-54398.79
-54398.79
-54398.79
-54398.79
-54398.79
-54622.65
-54622.65
-54622.65
-54622.65
-54622.65
-54622.65
-54622.65
-54398.79
-54174.92
-54174.92
-54174.92
-53951.06
-53951.06
-53727.20
-53727.20
-53503.33
-53503.33
-53503.33
-53279.47
-53279.47
-53279.47
-53055.61
-53055.61
-52831.74
-52831.74
-52831.74
-52831.74
-52831.74
-52831.74
-52607.88
-52831.74
-53055.61
-53055.61
-53055.61
-53055.61
-53055.61
-53055.61
-53055.61
-53055.61
-52831.74
-52831.74
-52831.74
-52831.74
-52831.74
-52831.74
-52831.74
-52607.88
-52607.88
-52607.88
-52607.88
-52384.02
-52160.15
-52160.15
-52160.15
-51936.29
-51712.43
-51712.43
-51712.43
-51712.43
-51712.43
-51712.43
-51712.43
-51488.56
-51488.56
-51488.56
-51488.56
-51488.56
-51488.56
-51488.56
-51488.56
-51488.56
-51488.56
-51488.56
-51488.56
-51488.56
-51264.70
-51264.70
-51264.70
-51040.84
-51040.84
-50816.97
-50593.11
-50593.11
-50593.11
-50593.11
-50369.25
-50369.25
-50145.38
-49921.52
-49921.52
-49921.52
-49697.66
-49473.79
-49473.79
-49249.93
-49026.07
-49026.07
-49026.07
-48802.20
-48802.20
-48802.20
-48802.20
-48802.20
-48578.34
-48578.34
-48354.48
-48354.48
-48354.48
-48130.61
-48130.61
-48130.61
-48130.61
-48130.61
-47906.75
-47906.75
-47459.02
-47459.02
-47459.02
-47235.16
-47011.30
-47235.16
-46787.43
-46787.43
-46787.43
-46563.57
-46339.71
-46339.71
-46115.84
-45891.98
-45891.98
-45891.98
-45668.12
-45668.12
-45444.25
-45444.25
-45444.25
-45444.25
-45444.25
-45444.25
-45220.39
-45220.39
-45220.39
-44996.53
-44996.53
-44772.66
-44772.66
-44996.53
-44772.66
-44548.80
-44548.80
-44548.80
-44324.94
-44324.94
-44324.94
-44324.94
-44101.07
-44101.07
-44101.07
-43877.21
-43877.21
-43653.35
-43653.35
-43653.35
-43429.48
-43429.48
-43205.62
-43205.62
-43205.62
-42981.76
-43205.62
-42981.76
-42981.76
-42981.76
-42981.76
-42981.76
-42981.76
-42981.76
-42981.76
-42757.89
-42981.76
-42757.89
-42757.89
-42757.89
-42757.89
-42534.03
-42534.03
-42534.03
-42534.03
-42534.03
-42534.03
-42310.17
-42310.17
-42310.17
-42086.30
-42086.30
-41862.44
-41862.44
-41862.44
-41638.58
-41862.44
-41638.58
-41414.71
-41638.58
-41638.58
-41414.71
-41414.71
-41638.58
-41414.71
-41414.71
-41414.71
-41414.71
-41190.85
-41190.85
-41190.85
-41190.85
-41190.85
-41190.85
-41190.85
-40966.99
-40966.99
-40966.99
-40966.99
-40966.99
-40966.99
-40743.12
-40743.12
-40519.26
-40519.26
-40295.40
-40519.26
-40295.40
-40295.40
-40071.53
-40071.53
-40071.53
-39847.67
-39847.67
-39847.67
-39847.67
-39847.67
-39623.81
-39623.81
-39623.81
-39623.81
-39623.81
-39623.81
-39399.94
-39399.94
-39399.94
-39399.94
-39399.94
-39176.08
-39176.08
-39176.08
-39176.08
-39176.08
-39176.08
-39176.08
-39176.08
-39176.08
-38952.22
-38952.22
-38952.22
-38952.22
-38728.35
-38728.35
-38728.35
-38728.35
-38728.35
-38504.49
-38728.35
-38504.49
-38504.49
-38504.49
-38504.49
-38280.63
-38504.49
-38504.49
-38280.63
-38280.63
-38504.49
-38280.63
-38280.63
-38280.63
-38280.63
-38280.63
-38280.63
-38280.63
-38280.63
-38504.49
-38280.63
-38280.63
-38280.63
-38280.63
-38280.63
-38280.63
-38280.63
-38280.63
-38280.63
-38280.63
-38280.63
-38056.76
-38056.76
-38280.63
-38280.63
-38056.76
-38280.63
-38056.76
-38056.76
-38056.76
-38280.63
-38056.76
-38056.76
-38280.63
-38280.63
-38056.76
-38056.76
-38056.76
-38056.76
-38056.76
-38280.63
-38280.63
-38280.63
-38280.63
-38280.63
-38280.63
-38280.63
-38280.63
-38280.63
-38280.63
-38504.49
-38280.63
-38504.49
-38504.49
-38504.49
-38280.63
-38280.63
-38504.49
-38280.63
-38280.63
-38280.63
-38280.63
-38280.63
-38504.49
-38280.63
-38280.63
-38504.49
-38280.63
-38280.63
-38504.49
-38280.63
-38280.63
-38504.49
-38504.49
-38280.63
-38504.49
-38280.63
-38504.49
-38504.49
-38504.49
-38504.49
-38504.49
-38728.35
-38728.35
-38504.49
-38728.35
-38504.49
-38504.49
-38504.49
-38504.49
-38728.35
-38504.49
-38504.49
-38504.49
-38504.49
-38504.49
-38504.49
-38504.49
-38504.49
-38280.63
-38504.49
-38504.49
-38504.49
-38504.49
-38504.49
-38728.35
-38504.49
-38728.35
-38728.35
-38504.49
-38728.35
-38728.35
-38728.35
-38728.35
-38728.35
-38728.35
-38952.22
-38728.35
-38952.22
-38952.22
-38952.22
-38952.22
-38952.22
-38952.22
-38952.22
-38952.22
-39176.08
-38952.22
-38952.22
-39176.08
-39176.08
-38952.22
-38952.22
-39176.08
-39176.08
-38952.22
-39176.08
-39176.08
-39176.08
-39176.08
-39176.08
-39176.08
-39176.08
-39399.94
-39399.94
-39399.94
-39399.94
-39399.94
-39399.94
-39399.94
-39623.81
-39623.81
-39623.81
-39623.81
-39623.81
-39623.81
-39847.67
-39623.81
-39623.81
-39623.81
-39847.67
-39847.67
-39847.67
-39847.67
-39847.67
-39847.67
-39847.67
-39847.67
-39847.67
-40071.53
-40071.53
-40071.53
-39847.67
-40071.53
-40071.53
-40071.53
-40071.53
-40071.53
-40071.53
-40071.53
-40295.40
-40071.53
-40071.53
-40295.40
-40295.40
-40295.40
-40295.40
-40295.40
-40519.26
-40295.40
-40519.26
-40519.26
-40519.26
-40519.26
-40519.26
-40519.26
-40743.12
-40519.26
-40519.26
-40519.26
-40519.26
-40743.12
-40743.12
-40743.12
-40519.26
-40743.12
-40743.12
-40743.12
-40743.12
-40743.12
-40743.12
-40743.12
-40743.12
-40743.12
-40743.12
-40743.12
-40966.99
-40966.99
-40966.99
-40966.99
-40966.99
-40966.99
-40966.99
-41190.85
-40966.99
-41190.85
-41190.85
-41190.85
-41190.85
-41190.85
-41190.85
-41190.85
-41190.85
-41190.85
-41190.85
-41190.85
-41190.85
-41190.85
-41190.85
-41414.71
-41190.85
-41190.85
-41414.71
-41414.71
-41190.85
-41414.71
-41414.71
-41414.71
-41414.71
-41414.71
-41414.71
-41414.71
-41414.71
-41414.71
-41414.71
-41638.58
-41414.71
-41638.58
-41638.58
-41638.58
-41638.58
-41638.58
-41638.58
-41862.44
-41638.58
-41638.58
-41638.58
-41638.58
-41638.58
-41862.44
-41862.44
-41862.44
-41862.44
-41862.44
-41638.58
-41862.44
-41862.44
-41862.44
-41862.44
-42086.30
-42086.30
-41862.44
-42086.30
-42086.30
-41862.44
-41862.44
-42086.30
-41862.44
-41862.44
-42086.30
-42086.30
-42086.30
-42086.30
-42086.30
-42086.30
-42086.30
-42086.30
-42086.30
-42086.30
-42086.30
-42310.17
-42086.30
-42086.30
-42086.30
-42310.17
-42086.30
-42086.30
-42310.17
-42086.30
-42086.30
-42310.17
-42086.30
-42086.30
-42310.17
-42310.17
-42086.30
-42310.17
-42086.30
-42086.30
-42086.30
-42310.17
-42086.30
-42086.30
-42310.17
-42310.17
-42086.30
-42310.17
-42310.17
-42310.17
-42086.30
-42310.17
-42310.17
-42310.17
-42310.17
-42310.17
-42310.17
-42310.17
-42310.17
-42310.17
-42310.17
-42310.17
-42310.17
-42310.17
-42310.17
-42310.17
-42310.17
-42310.17
-42310.17
-42310.17
-42310.17
-42310.17
-42310.17
-42310.17
-42310.17
-42310.17
-42310.17
-42310.17
-42310.17
-42310.17
-42086.30
-42310.17
-42310.17
-42310.17
-42310.17
-42310.17
-42086.30
-42310.17
-42310.17
-42310.17
-42310.17
-42310.17
-42086.30
-42310.17
-42310.17
-42310.17
-42310.17
-42310.17
-42310.17
-42086.30
-42310.17
-42310.17
-42310.17
-42310.17
-42310.17
-42310.17
-42310.17
-42310.17
-42310.17
-42310.17
-42310.17
-42310.17
-42310.17
-42310.17
-42310.17
-42310.17
-42086.30
-42310.17
-42310.17
-42086.30
-42310.17
-42310.17
-42310.17
-42310.17
-42310.17
-42310.17
-42086.30
-42086.30
-42310.17
-42086.30
-42310.17
-42086.30
-42310.17
-42086.30
-42310.17
-42310.17
-42310.17
-42086.30
-42310.17
-42086.30
-42086.30
-42310.17
-42086.30
-42086.30
-42086.30
-42086.30
-42086.30
-42086.30
-42086.30
-42086.30
-42310.17
-42086.30
-42086.30
-42086.30
-42086.30
-42086.30
-42086.30
-42086.30
-42086.30
-41862.44
-42086.30
-42086.30
-42086.30
-42086.30
-42086.30
-42086.30
-41862.44
-42086.30
-42086.30
-41862.44
-42086.30
-42086.30
-41862.44
-41862.44
-41862.44
-41862.44
-41862.44
-41862.44
-41862.44
-41862.44
-41862.44
-41862.44
-41862.44
-41862.44
-41862.44
-41862.44
-41862.44
-41862.44
-41862.44
-41862.44
-41862.44
-41862.44
-41638.58
-41638.58
-41638.58
-41638.58
-41638.58
-41862.44
-41638.58
-41638.58
-41638.58
-41862.44
-41638.58
-41638.58
-41638.58
-41638.58
-41638.58
-41638.58
-41638.58
-41638.58
-41638.58
-41638.58
-41638.58
-41638.58
-41638.58
-41638.58
-41414.71
-41638.58
-41414.71
-41414.71
-41414.71
-41638.58
-41414.71
-41414.71
-41638.58
-41414.71
-41638.58
-41638.58
-41414.71
-41414.71
-41414.71
-41414.71
-41414.71
-41414.71
-41414.71
-41414.71
-41414.71
-41414.71
-41414.71
-41190.85
-41414.71
-41414.71
-41414.71
-41414.71
-41414.71
-41414.71
-41190.85
-41414.71
-41190.85
-41414.71
-41190.85
-41414.71
-41190.85
-41190.85
-41414.71
-41190.85
-41414.71
-41190.85
-41190.85
-41190.85
-41414.71
-41190.85
-41190.85
-41190.85
-41190.85
-41190.85
-41190.85
-41190.85
-41190.85
-41190.85
-41190.85
-41190.85
-41190.85
-40966.99
-41190.85
-41190.85
-40966.99
-41190.85
-41190.85
-40966.99
-40966.99
-41190.85
-40966.99
-40966.99
-41190.85
-40966.99
-41190.85
-40966.99
-40966.99
-40966.99
-40966.99
-41190.85
-40966.99
-40966.99
-40966.99
-40966.99
-40966.99
-40966.99
-40966.99
-40966.99
-40966.99
-40966.99
-40966.99
-40966.99
-40966.99
-40966.99
-40966.99
-40966.99
-40743.12
-40743.12
-40966.99
-40966.99
-40966.99
-40743.12
-40743.12
-40966.99
-40743.12
-40743.12
-40743.12
-40743.12
-40743.12
-40743.12
-40743.12
-40743.12
-40966.99
-40743.12
-40743.12
-40743.12
-40743.12
-40743.12
-40743.12
-40743.12
-40743.12
-40743.12
-40743.12
-40743.12
-40519.26
-40743.12
-40743.12
-40519.26
-40519.26
-40743.12
-40743.12
-40743.12
-40743.12
-40519.26
-40743.12
-40743.12
-40743.12
-40519.26
-40743.12
-40743.12
-40519.26
-40519.26
-40743.12
-40519.26
-40743.12
-40519.26
-40743.12
-40519.26
-40519.26
-40743.12
-40519.26
-40519.26
-40519.26
-40519.26
-40519.26
-40743.12
-40519.26
-40519.26
-40519.26
-40743.12
-40519.26
-40519.26
-40519.26
-40519.26
-40519.26
-40519.26
-40519.26
-40519.26
-40743.12
-40519.26
-40519.26
-40519.26
-40519.26
-40519.26
-40519.26
-40519.26
-40519.26
-40519.26
-40519.26
-40519.26
-40519.26
-40519.26
-40519.26
-40519.26
-40519.26
-40743.12
-40519.26
-40519.26
-40519.26
-40519.26
-40295.40
-40519.26
-40519.26
-40519.26
-40295.40
-40519.26
-40519.26
-40519.26
-40519.26
-40519.26
-40519.26
-40519.26
-40519.26
-40295.40
-40519.26
-40519.26
-40519.26
-40519.26
-40519.26
-40519.26
-40519.26
-40519.26
-40519.26
-40519.26
-40519.26
-40519.26
-40519.26
-40295.40
-40519.26
-40519.26
-40519.26
-40519.26
-40519.26
-40519.26
-40519.26
-40519.26
-40519.26
-40519.26
-40295.40
-40519.26
-40519.26
-40519.26
-40519.26
-40519.26
-40519.26
-40519.26
-40519.26
-40519.26
-40519.26
-40519.26
-40519.26
-40519.26
-40519.26
-40519.26
-40519.26
-40519.26
-40519.26
-40519.26
-40743.12
-40519.26
-40519.26
-40519.26
-40519.26
-40519.26
-40519.26
-40519.26
-40519.26
-40519.26
-40519.26
-40519.26
-40519.26
-40519.26
-40519.26
-40519.26
-40519.26
-40519.26
-40519.26
-40519.26
-40519.26
-40743.12
-40519.26
-40519.26
-40519.26
-40519.26
-40519.26
-40743.12
-40519.26
-40519.26
-40743.12
-40743.12
-40743.12
-40519.26
-40519.26
-40519.26
-40519.26
-40519.26
-40519.26
-40519.26
-40743.12
-40519.26
-40743.12
-40519.26
-40519.26
-40519.26
-40743.12
-40519.26
-40743.12
-40519.26
-40743.12
-40519.26
-40743.12
-40743.12
-40743.12
-40743.12
-40519.26
-40743.12
-40743.12
-40519.26
-40743.12
-40743.12
-40743.12
-40743.12
-40743.12
-40743.12
-40743.12
-40743.12
-40743.12
-40743.12
-40743.12
-40743.12
-40743.12
-40743.12
-40743.12
-40519.26
-40743.12
-40743.12
-40743.12
-40743.12
-40966.99
-40743.12
-40743.12
-40743.12
-40743.12
-40743.12
-40743.12
-40966.99
-40743.12
-40743.12
-40966.99
-40966.99
-40743.12
-40743.12
-40966.99
-40743.12
-40743.12
-40743.12
-40743.12
-40743.12
-40743.12
-40966.99
-40743.12
-40966.99
-40966.99
-40966.99
-40743.12
-40966.99
-40966.99
-40743.12
-40966.99
-40966.99
-40743.12
-40743.12
-40966.99
-40743.12
-40743.12
-40966.99
-40966.99
-40743.12
-40966.99
-40743.12
-40966.99
-40743.12
-40743.12
-40743.12
-40966.99
-40966.99
-40743.12
-40743.12
-40966.99
-40966.99
-40743.12
-40966.99
-40966.99
-40743.12
-40743.12
-40966.99
-40966.99
-40966.99
-40966.99
-40966.99
-40966.99
-40966.99
-40966.99
-40966.99
-40743.12
-40966.99
-40966.99
-40966.99
-40966.99
-40966.99
-40966.99
-40966.99
-40966.99
-40966.99
-40966.99
-40966.99
-40966.99
-40743.12
-40966.99
-40966.99
-40966.99
-40966.99
-40966.99
-40966.99
-40966.99
-40966.99
-40966.99
-40966.99
-40966.99
-40966.99
-40966.99
-40966.99
-40966.99
-40966.99
-40966.99
-40966.99
-40966.99
-40966.99
-41190.85
-40966.99
-40743.12
-40966.99
-40966.99
-40966.99
-40966.99
-40966.99
-40966.99
-40966.99
-40966.99
-41190.85
-40966.99
-40966.99
-40966.99
-40966.99
-40743.12
-40966.99
-40966.99
-40966.99
-40966.99
-40966.99
-40743.12
-40966.99
-40966.99
-40743.12
-40743.12
-40966.99
-40966.99
-40966.99
-40743.12
-40966.99
-40966.99
-40966.99
-40966.99
-40743.12
-40966.99
-40966.99
-40966.99
-40966.99
-40966.99
-40966.99
-40966.99
-40743.12
-40966.99
-40966.99
-40743.12
-40743.12
-40966.99
-40966.99
-40743.12
-40966.99
-40743.12
-40966.99
-40966.99
-40743.12
-40743.12
-40966.99
-40743.12
-40743.12
-40743.12
-40743.12
-40743.12
-40743.12
-40743.12
-40743.12
-40743.12
-40743.12
-40743.12
-40743.12
-40743.12
-40743.12
-40743.12
-40743.12
-40743.12
-40743.12
-40743.12
-40743.12
-40743.12
-40743.12
-40519.26
-40743.12
-40519.26
-40519.26
-40743.12
-40519.26
-40519.26
-40743.12
-40519.26
-40519.26
-40519.26
-40743.12
-40519.26
-40519.26
-40519.26
-40519.26
-40519.26
-40519.26
-40519.26
-40295.40
-40519.26
-40519.26
-40295.40
-40295.40
-40519.26
-40295.40
-40519.26
-40295.40
-40295.40
-40295.40
-40519.26
-40295.40
-40295.40
-40295.40
-40295.40
-40295.40
-40295.40
-40295.40
-40295.40
-40295.40
-40295.40
-40295.40
-40295.40
-40295.40
-40295.40
-40071.53
-40295.40
-40071.53
-40071.53
-40071.53
-40295.40
-40295.40
-40071.53
-40071.53
-40071.53
-39847.67
-40071.53
-40071.53
-40071.53
-39847.67
-39847.67
-40071.53
-39847.67
-39847.67
-39847.67
-39623.81
-39847.67
-39623.81
-39847.67
-39623.81
-39623.81
-39847.67
-39623.81
-39623.81
-39847.67
-39623.81
-39399.94
-39623.81
-39623.81
-39623.81
-39623.81
-39623.81
-39623.81
-39623.81
-39623.81
-39399.94
-39399.94
-39399.94
-39399.94
-39399.94
-39399.94
-39399.94
-39399.94
-39176.08
-39176.08
-39399.94
-38952.22
-39176.08
-39176.08
-39176.08
-39176.08
-39176.08
-38952.22
-38952.22
-39176.08
-39176.08
-38952.22
-38952.22
-38952.22
-38952.22
-38952.22
-38952.22
-38952.22
-38728.35
-38952.22
-38728.35
-38728.35
-38728.35
-38728.35
-38728.35
-38728.35
-38728.35
-38504.49
-38728.35
-38504.49
-38504.49
-38504.49
-38504.49
-38504.49
-38504.49
-38280.63
-38504.49
-38280.63
-38280.63
-38504.49
-38280.63
-38280.63
-38280.63
-38280.63
-38280.63
-38280.63
-38280.63
-38056.76
-38056.76
-38056.76
-38056.76
-38056.76
-38056.76
-38056.76
-38056.76
-38056.76
-37832.90
-37832.90
-37832.90
-37832.90
-37609.04
-37609.04
-37832.90
-37832.90
-37609.04
-37609.04
-37609.04
-37609.04
-37609.04
-37609.04
-37609.04
-37385.17
-37609.04
-37385.17
-37385.17
-37609.04
-37385.17
-37385.17
-37385.17
-37385.17
-37385.17
-37385.17
-37161.31
-37161.31
-37161.31
-37161.31
-37161.31
-37161.31
-37161.31
-37161.31
-37161.31
-37161.31
-37161.31
-37161.31
-36937.45
-36937.45
-37161.31
-36937.45
-36937.45
-36937.45
-36713.58
-36937.45
-36713.58
-36937.45
-36713.58
-36937.45
-36713.58
-36713.58
-36713.58
-36713.58
-36489.72
-36713.58
-36489.72
-36489.72
-36489.72
-36489.72
-36713.58
-36265.86
-36489.72
-36489.72
-36489.72
-36265.86
-36265.86
-36265.86
-36265.86
-36265.86
-36265.86
-36265.86
-36265.86
-36265.86
-36041.99
-36041.99
-36265.86
-36265.86
-36041.99
-36041.99
-36041.99
-36041.99
-36041.99
-36041.99
-35818.13
-36041.99
-35818.13
-35818.13
-35818.13
-36041.99
-35818.13
-35818.13
-35818.13
-36041.99
-35818.13
-36041.99
-35818.13
-35818.13
-35594.27
-35818.13
-35818.13
-35594.27
-35818.13
-35818.13
-35594.27
-35594.27
-35594.27
-35594.27
-35594.27
-35594.27
-35594.27
-35594.27
-35370.40
-35594.27
-35594.27
-35370.40
-35594.27
-35594.27
-35370.40
-35370.40
-35370.40
-35370.40
-35370.40
-35370.40
-35370.40
-35370.40
-35370.40
-35370.40
-35370.40
-35370.40
-35370.40
-35370.40
-35146.54
-35370.40
-35370.40
-35146.54
-35146.54
-35146.54
-35146.54
-35146.54
-35146.54
-34922.68
-35146.54
-35146.54
-34922.68
-34922.68
-35146.54
-35146.54
-35146.54
-34922.68
-35146.54
-35146.54
-34922.68
-35146.54
-34922.68
-34922.68
-35146.54
-34922.68
-34922.68
-35146.54
-34922.68
-34922.68
-34922.68
-34922.68
-34922.68
-34922.68
-35146.54
-34922.68
-34922.68
-34922.68
-34922.68
-34922.68
-34922.68
-34922.68
-34922.68
-34922.68
-34922.68
-34922.68
-34922.68
-35146.54
-34922.68
-34922.68
-34922.68
-34922.68
-34922.68
-34922.68
-35146.54
-34922.68
-34922.68
-34922.68
-34922.68
-34922.68
-34922.68
-34922.68
-34922.68
-34922.68
-34922.68
-34922.68
-34922.68
-34922.68
-34922.68
-34922.68
-34922.68
-34922.68
-34922.68
-34922.68
-34922.68
-34922.68
-34922.68
-34922.68
-35146.54
-34922.68
-34922.68
-34922.68
-34922.68
-34922.68
-34922.68
-34922.68
-34922.68
-34922.68
-34922.68
-34922.68
-34922.68
-35146.54
-34922.68
-34922.68
-35146.54
-34922.68
-34922.68
-35146.54
-34922.68
-34922.68
-34922.68
-35146.54
-34922.68
-34922.68
-35146.54
-34922.68
-34922.68
-35146.54
-34922.68
-34922.68
-34922.68
-35146.54
-35146.54
-34922.68
-35146.54
-35146.54
-34922.68
-35146.54
-35146.54
-35146.54
-34922.68
-35146.54
-35146.54
-35146.54
-35146.54
-35146.54
-35146.54
-35146.54
-35146.54
-35146.54
-35146.54
-35146.54
-35146.54
-35146.54
-35146.54
-35146.54
-35146.54
-35146.54
-35146.54
-35146.54
-35146.54
-35370.40
-35146.54
-35370.40
-35146.54
-35370.40
-35146.54
-35370.40
-35370.40
-35370.40
-35370.40
-35370.40
-35370.40
-35370.40
-35370.40
-35370.40
-35370.40
-35370.40
-35370.40
-35370.40
-35370.40
-35370.40
-35370.40
-35594.27
-35370.40
-35594.27
-35370.40
-35594.27
-35370.40
-35594.27
-35370.40
-35594.27
-35370.40
-35370.40
-35594.27
-35594.27
-35370.40
-35594.27
-35594.27
-35594.27
-35594.27
-35594.27
-35594.27
-35594.27
-35594.27
-35594.27
-35594.27
-35594.27
-35594.27
-35594.27
-35594.27
-35818.13
-35594.27
-35594.27
-35818.13
-35818.13
-35818.13
-35818.13
-35818.13
-35818.13
-35818.13
-35818.13
-35818.13
-35818.13
-35818.13
-35818.13
-35818.13
-35818.13
-35818.13
-35818.13
-35818.13
-35818.13
-35818.13
-35818.13
-36041.99
-35818.13
-36041.99
-35818.13
-35818.13
-35818.13
-35818.13
-36041.99
-35818.13
-36041.99
-36041.99
-36041.99
-35818.13
-36041.99
-36041.99
-35818.13
-36041.99
-36041.99
-35818.13
-36041.99
-36041.99
-36041.99
-36041.99
-36041.99
-36041.99
-36041.99
-36041.99
-36041.99
-36041.99
-36041.99
-36265.86
-36041.99
-36041.99
-36041.99
-36041.99
-36041.99
-36041.99
-36041.99
-36041.99
-36041.99
-36041.99
-36041.99
-36041.99
-36041.99
-36265.86
-36041.99
-36041.99
-36265.86
-36041.99
-36041.99
-36265.86
-36265.86
-36041.99
-36041.99
-36265.86
-36041.99
-36041.99
-36265.86
-36041.99
-36265.86
-36265.86
-36041.99
-36041.99
-36041.99
-36265.86
-36041.99
-36265.86
-36265.86
-36265.86
-36041.99
-36265.86
-36265.86
-36041.99
-36041.99
-36265.86
-36041.99
-36265.86
-36265.86
-36265.86
-36041.99
-36265.86
-36265.86
-36265.86
-36265.86
-36265.86
-36265.86
-36041.99
-36265.86
-36041.99
-36265.86
-36265.86
-36265.86
-36265.86
-36265.86
-36489.72
-36041.99
-36265.86
-36265.86
-36265.86
-36265.86
-36265.86
-36265.86
-36265.86
-36265.86
-36265.86
-36265.86
-36265.86
-36265.86
-36265.86
-36265.86
-36265.86
-36265.86
-36265.86
-36265.86
-36265.86
-36265.86
-36265.86
-36265.86
-36265.86
-36265.86
-36265.86
-36265.86
-36265.86
-36265.86
-36489.72
-36265.86
-36265.86
-36265.86
-36265.86
-36265.86
-36265.86
-36265.86
-36265.86
-36265.86
-36265.86
-36265.86
-36265.86
-36265.86
-36265.86
-36041.99
-36265.86
-36265.86
-36265.86
-36265.86
-36265.86
-36041.99
-36265.86
-36265.86
-36041.99
-36265.86
-36041.99
-36041.99
-36041.99
-36265.86
-36265.86
-36041.99
-36265.86
-36265.86
-36041.99
-36041.99
-36041.99
-36265.86
-36041.99
-36265.86
-36041.99
-36041.99
-36041.99
-36041.99
-36041.99
-36041.99
-36041.99
-36041.99
-36041.99
-36041.99
-36041.99
-36041.99
-36041.99
-36041.99
-36041.99
-36041.99
-36041.99
-36041.99
-36041.99
-36041.99
-36041.99
-35818.13
-36041.99
-36041.99
-35818.13
-35818.13
-36041.99
-35818.13
-35818.13
-35818.13
-35818.13
-35818.13
-35818.13
-36041.99
-35818.13
-35818.13
-35818.13
-35818.13
-35818.13
-35818.13
-36041.99
-35818.13
-35818.13
-35818.13
-35818.13
-35818.13
-35818.13
-35818.13
-35594.27
-35818.13
-35818.13
-35594.27
-35594.27
-35594.27
-35594.27
-35594.27
-35818.13
-35594.27
-35594.27
-35594.27
-35594.27
-35594.27
-35594.27
-35594.27
-35594.27
-35594.27
-35594.27
-35594.27
-35370.40
-35594.27
-35594.27
-35594.27
-35370.40
-35370.40
-35370.40
-35370.40
-35594.27
-35370.40
-35370.40
-35370.40
-35594.27
-35370.40
-35370.40
-35370.40
-35370.40
-35370.40
-35370.40
-35370.40
-35370.40
-35370.40
-35146.54
-35370.40
-35146.54
-35370.40
-35146.54
-35370.40
-35146.54
-35146.54
-35146.54
-35370.40
-35146.54
-35146.54
-35146.54
-35146.54
-35146.54
-35146.54
-34922.68
-35146.54
-34922.68
-35146.54
-35146.54
-34922.68
-34922.68
-34922.68
-34922.68
-34922.68
-34922.68
-34922.68
-34922.68
-34922.68
-34922.68
-34922.68
-34922.68
-34922.68
-34922.68
-34698.81
-34922.68
-34922.68
-34698.81
-34922.68
-34922.68
-34698.81
-34698.81
-34698.81
-34698.81
-34698.81
-34698.81
-34698.81
-34698.81
-34698.81
-34698.81
-34698.81
-34698.81
-34698.81
-34698.81
-34698.81
-34474.95
-34474.95
-34474.95
-34474.95
-34474.95
-34474.95
-34474.95
-34474.95
-34474.95
-34251.09
-34474.95
-34474.95
-34474.95
-34474.95
-34474.95
-34251.09
-34251.09
-34474.95
-34251.09
-34251.09
-34474.95
-34474.95
-34251.09
-34251.09
-34251.09
-34251.09
-34251.09
-34251.09
-34251.09
-34251.09
-34027.22
-34251.09
-34027.22
-34251.09
-34251.09
-34027.22
-34027.22
-34027.22
-34027.22
-34027.22
-34251.09
-34027.22
-34027.22
-34027.22
-34251.09
-34027.22
-33803.36
-34027.22
-34027.22
-33803.36
-34251.09
-34027.22
-33803.36
-34027.22
-33803.36
-33803.36
-34027.22
-34027.22
-33803.36
-33803.36
-33803.36
-33803.36
-33803.36
-33803.36
-33803.36
-33803.36
-33803.36
-33803.36
-33803.36
-33579.50
-33803.36
-33803.36
-33579.50
-33579.50
-33803.36
-33579.50
-33579.50
-33579.50
-33803.36
-33579.50
-33579.50
-33579.50
-33579.50
-33579.50
-33579.50
-33579.50
-33579.50
-33579.50
-33579.50
-33579.50
-33579.50
-33579.50
-33355.63
-33579.50
-33579.50
-33355.63
-33355.63
-33579.50
-33355.63
-33355.63
-33579.50
-33355.63
-33355.63
-33579.50
-33355.63
-33355.63
-33355.63
-33355.63
-33355.63
-33355.63
-33131.77
-33131.77
-33131.77
-33355.63
-33355.63
-33131.77
-33131.77
-33355.63
-33131.77
-33131.77
-33131.77
-33131.77
-33131.77
-33131.77
-33355.63
-33131.77
-33131.77
-33131.77
-33131.77
-33131.77
-33355.63
-33131.77
-33131.77
-33131.77
-33131.77
-33131.77
-33131.77
-33131.77
-33131.77
-32907.91
-33131.77
-33131.77
-33131.77
-32907.91
-33131.77
-32907.91
-32907.91
-33131.77
-32907.91
-32907.91
-33131.77
-32907.91
-32907.91
-33131.77
-32907.91
-32907.91
-32907.91
-32907.91
-32907.91
-32907.91
-32907.91
-32907.91
-32907.91
-32907.91
-32907.91
-32907.91
-32907.91
-32907.91
-32907.91
-32684.04
-32907.91
-32907.91
-32907.91
-32684.04
-32907.91
-32684.04
-32684.04
-32907.91
-32684.04
-32684.04
-32907.91
-32684.04
-32684.04
-32907.91
-32684.04
-32684.04
-32684.04
-32684.04
-32684.04
-32684.04
-32684.04
-32684.04
-32684.04
-32684.04
-32684.04
-32684.04
-32684.04
-32907.91
-32684.04
-32684.04
-32684.04
-32684.04
-32684.04
-32684.04
-32684.04
-32684.04
-32684.04
-32684.04
-32684.04
-32684.04
-32460.18
-32684.04
-32684.04
-32684.04
-32684.04
-32684.04
-32684.04
-32684.04
-32460.18
-32684.04
-32684.04
-32684.04
-32684.04
-32684.04
-32684.04
-32684.04
-32684.04
-32684.04
-32684.04
-32460.18
-32684.04
-32684.04
-32460.18
-32460.18
-32684.04
-32460.18
-32460.18
-32684.04
-32460.18
-32684.04
-32684.04
-32460.18
-32460.18
-32460.18
-32684.04
-32460.18
-32460.18
-32684.04
-32460.18
-32460.18
-32460.18
-32684.04
-32460.18
-32684.04
-32460.18
-32460.18
-32460.18
-32684.04
-32460.18
-32460.18
-32684.04
-32460.18
-32684.04
-32684.04
-32460.18
-32460.18
-32460.18
-32684.04
-32460.18
-32684.04
-32460.18
-32684.04
-32460.18
-32684.04
-32684.04
-32460.18
-32460.18
-32684.04
-32460.18
-32460.18
-32684.04
-32684.04
-32460.18
-32684.04
-32684.04
-32460.18
-32684.04
-32684.04
-32460.18
-32460.18
-32684.04
-32684.04
-32460.18
-32460.18
-32684.04
-32460.18
-32460.18
-32684.04
-32684.04
-32460.18
-32684.04
-32684.04
-32460.18
-32684.04
-32684.04
-32684.04
-32460.18
-32684.04
-32684.04
-32684.04
-32684.04
-32684.04
-32460.18
-32684.04
-32684.04
-32460.18
-32684.04
-32684.04
-32460.18
-32460.18
-32684.04
-32684.04
-32684.04
-32684.04
-32684.04
-32684.04
-32684.04
-32684.04
-32684.04
-32460.18
-32684.04
-32684.04
-32684.04
-32684.04
-32684.04
-32460.18
-32684.04
-32684.04
-32684.04
-32684.04
-32684.04
-32684.04
-32684.04
-32684.04
-32684.04
-32684.04
-32460.18
-32684.04
-32684.04
-32684.04
-32684.04
-32907.91
-32684.04
-32684.04
-32684.04
-32684.04
-32684.04
-32684.04
-32684.04
-32684.04
-32684.04
-32684.04
-32684.04
-32684.04
-32684.04
-32684.04
-32684.04
-32907.91
-32684.04
-32684.04
-32684.04
-32684.04
-32684.04
-32684.04
-32684.04
-32684.04
-32684.04
-32684.04
-32684.04
-32684.04
-32907.91
-32684.04
-32684.04
-32907.91
-32907.91
-32684.04
-32684.04
-32907.91
-32907.91
-32684.04
-32907.91
-32907.91
-32684.04
-32907.91
-32907.91
-32684.04
-32684.04
-32684.04
-32907.91
-32684.04
-32907.91
-32684.04
-32684.04
-32684.04
-32907.91
-32684.04
-32907.91
-32907.91
-32907.91
-32907.91
-32907.91
-32907.91
-32907.91
-32907.91
-32907.91
-32907.91
-32907.91
-32907.91
-32907.91
-32907.91
-32907.91
-32907.91
-32907.91
-32907.91
-32907.91
-32907.91
-32907.91
-32907.91
-32907.91
-32907.91
-33131.77
-32907.91
-32907.91
-32907.91
-32907.91
-32907.91
-32907.91
-32907.91
-32907.91
-32684.04
-33131.77
-32907.91
-32907.91
-33131.77
-32907.91
-32907.91
-32907.91
-32907.91
-32907.91
-32907.91
-33131.77
-32907.91
-32907.91
-32907.91
-33131.77
-32907.91
-33131.77
-33131.77
-33131.77
-32907.91
-32907.91
-33131.77
-33131.77
-33131.77
-33131.77
-32907.91
-33131.77
-33131.77
-33131.77
-32907.91
-33131.77
-33131.77
-33131.77
-33131.77
-32907.91
-33131.77
-32907.91
-33131.77
-33131.77
-33131.77
-33131.77
-33131.77
-33131.77
-33131.77
-33131.77
-32907.91
-33131.77
-33131.77
-33131.77
-33131.77
-32907.91
-33131.77
-33131.77
-33131.77
-33131.77
-33131.77
-33131.77
-33355.63
-33131.77
-33131.77
-33131.77
-33131.77
-33131.77
-33131.77
-33131.77
-33131.77
-33131.77
-33131.77
-33131.77
-33131.77
-33355.63
-33131.77
-33131.77
-33131.77
-33131.77
-33131.77
-33131.77
-33131.77
-33131.77
-33131.77
-33355.63
-33131.77
-33131.77
-33355.63
-33131.77
-33131.77
-33355.63
-33355.63
-33131.77
-33131.77
-33355.63
-33355.63
-33131.77
-33355.63
-33355.63
-33131.77
-33131.77
-33355.63
-33131.77
-33131.77
-33355.63
-33355.63
-33355.63
-33355.63
-33355.63
-33131.77
-33355.63
-33355.63
-33355.63
-33355.63
-33355.63
-33355.63
-33355.63
-33131.77
-33355.63
-33131.77
-33355.63
-33355.63
-33355.63
-33355.63
-33355.63
-33355.63
-33355.63
-33355.63
-33355.63
-33355.63
-33355.63
-33355.63
-33355.63
-33355.63
-33355.63
-33355.63
-33355.63
-33355.63
-33355.63
-33355.63
-33355.63
-33355.63
-33355.63
-33355.63
-33355.63
-33355.63
-33355.63
-33355.63
-33355.63
-33355.63
-33355.63
-33355.63
-33355.63
-33355.63
-33579.50
-33355.63
-33355.63
-33579.50
-33579.50
-33355.63
-33579.50
-33579.50
-33355.63
-33355.63
-33579.50
-33579.50
-33355.63
-33355.63
-33579.50
-33355.63
-33355.63
-33579.50
-33355.63
-33355.63
-33579.50
-33579.50
-33355.63
-33355.63
-33579.50
-33355.63
-33579.50
-33579.50
-33579.50
-33579.50
-33579.50
-33579.50
-33355.63
-33579.50
-33579.50
-33355.63
-33355.63
-33579.50
-33355.63
-33579.50
-33579.50
-33579.50
-33355.63
-33579.50
-33579.50
-33355.63
-33579.50
-33579.50
-33355.63
-33579.50
-33579.50
-33579.50
-33355.63
-33579.50
-33579.50
-33355.63
-33579.50
-33579.50
-33579.50
-33579.50
-33579.50
-33579.50
-33355.63
-33579.50
-33579.50
-33579.50
-33579.50
-33579.50
-33579.50
-33579.50
-33579.50
-33579.50
-33355.63
-33579.50
-33579.50
-33355.63
-33579.50
-33579.50
-33579.50
-33579.50
-33579.50
-33579.50
-33579.50
-33579.50
-33579.50
-33355.63
-33579.50
-33579.50
-33579.50
-33579.50
-33579.50
-33579.50
-33579.50
-33579.50
-33579.50
-33355.63
-33355.63
-33579.50
-33579.50
-33579.50
-33579.50
-33579.50
-33579.50
-33579.50
-33579.50
-33579.50
-33579.50
-33579.50
-33579.50
-33579.50
-33355.63
-33579.50
-33579.50
-33579.50
-33579.50
-33579.50
-33579.50
-33579.50
-33579.50
-33579.50
-33579.50
-33579.50
-33355.63
-33579.50
-33579.50
-33579.50
-33579.50
-33579.50
-33579.50
-33579.50
-33579.50
-33579.50
-33579.50
-33355.63
-33579.50
-33579.50
-33355.63
-33579.50
-33355.63
-33355.63
-33803.36
-33579.50
-33355.63
-33579.50
-33355.63
-33579.50
-33579.50
-33579.50
-33355.63
-33355.63
-33579.50
-33579.50
-33355.63
-33579.50
-33579.50
-33355.63
-33355.63
-33579.50
-33355.63
-33355.63
-33579.50
-33579.50
-33355.63
-33355.63
-33579.50
-33355.63
-33355.63
-33579.50
-33355.63
-33579.50
-33579.50
-33579.50
-33355.63
-33579.50
-33579.50
-33355.63
-33355.63
-33355.63
-33355.63
-33355.63
-33355.63
-33355.63
-33355.63
-33355.63
-33579.50
-33355.63
-33355.63
-33579.50
-33355.63
-33355.63
-33355.63
-33355.63
-33355.63
-33355.63
-33355.63
-33131.77
-33355.63
-33355.63
-33355.63
-33355.63
-33131.77
-33355.63
-33355.63
-33355.63
-33355.63
-33355.63
-33131.77
-33355.63
-33131.77
-33355.63
-33355.63
-33131.77
-33131.77
-33355.63
-33355.63
-33131.77
-33131.77
-33355.63
-33131.77
-33131.77
-33131.77
-33131.77
-33131.77
-33131.77
-33355.63
-33131.77
-33131.77
-33131.77
-33131.77
-33131.77
-33355.63
-33131.77
-33131.77
-33131.77
-33131.77
-33131.77
-33131.77
-33131.77
-33131.77
-32907.91
-33131.77
-33131.77
-33131.77
-33131.77
-33131.77
-32907.91
-33131.77
-33131.77
-33131.77
-32907.91
-32907.91
-33131.77
-32907.91
-33131.77
-33131.77
-32907.91
-32907.91
-32907.91
-32907.91
-32907.91
-32907.91
-32907.91
-32907.91
-32907.91
-32907.91
-32907.91
-32684.04
-32907.91
-32907.91
-32684.04
-32907.91
-32907.91
-32684.04
-32684.04
-32907.91
-32684.04
-32684.04
-32907.91
-32684.04
-32684.04
-32907.91
-32684.04
-32684.04
-32684.04
-32684.04
-32684.04
-32684.04
-32684.04
-32684.04
-32460.18
-32684.04
-32684.04
-32684.04
-32460.18
-32684.04
-32460.18
-32460.18
-32460.18
-32684.04
-32460.18
-32460.18
-32460.18
-32460.18
-32460.18
-32460.18
-32460.18
-32460.18
-32460.18
-32460.18
-32460.18
-32460.18
-32460.18
-32460.18
-32460.18
-32460.18
-32460.18
-32460.18
-32236.32
-32236.32
-32236.32
-32236.32
-32236.32
-32236.32
-32236.32
-32236.32
-32236.32
-32236.32
-32236.32
-32236.32
-32236.32
-32236.32
-32236.32
-32012.45
-32236.32
-32236.32
-32012.45
-32236.32
-32236.32
-32012.45
-32012.45
-32236.32
-32236.32
-32012.45
-32012.45
-32236.32
-32012.45
-32012.45
-32012.45
-32012.45
-32012.45
-32012.45
-32012.45
-32012.45
-32012.45
-32012.45
-32012.45
-31788.59
-32012.45
-31788.59
-31788.59
-32012.45
-31788.59
-31788.59
-32012.45
-31788.59
-31788.59
-31788.59
-31788.59
-31788.59
-31788.59
-31788.59
-31788.59
-31788.59
-31788.59
-31788.59
-31564.73
-31788.59
-31564.73
-31564.73
-31564.73
-31564.73
-31788.59
-31564.73
-31564.73
-31564.73
-31564.73
-31564.73
-31564.73
-31564.73
-31564.73
-31564.73
-31564.73
-31564.73
-31564.73
-31564.73
-31340.87
-31340.87
-31564.73
-31564.73
-31340.87
-31564.73
-31340.87
-31340.87
-31340.87
-31340.87
-31340.87
-31340.87
-31340.87
-31340.87
-31117.00
-31340.87
-31340.87
-31340.87
-31340.87
-31340.87
-31340.87
-31340.87
-31340.87
-31340.87
-31340.87
-31340.87
-31340.87
-31117.00
-31117.00
-31117.00
-31117.00
-31117.00
-31117.00
-31117.00
-31117.00
-31117.00
-31117.00
-31117.00
-31117.00
-31117.00
-30893.14
-31117.00
-31117.00
-31117.00
-30893.14
-31117.00
-31117.00
-30893.14
-31117.00
-31117.00
-30893.14
-30893.14
-30893.14
-30893.14
-30893.14
-31117.00
-31117.00
-30893.14
-30893.14
-30893.14
-30893.14
-30893.14
-30893.14
-30893.14
-30893.14
-30893.14
-30893.14
-30893.14
-30893.14
-30893.14
-30893.14
-30893.14
-30893.14
-30893.14
-30669.28
-30893.14
-30893.14
-30669.28
-30893.14
-30893.14
-30669.28
-30669.28
-30893.14
-30669.28
-30669.28
-30893.14
-30669.28
-30669.28
-30669.28
-30893.14
-30669.28
-30669.28
-30669.28
-30669.28
-30669.28
-30669.28
-30669.28
-30669.28
-30669.28
-30669.28
-30445.41
-30669.28
-30669.28
-30669.28
-30669.28
-30669.28
-30669.28
-30669.28
-30669.28
-30669.28
-30445.41
-30669.28
-30445.41
-30669.28
-30445.41
-30445.41
-30669.28
-30445.41
-30669.28
-30669.28
-30669.28
-30669.28
-30669.28
-30445.41
-30445.41
-30445.41
-30669.28
-30445.41
-30445.41
-30669.28
-30445.41
-30445.41
-30669.28
-30445.41
-30445.41
-30445.41
-30445.41
-30445.41
-30445.41
-30445.41
-30445.41
-30445.41
-30445.41
-30445.41
-30221.55
-30445.41
-30445.41
-30445.41
-30445.41
-30445.41
-30221.55
-30445.41
-30445.41
-30445.41
-30445.41
-30445.41
-30445.41
-30445.41
-30445.41
-30445.41
-30445.41
-30445.41
-30445.41
-30445.41
-30445.41
-30445.41
-30445.41
-30445.41
-30445.41
-30445.41
-30445.41
-30445.41
-30445.41
-30445.41
-30445.41
-30669.28
-30445.41
-30445.41
-30445.41
-30445.41
-30445.41
-30445.41
-30445.41
-30221.55
-30445.41
-30445.41
-30445.41
-30445.41
-30445.41
-30445.41
-30445.41
-30221.55
-30445.41
-30221.55
-30445.41
-30445.41
-30445.41
-30221.55
-30445.41
-30445.41
-30445.41
-30445.41
-30445.41
-30221.55
-30445.41
-30445.41
-30445.41
-30221.55
-30445.41
-30445.41
-30221.55
-30445.41
-30445.41
-30445.41
-30445.41
-30445.41
-30445.41
-30445.41
-30445.41
-30445.41
-30221.55
-30221.55
-30445.41
-30445.41
-30445.41
-30445.41
-30445.41
-30445.41
-30445.41
-30445.41
-30221.55
-30445.41
-30445.41
-30445.41
-30445.41
-30445.41
-30445.41
-30445.41
-30445.41
-30445.41
-30221.55
-30445.41
-30445.41
-30445.41
-30221.55
-30445.41
-30445.41
-30221.55
-30445.41
-30445.41
-30221.55
-30445.41
-30445.41
-30221.55
-30221.55
-30445.41
-30445.41
-30221.55
-30445.41
-30445.41
-30221.55
-30445.41
-30445.41
-30445.41
-30445.41
-30445.41
-30445.41
-30445.41
-30445.41
-30445.41
-30445.41
-30445.41
-30445.41
-30445.41
-30445.41
-30445.41
-30445.41
-30221.55
-30445.41
-30445.41
-30445.41
-30445.41
-30445.41
-30445.41
-30445.41
-30445.41
-30445.41
-30445.41
-30445.41
-30445.41
-30445.41
-30445.41
-30445.41
-30445.41
-30445.41
-30445.41
-30445.41
-30445.41
-30445.41
-30445.41
-30221.55
-30445.41
-30669.28
-30221.55
-30445.41
-30445.41
-30445.41
-30445.41
-30445.41
-30445.41
-30445.41
-30221.55
-30445.41
-30445.41
-30221.55
-30445.41
-30445.41
-30445.41
-30445.41
-30445.41
-30221.55
-30445.41
-30445.41
-30445.41
-30445.41
-30445.41
-30445.41
-30221.55
-30445.41
-30445.41
-30445.41
-30445.41
-30445.41
-30445.41
-30445.41
-30221.55
-30445.41
-30445.41
-30445.41
-30445.41
-30221.55
-30221.55
-30221.55
-30445.41
-30221.55
-30445.41
-30445.41
-30221.55
-30445.41
-30445.41
-30445.41
-30445.41
-30445.41
-30445.41
-30221.55
-30221.55
-30445.41
-30445.41
-30445.41
-30445.41
-30445.41
-30221.55
-30445.41
-30221.55
-30221.55
-30445.41
-30221.55
-30221.55
-30445.41
-30445.41
-30221.55
-30445.41
-30221.55
-30221.55
-30221.55
-30445.41
-30221.55
-30221.55
-30221.55
-30221.55
-30221.55
-30221.55
-30445.41
-30221.55
-30221.55
-30221.55
-30221.55
-30221.55
-30221.55
-30445.41
-30221.55
-30221.55
-30445.41
-30221.55
-30221.55
-30221.55
-30221.55
-30221.55
-30221.55
-30221.55
-30221.55
-30221.55
-30221.55
-30221.55
-30221.55
-30445.41
-30221.55
-30221.55
-30221.55
-30221.55
-29997.69
-30221.55
-30221.55
-30221.55
-30221.55
-30221.55
-30221.55
-30221.55
-30221.55
-30221.55
-29997.69
-30221.55
-29997.69
-29997.69
-29997.69
-30221.55
-30221.55
-30221.55
-30221.55
-30221.55
-30221.55
-29997.69
-30221.55
-30221.55
-30221.55
-29997.69
-30221.55
-29997.69
-30221.55
-29997.69
-29997.69
-29997.69
-30221.55
-29997.69
-29997.69
-29997.69
-29997.69
-29997.69
-29997.69
-29997.69
-29773.82
-29997.69
-30221.55
-29997.69
-29773.82
-29997.69
-29997.69
-29773.82
-29997.69
-29997.69
-29997.69
-29997.69
-29997.69
-29997.69
-29773.82
-29997.69
-29997.69
-29997.69
-29997.69
-29997.69
-29773.82
-29997.69
-29997.69
-29773.82
-29773.82
-29773.82
-29997.69
-29773.82
-29997.69
-29773.82
-29773.82
-29773.82
-29773.82
-29773.82
-29997.69
-29773.82
-29773.82
-29773.82
-29773.82
-29773.82
-29773.82
-29773.82
-29773.82
-29773.82
-29773.82
-29773.82
-29773.82
-29773.82
-29773.82
-29773.82
-29773.82
-29773.82
-29773.82
-29773.82
-29773.82
-29549.96
-29549.96
-29549.96
-29549.96
-29773.82
-29549.96
-29549.96
-29773.82
-29549.96
-29549.96
-29549.96
-29549.96
-29549.96
-29549.96
-29549.96
-29549.96
-29549.96
-29549.96
-29549.96
-29549.96
-29549.96
-29549.96
-29549.96
-29549.96
-29549.96
-29549.96
-29326.10
-29549.96
-29549.96
-29549.96
-29549.96
-29549.96
-29326.10
-29549.96
-29549.96
-29326.10
-29326.10
-29549.96
-29326.10
-29326.10
-29326.10
-29326.10
-29326.10
-29326.10
-29549.96
-29102.23
-29326.10
-29326.10
-29326.10
-29326.10
-29102.23
-29326.10
-29326.10
-29326.10
-29326.10
-29102.23
-29102.23
-29326.10
-29102.23
-29102.23
-29326.10
-29326.10
-29102.23
-29102.23
-29102.23
-29102.23
-29102.23
-29102.23
-29102.23
-29102.23
-29102.23
-29102.23
-29102.23
-29102.23
-29326.10
-29102.23
-29102.23
-29102.23
-29102.23
-29102.23
-28878.37
-29102.23
-29102.23
-29102.23
-29102.23
-28878.37
-28878.37
-28878.37
-29102.23
-29102.23
-28878.37
-29102.23
-28878.37
-28878.37
-28878.37
-28878.37
-28878.37
-28878.37
-28878.37
-28878.37
-28878.37
-28878.37
-28878.37
-28654.51
-28878.37
-28654.51
-28878.37
-28878.37
-28878.37
-28654.51
-28654.51
-28878.37
-28654.51
-28878.37
-28878.37
-28654.51
-28878.37
-28654.51
-28654.51
-28654.51
-28878.37
-28654.51
-28654.51
-28654.51
-28654.51
-28654.51
-28654.51
-28654.51
-28654.51
-28430.64
-28654.51
-28654.51
-28430.64
-28654.51
-28654.51
-28654.51
-28654.51
-28654.51
-28430.64
-28654.51
-28430.64
-28654.51
-28430.64
-28654.51
-28430.64
-28430.64
-28430.64
-28430.64
-28430.64
-28430.64
-28430.64
-28430.64
-28430.64
-28430.64
-28430.64
-28430.64
-28206.78
-28430.64
-28430.64
-28430.64
-28430.64
-28430.64
-28206.78
-28206.78
-28430.64
-28206.78
-28206.78
-28430.64
-28206.78
-28206.78
-28206.78
-28206.78
-28206.78
-28206.78
-28206.78
-27982.92
-28206.78
-28206.78
-28206.78
-28206.78
-28206.78
-28206.78
-27982.92
-28206.78
-28206.78
-28206.78
-28206.78
-28206.78
-28206.78
-27982.92
-27982.92
-27982.92
-27982.92
-27982.92
-28206.78
-27982.92
-27982.92
-28206.78
-27982.92
-27982.92
-28206.78
-27982.92
-27982.92
-27982.92
-27982.92
-27982.92
-27982.92
-27982.92
-27982.92
-27982.92
-27982.92
-27982.92
-27982.92
-27982.92
-27982.92
-27759.05
-27982.92
-27982.92
-27759.05
-27759.05
-27982.92
-27759.05
-27759.05
-27759.05
-27759.05
-27759.05
-27759.05
-27759.05
-27759.05
-27759.05
-27982.92
-27759.05
-27759.05
-27759.05
-27759.05
-27759.05
-27759.05
-27759.05
-27759.05
-27535.19
-27535.19
-27759.05
-27535.19
-27759.05
-27759.05
-27535.19
-27759.05
-27759.05
-27535.19
-27535.19
-27535.19
-27535.19
-27535.19
-27535.19
-27535.19
-27535.19
-27535.19
-27535.19
-27535.19
-27535.19
-27759.05
-27535.19
-27535.19
-27535.19
-27535.19
-27535.19
-27535.19
-27535.19
-27535.19
-27535.19
-27311.33
-27311.33
-27535.19
-27311.33
-27535.19
-27311.33
-27311.33
-27535.19
-27311.33
-27311.33
-27535.19
-27535.19
-27311.33
-27311.33
-27311.33
-27311.33
-27311.33
-27311.33
-27311.33
-27311.33
-27311.33
-27311.33
-27311.33
-27311.33
-27311.33
-27311.33
-27311.33
-27311.33
-27311.33
-27087.46
-27311.33
-27311.33
-27087.46
-27087.46
-27311.33
-27087.46
-27311.33
-27311.33
-27311.33
-27087.46
-27311.33
-27311.33
-27087.46
-27087.46
-27311.33
-27087.46
-27087.46
-27087.46
-27087.46
-27087.46
-27087.46
-27087.46
-27087.46
-27087.46
-27087.46
-26863.60
-27087.46
-27087.46
-27087.46
-27087.46
-27087.46
-27087.46
-27087.46
-27087.46
-27087.46
-27087.46
-27087.46
-27087.46
-26863.60
-26863.60
-27087.46
-26863.60
-26863.60
-27087.46
-27087.46
-26863.60
-27087.46
-27087.46
-27087.46
-26863.60
-26863.60
-26863.60
-26863.60
-26863.60
-27087.46
-26863.60
-27087.46
-27087.46
-26863.60
-26863.60
-26863.60
-26863.60
-26863.60
-26863.60
-26863.60
-26863.60
-26863.60
-26863.60
-26863.60
-26639.74
-26863.60
-26863.60
-26863.60
-26863.60
-26863.60
-26863.60
-26863.60
-26863.60
-26639.74
-26863.60
-26639.74
-26863.60
-26639.74
-26863.60
-26863.60
-26639.74
-26639.74
-26863.60
-26639.74
-26863.60
-27087.46
-26863.60
-26639.74
-26863.60
-26863.60
-26639.74
-26639.74
-26863.60
-26639.74
-26863.60
-26863.60
-26639.74
-26639.74
-26863.60
-26863.60
-26639.74
-26639.74
-26863.60
-26639.74
-26863.60
-26639.74
-26863.60
-26639.74
-26863.60
-26639.74
-26639.74
-26639.74
-26639.74
-26639.74
-26639.74
-26639.74
-26639.74
-26639.74
-26639.74
-26639.74
-26639.74
-26639.74
-26639.74
-26639.74
-26639.74
-26639.74
-26639.74
-26639.74
-26639.74
-26639.74
-26639.74
-26639.74
-26639.74
-26639.74
-26639.74
-26639.74
-26639.74
-26415.87
-26639.74
-26639.74
-26415.87
-26639.74
-26639.74
-26639.74
-26415.87
-26639.74
-26639.74
-26415.87
-26639.74
-26639.74
-26415.87
-26415.87
-26415.87
-26639.74
-26415.87
-26639.74
-26639.74
-26415.87
-26639.74
-26639.74
-26639.74
-26415.87
-26415.87
-26415.87
-26415.87
-26639.74
-26639.74
-26415.87
-26639.74
-26639.74
-26415.87
-26415.87
-26639.74
-26415.87
-26415.87
-26415.87
-26639.74
-26415.87
-26639.74
-26639.74
-26415.87
-26639.74
-26639.74
-26415.87
-26415.87
-26639.74
-26415.87
-26415.87
-26415.87
-26639.74
-26415.87
-26415.87
-26639.74
-26415.87
-26192.01
-26415.87
-26415.87
-26415.87
-26415.87
-26639.74
-26192.01
-26639.74
-26639.74
-26415.87
-26415.87
-26415.87
-26415.87
-26415.87
-26415.87
-26415.87
-26415.87
-26415.87
-26415.87
-26415.87
-26415.87
-26415.87
-26415.87
-26415.87
-26415.87
-26415.87
-26415.87
-26415.87
-26415.87
-26415.87
-26415.87
-26415.87
-26415.87
-26415.87
-26415.87
-26415.87
-26192.01
-26415.87
-26415.87
-26415.87
-26415.87
-26415.87
-26415.87
-26415.87
-26415.87
-26415.87
-26415.87
-26415.87
-26415.87
-26415.87
-26415.87
-26415.87
-26415.87
-26415.87
-26415.87
-26415.87
-26415.87
-26415.87
-26415.87
-26415.87
-26415.87
-26415.87
-26415.87
-26192.01
-26415.87
-26415.87
-26192.01
-26415.87
-26415.87
-26415.87
-26415.87
-26415.87
-26415.87
-26192.01
-26415.87
-26415.87
-26415.87
-26415.87
-26415.87
-26415.87
-26192.01
-26415.87
-26415.87
-26192.01
-26415.87
-26415.87
-26192.01
-26192.01
-26415.87
-26415.87
-26415.87
-26192.01
-26415.87
-26415.87
-26415.87
-26415.87
-26192.01
-26415.87
-26415.87
-26415.87
-26415.87
-26415.87
-26415.87
-26415.87
-26415.87
-26415.87
-26415.87
-26192.01
-26415.87
-26192.01
-26192.01
-26415.87
-26415.87
-26192.01
-26415.87
-26415.87
-26192.01
-26192.01
-26415.87
-26415.87
-26415.87
-26192.01
-26415.87
-26192.01
-26415.87
-26415.87
-26192.01
-26192.01
-26415.87
-26192.01
-26192.01
-26415.87
-26415.87
-26415.87
-26415.87
-26415.87
-26192.01
-26415.87
-26415.87
-26415.87
-26192.01
-26192.01
-26415.87
-26192.01
-26192.01
-26415.87
-26415.87
-26415.87
-26415.87
-26415.87
-26192.01
-26415.87
-26415.87
-26192.01
-26415.87
-26415.87
-26192.01
-26415.87
-26415.87
-26415.87
-26192.01
-26192.01
-26415.87
-26192.01
-26192.01
-26415.87
-26192.01
-26415.87
-26415.87
-26415.87
-26415.87
-26192.01
-26415.87
-26415.87
-26415.87
-26415.87
-26192.01
-26415.87
-26415.87
-26415.87
-26415.87
-26415.87
-26415.87
-26192.01
-26415.87
-26192.01
-26415.87
-26192.01
-26415.87
-26415.87
-26415.87
-26192.01
-26415.87
-26192.01
-26415.87
-26415.87
-26415.87
-26415.87
-26415.87
-26415.87
-26192.01
-26415.87
-26415.87
-26192.01
-26415.87
-26415.87
-26415.87
-26415.87
-26415.87
-26415.87
-26415.87
-26415.87
-26415.87
-26192.01
-26415.87
-26415.87
-26415.87
-26415.87
-26415.87
-26415.87
-26415.87
-26415.87
-26415.87
-26192.01
-26415.87
-26415.87
-26415.87
-26192.01
-26415.87
-26192.01
-26192.01
-26415.87
-26415.87
-26415.87
-26415.87
-26415.87
-26415.87
-26192.01
-26415.87
-26415.87
-26415.87
-26415.87
-26415.87
-26415.87
-26415.87
-26415.87
-26192.01
-26415.87
-26415.87
-26415.87
-26415.87
-26192.01
-26415.87
-26192.01
-26415.87
-26415.87
-26192.01
-26415.87
-26415.87
-26192.01
-26415.87
-26415.87
-26415.87
-26415.87
-26415.87
-26415.87
-26192.01
-26415.87
-26415.87
-26415.87
-26415.87
-26415.87
-26415.87
-26415.87
-26415.87
-26415.87
-26192.01
-26192.01
-26415.87
-26415.87
-26192.01
-26415.87
-26415.87
-26192.01
-26415.87
-26415.87
-26415.87
-26192.01
-26415.87
-26192.01
-26415.87
-26192.01
-26415.87
-26415.87
-26639.74
-26415.87
-26192.01
-26192.01
-26415.87
-26415.87
-26415.87
-26415.87
-26415.87
-26192.01
-26415.87
-26415.87
-26415.87
-26415.87
-26415.87
-26415.87
-26415.87
-26415.87
-26415.87
-26192.01
-26415.87
-26415.87
-26415.87
-26415.87
-26415.87
-26415.87
-26192.01
-26415.87
-26415.87
-26192.01
-26415.87
-26415.87
-26415.87
-26192.01
-26415.87
-26415.87
-26415.87
-26415.87
-26415.87
-26415.87
-26415.87
-26415.87
-26192.01
-26415.87
-26415.87
-26415.87
-26192.01
-26415.87
-26415.87
-26415.87
-26415.87
-26415.87
-26415.87
-26415.87
-26415.87
-26415.87
-26192.01
-26415.87
-26415.87
-26192.01
-26192.01
-26415.87
-26192.01
-26415.87
-26415.87
-26192.01
-26192.01
-26415.87
-26415.87
-26192.01
-26415.87
-26415.87
-26192.01
-26415.87
-26415.87
-26192.01
-26192.01
-26415.87
-26415.87
-26192.01
-26192.01
-26415.87
-26415.87
-26192.01
-26415.87
-26192.01
-26192.01
-26415.87
-26192.01
-26192.01
-26192.01
-26415.87
-26192.01
-26192.01
-26192.01
-26192.01
-26192.01
-26415.87
-26415.87
-26192.01
-26415.87
-26415.87
-26192.01
-26192.01
-26192.01
-26192.01
-26192.01
-26192.01
-26415.87
-26192.01
-26192.01
-26192.01
-26192.01
-26192.01
-26415.87
-26192.01
-25968.15
-26415.87
-26192.01
-26192.01
-26192.01
-26192.01
-26192.01
-26192.01
-26192.01
-25968.15
-26192.01
-26192.01
-26192.01
-26192.01
-26192.01
-26192.01
-26192.01
-26192.01
-26192.01
-26192.01
-25968.15
-26192.01
-26192.01
-25968.15
-26192.01
-26192.01
-25968.15
-26192.01
-26192.01
-26192.01
-25968.15
-25968.15
-26192.01
-25968.15
-25968.15
-26192.01
-25968.15
-26192.01
-25968.15
-26192.01
-25968.15
-26192.01
-25968.15
-25968.15
-26192.01
-25968.15
-25968.15
-25968.15
-25968.15
-25968.15
-25968.15
-25968.15
-26192.01
-25968.15
-25968.15
-25968.15
-25968.15
-25968.15
-25968.15
-25968.15
-25968.15
-25968.15
-25968.15
-25968.15
-25968.15
-25968.15
-25968.15
-25968.15
-25968.15
-25968.15
-25968.15
-26192.01
-25968.15
-25968.15
-25744.28
-25968.15
-25744.28
-25968.15
-25968.15
-25968.15
-25968.15
-25744.28
-25968.15
-25744.28
-25744.28
-25968.15
-25744.28
-25968.15
-25968.15
-25968.15
-25744.28
-25968.15
-25744.28
-25744.28
-25968.15
-25968.15
-25744.28
-25744.28
-25744.28
-25744.28
-25744.28
-25968.15
-25968.15
-25744.28
-25744.28
-25968.15
-25744.28
-25744.28
-25968.15
-25744.28
-25744.28
-25744.28
-25744.28
-25744.28
-25744.28
-25744.28
-25744.28
-25744.28
-25744.28
-25744.28
-25520.42
-25744.28
-25744.28
-25520.42
-25744.28
-25744.28
-25520.42
-25744.28
-25744.28
-25744.28
-25520.42
-25744.28
-25744.28
-25520.42
-25744.28
-25744.28
-25520.42
-25744.28
-25520.42
-25520.42
-25520.42
-25744.28
-25744.28
-25520.42
-25520.42
-25744.28
-25296.56
-25520.42
-25520.42
-25520.42
-25520.42
-25520.42
-25744.28
-25520.42
-25520.42
-25520.42
-25520.42
-25520.42
-25520.42
-25520.42
-25520.42
-25520.42
-25520.42
-25520.42
-25520.42
-25520.42
-25296.56
-25520.42
-25520.42
-25296.56
-25296.56
-25296.56
-25520.42
-25296.56
-25520.42
-25520.42
-25296.56
-25520.42
-25520.42
-25296.56
-25296.56
-25520.42
-25520.42
-25296.56
-25296.56
-25520.42
-25520.42
-25296.56
-25296.56
-25296.56
-25296.56
-25296.56
-25296.56
-25296.56
-25296.56
-25296.56
-25296.56
-25296.56
-25520.42
-25296.56
-25296.56
-25296.56
-25296.56
-25296.56
-25296.56
-25296.56
-25296.56
-25296.56
-25520.42
-25296.56
-25072.69
-25296.56
-25296.56
-25072.69
-25296.56
-25296.56
-25072.69
-25072.69
-25296.56
-25296.56
-25072.69
-25296.56
-25296.56
-25072.69
-25072.69
-25296.56
-25072.69
-25296.56
-25296.56
-25072.69
-25072.69
-25296.56
-25296.56
-25072.69
-25296.56
-25296.56
-25072.69
-25072.69
-25296.56
-25072.69
-25072.69
-25072.69
-25072.69
-25072.69
-25072.69
-25072.69
-25072.69
-25072.69
-25072.69
-25072.69
-25072.69
-25072.69
-25072.69
-25072.69
-25072.69
-25072.69
-25072.69
-25072.69
-25072.69
-25072.69
-25072.69
-25296.56
-25072.69
-25072.69
-25072.69
-25072.69
-25072.69
-25072.69
-25072.69
-25072.69
-25072.69
-25072.69
-25072.69
-24848.83
-25072.69
-25072.69
-25072.69
-25072.69
-25072.69
-24848.83
-25072.69
-24848.83
-25072.69
-24848.83
-24848.83
-25072.69
-24848.83
-24848.83
-25072.69
-24848.83
-25072.69
-24848.83
-25072.69
-24848.83
-24848.83
-25072.69
-24848.83
-24848.83
-25072.69
-24848.83
-24848.83
-24848.83
-25072.69
-24848.83
-25072.69
-24848.83
-24848.83
-24848.83
-24848.83
-24848.83
-24848.83
-25072.69
-24848.83
-24848.83
-24848.83
-24848.83
-24848.83
-24848.83
-24848.83
-24848.83
-24848.83
-24848.83
-24848.83
-24848.83
-24848.83
-24848.83
-24848.83
-24848.83
-24848.83
-24848.83
-24848.83
-24848.83
-24848.83
-24848.83
-24848.83
-24848.83
-24848.83
-24624.97
-24848.83
-24848.83
-24848.83
-24848.83
-24848.83
-24848.83
-24624.97
-24848.83
-24624.97
-24624.97
-25072.69
-24848.83
-24848.83
-24624.97
-24848.83
-24624.97
-24848.83
-24848.83
-24848.83
-24848.83
-24624.97
-24848.83
-24624.97
-24848.83
-24848.83
-24848.83
-24848.83
-24848.83
-24848.83
-24624.97
-24848.83
-24624.97
-24848.83
-24848.83
-24848.83
-24848.83
-24848.83
-24848.83
-24848.83
-24624.97
-24848.83
-24848.83
-24624.97
-24848.83
-24848.83
-24624.97
-24848.83
-24848.83
-24848.83
-24624.97
-24624.97
-24624.97
-24624.97
-24848.83
-24848.83
-24848.83
-24848.83
-24848.83
-24848.83
-24624.97
-24848.83
-24848.83
-24848.83
-24624.97
-24848.83
-24624.97
-24848.83
-24848.83
-24624.97
-24848.83
-24624.97
-24624.97
-24624.97
-24848.83
-24848.83
-24848.83
-24624.97
-24848.83
-24624.97
-24624.97
-24848.83
-24624.97
-24848.83
-24624.97
-24848.83
-24624.97
-24624.97
-24848.83
-24624.97
-24624.97
-24624.97
-24624.97
-24624.97
-24848.83
-24848.83
-24624.97
-24624.97
-24848.83
-24624.97
-24624.97
-24848.83
-24624.97
-24624.97
-24848.83
-24624.97
-24624.97
-24848.83
-24848.83
-24624.97
-24848.83
-24848.83
-24624.97
-24624.97
-24848.83
-24624.97
-24624.97
-24624.97
-24848.83
-24624.97
-24624.97
-24848.83
-24848.83
-24624.97
-24624.97
-24848.83
-24624.97
-24624.97
-24624.97
-24624.97
-24624.97
-24848.83
-24624.97
-24624.97
-24848.83
-24848.83
-24624.97
-24624.97
-24624.97
-24624.97
-24624.97
-24848.83
-24624.97
-24848.83
-24624.97
-24848.83
-24624.97
-24848.83
-24848.83
-24624.97
-24624.97
-24624.97
-24624.97
-24624.97
-24848.83
-24848.83
-24624.97
-24624.97
-24624.97
-24624.97
-24624.97
-24624.97
-24624.97
-24624.97
-24624.97
-24848.83
-24624.97
-24624.97
-24848.83
-24624.97
-24624.97
-24624.97
-24624.97
-24624.97
-24624.97
-24624.97
-24624.97
-24624.97
-24624.97
-24624.97
-24624.97
-24624.97
-24624.97
-24624.97
-24624.97
-24624.97
-24624.97
-24624.97
-24624.97
-24624.97
-24624.97
-24624.97
-24624.97
-24624.97
-24848.83
-24624.97
-24624.97
-24624.97
-24848.83
-24401.10
-24624.97
-24624.97
-24624.97
-24624.97
-24624.97
-24624.97
-24624.97
-24624.97
-24624.97
-24624.97
-24624.97
-24624.97
-24624.97
-24401.10
-24848.83
-24624.97
-24624.97
-24624.97
-24624.97
-24624.97
-24624.97
-24848.83
-24624.97
-24624.97
-24624.97
-24624.97
-24624.97
-24624.97
-24624.97
-24624.97
-24401.10
-24624.97
-24624.97
-24401.10
-24848.83
-24624.97
-24624.97
-24624.97
-24624.97
-24624.97
-24401.10
-24401.10
-24401.10
-24624.97
-24401.10
-24624.97
-24401.10
-24624.97
-24624.97
-24624.97
-24624.97
-24624.97
-24401.10
-24401.10
-24624.97
-24624.97
-24401.10
-24401.10
-24624.97
-24401.10
-24401.10
-24624.97
-24401.10
-24401.10
-24624.97
-24624.97
-24401.10
-24401.10
-24624.97
-24401.10
-24401.10
-24401.10
-24401.10
-24401.10
-24624.97
-24624.97
-24401.10
-24401.10
-24401.10
-24401.10
-24401.10
-24401.10
-24401.10
-24401.10
-24624.97
-24401.10
-24401.10
-24401.10
-24401.10
-24401.10
-24401.10
-24401.10
-24401.10
-24401.10
-24401.10
-24401.10
-24401.10
-24401.10
-24401.10
-24177.24
-24401.10
-24401.10
-24401.10
-24401.10
-24401.10
-24401.10
-24401.10
-24401.10
-24401.10
-24401.10
-24401.10
-24401.10
-24401.10
-24177.24
-24177.24
-24401.10
-24401.10
-24401.10
-24401.10
-24401.10
-24401.10
-24177.24
-24401.10
-24177.24
-24401.10
-24401.10
-24177.24
-24401.10
-24401.10
-24177.24
-24401.10
-24177.24
-24401.10
-24177.24
-24401.10
-24401.10
-24177.24
-24401.10
-24401.10
-24177.24
-24177.24
-24177.24
-24401.10
-24177.24
-24401.10
-24177.24
-24177.24
-24177.24
-24401.10
-24177.24
-24177.24
-24177.24
-24177.24
-24177.24
-24177.24
-24177.24
-24177.24
-24177.24
-24177.24
-24177.24
-24177.24
-24177.24
-24177.24
-24177.24
-24177.24
-24177.24
-24177.24
-24177.24
-24177.24
-23953.38
-23953.38
-24177.24
-23953.38
-24177.24
-24177.24
-23953.38
-23953.38
-24177.24
-24177.24
-23953.38
-23953.38
-24177.24
-23953.38
-24177.24
-24177.24
-24177.24
-23953.38
-23953.38
-24177.24
-23953.38
-23953.38
-23953.38
-23953.38
-23953.38
-23953.38
-23953.38
-23953.38
-23953.38
-23953.38
-23953.38
-23953.38
-23953.38
-23953.38
-23729.51
-23953.38
-23953.38
-23953.38
-23953.38
-24177.24
-23729.51
-23953.38
-24177.24
-23953.38
-23729.51
-24177.24
-23953.38
-23729.51
-23953.38
-23953.38
-23953.38
-23729.51
-23953.38
-23953.38
-23729.51
-23953.38
-23729.51
-23729.51
-23729.51
-23953.38
-23729.51
-23953.38
-23729.51
-23729.51
-23729.51
-23729.51
-23729.51
-23729.51
-23729.51
-23729.51
-23729.51
-23729.51
-23953.38
-23729.51
-23729.51
-23953.38
-23953.38
-23729.51
-23729.51
-23729.51
-23505.65
-23729.51
-23729.51
-23729.51
-23729.51
-23729.51
-23729.51
-23729.51
-23729.51
-23729.51
-23505.65
-23505.65
-23729.51
-23505.65
-23505.65
-23505.65
-23729.51
-23505.65
-23729.51
-23729.51
-23505.65
-23729.51
-23729.51
-23505.65
-23505.65
-23729.51
-23505.65
-23505.65
-23505.65
-23505.65
-23505.65
-23505.65
-23505.65
-23505.65
-23505.65
-23505.65
-23505.65
-23505.65
-23505.65
-23505.65
-23505.65
-23505.65
-23505.65
-23505.65
-23505.65
-23505.65
-23505.65
-23281.79
-23281.79
-23505.65
-23281.79
-23281.79
-23505.65
-23505.65
-23281.79
-23281.79
-23505.65
-23281.79
-23281.79
-23505.65
-23281.79
-23281.79
-23281.79
-23281.79
-23281.79
-23505.65
-23281.79
-23281.79
-23281.79
-23505.65
-23281.79
-23281.79
-23281.79
-23281.79
-23281.79
-23505.65
-23281.79
-23281.79
-23281.79
-23281.79
-23505.65
-23281.79
-23281.79
-23281.79
-23057.92
-23281.79
-23281.79
-23281.79
-23281.79
-23281.79
-23281.79
-23281.79
-23281.79
-23281.79
-23057.92
-23281.79
-23057.92
-23057.92
-23057.92
-23057.92
-23057.92
-23057.92
-23281.79
-23057.92
-23057.92
-23281.79
-23057.92
-23057.92
-23057.92
-23057.92
-23057.92
-22834.06
-23057.92
-23057.92
-23057.92
-23057.92
-23057.92
-23057.92
-22834.06
-23057.92
-23057.92
-23057.92
-23057.92
-23057.92
-23057.92
-22834.06
-23057.92
-22834.06
-23057.92
-23057.92
-22834.06
-22834.06
-23057.92
-23057.92
-22834.06
-23057.92
-23057.92
-22834.06
-22834.06
-22834.06
-22834.06
-22834.06
-22834.06
-22834.06
-22834.06
-22834.06
-22834.06
-22834.06
-22834.06
-22834.06
-22834.06
-22834.06
-22834.06
-22834.06
-22834.06
-22834.06
-22834.06
-22834.06
-22834.06
-22834.06
-22610.20
-22610.20
-22834.06
-22610.20
-22610.20
-22834.06
-22834.06
-22610.20
-22610.20
-22610.20
-22610.20
-22610.20
-22834.06
-22610.20
-22610.20
-22610.20
-22610.20
-22386.33
-22610.20
-22834.06
-22610.20
-22610.20
-22610.20
-22610.20
-22386.33
-22610.20
-22610.20
-22610.20
-22610.20
-22610.20
-22610.20
-22386.33
-22610.20
-22386.33
-22386.33
-22610.20
-22610.20
-22386.33
-22386.33
-22610.20
-22386.33
-22386.33
-22610.20
-22386.33
-22386.33
-22386.33
-22610.20
-22386.33
-22610.20
-22386.33
-22386.33
-22386.33
-22610.20
-22386.33
-22386.33
-22386.33
-22386.33
-22386.33
-22386.33
-22386.33
-22162.47
-22386.33
-22386.33
-22162.47
-22162.47
-22386.33
-22386.33
-22162.47
-22386.33
-22386.33
-22162.47
-22386.33
-22162.47
-22162.47
-22162.47
-22386.33
-22162.47
-22162.47
-22162.47
-22386.33
-22162.47
-22386.33
-22162.47
-22162.47
-22162.47
-22386.33
-22162.47
-22162.47
-22162.47
-22386.33
-21938.61
-22162.47
-22162.47
-22162.47
-22162.47
-22162.47
-22162.47
-22162.47
-22162.47
-22162.47
-22162.47
-22162.47
-22162.47
-22162.47
-22162.47
-22386.33
-22162.47
-22162.47
-22162.47
-22162.47
-22162.47
-21938.61
-22162.47
-22162.47
-21938.61
-22162.47
-21938.61
-21938.61
-21938.61
-22162.47
-21938.61
-21938.61
-21938.61
-22162.47
-21938.61
-21938.61
-22162.47
-21938.61
-21938.61
-22162.47
-21938.61
-21938.61
-21938.61
-21938.61
-21938.61
-21938.61
-21938.61
-21938.61
-21938.61
-21938.61
-21938.61
-21938.61
-22162.47
-21938.61
-21938.61
-21938.61
-21938.61
-21938.61
-21938.61
-21938.61
-21938.61
-21938.61
-21714.74
-21938.61
-21938.61
-21938.61
-21938.61
-21938.61
-21714.74
-21938.61
-21714.74
-21714.74
-21714.74
-21714.74
-21714.74
-21714.74
-21714.74
-21714.74
-21714.74
-21938.61
-21714.74
-21714.74
-21938.61
-21714.74
-21714.74
-21714.74
-21938.61
-21714.74
-21714.74
-21938.61
-21714.74
-21714.74
-21714.74
-21714.74
-21714.74
-21714.74
-21714.74
-21714.74
-21714.74
-21714.74
-21714.74
-21490.88
-21714.74
-21714.74
-21490.88
-21714.74
-21714.74
-21714.74
-21490.88
-21714.74
-21714.74
-21490.88
-21714.74
-21714.74
-21490.88
-21714.74
-21714.74
-21490.88
-21490.88
-21714.74
-21490.88
-21490.88
-21714.74
-21714.74
-21490.88
-21490.88
-21714.74
-21490.88
-21490.88
-21490.88
-21490.88
-21490.88
-21490.88
-21490.88
-21490.88
-21714.74
-21490.88
-21490.88
-21490.88
-21490.88
-21490.88
-21490.88
-21490.88
-21490.88
-21490.88
-21490.88
-21490.88
-21490.88
-21490.88
-21490.88
-21267.02
-21490.88
-21490.88
-21490.88
-21267.02
-21490.88
-21490.88
-21490.88
-21490.88
-21490.88
-21267.02
-21490.88
-21267.02
-21267.02
-21267.02
-21490.88
-21490.88
-21267.02
-21490.88
-21267.02
-21267.02
-21267.02
-21490.88
-21267.02
-21267.02
-21490.88
-21267.02
-21267.02
-21267.02
-21490.88
-21267.02
-21267.02
-21490.88
-21490.88
-21267.02
-21267.02
-21490.88
-21267.02
-21267.02
-21267.02
-21267.02
-21267.02
-21267.02
-21267.02
-21267.02
-21490.88
-21267.02
-21267.02
-21267.02
-21267.02
-21267.02
-21267.02
-21267.02
-21267.02
-21267.02
-21267.02
-21267.02
-21267.02
-21267.02
-21267.02
-21267.02
-21267.02
-21267.02
-21267.02
-21043.15
-21267.02
-21267.02
-21043.15
-21043.15
-21267.02
-21267.02
-21043.15
-21267.02
-21043.15
-21043.15
-21267.02
-21267.02
-21043.15
-21043.15
-21267.02
-21043.15
-21043.15
-21043.15
-21043.15
-21043.15
-21267.02
-21267.02
-21043.15
-21043.15
-21267.02
-21043.15
-21043.15
-21267.02
-21043.15
-21043.15
-21043.15
-21043.15
-20819.29
-21043.15
-21043.15
-21043.15
-21043.15
-21043.15
-21043.15
-21043.15
-21043.15
-21043.15
-21043.15
-21043.15
-21043.15
-21267.02
-21043.15
-21043.15
-21043.15
-21043.15
-21043.15
-21043.15
-21043.15
-21043.15
-21043.15
-21043.15
-21043.15
-21043.15
-21043.15
-21043.15
-21043.15
-21043.15
-20819.29
-21043.15
-21043.15
-20819.29
-21043.15
-21043.15
-21043.15
-21043.15
-20819.29
-21043.15
-20819.29
-21043.15
-21043.15
-20819.29
-21043.15
-21043.15
-21043.15
-20819.29
-21043.15
-21043.15
-21043.15
-21043.15
-21043.15
-20819.29
-21043.15
-21043.15
-21043.15
-21043.15
-21043.15
-21043.15
-20819.29
-20819.29
-21043.15
-20819.29
-20819.29
-21043.15
-21043.15
-20819.29
-20819.29
-21043.15
-20819.29
-20819.29
-21043.15
-20819.29
-20819.29
-20819.29
-20819.29
-20819.29
-21043.15
-20819.29
-20819.29
-20819.29
-20819.29
-20819.29
-20819.29
-21043.15
-20819.29
-20819.29
-20819.29
-20819.29
-20819.29
-20819.29
-20819.29
-20819.29
-20595.43
-21043.15
-20819.29
-20819.29
-20819.29
-20819.29
-20819.29
-20819.29
-20819.29
-20819.29
-20819.29
-20819.29
-20819.29
-20819.29
-20819.29
-20819.29
-20819.29
-20819.29
-20819.29
-20819.29
-20819.29
-20819.29
-20819.29
-20819.29
-20819.29
-20819.29
-20595.43
-20819.29
-20819.29
-20819.29
-20819.29
-20819.29
-20819.29
-20819.29
-20819.29
-20819.29
-20595.43
-20819.29
-20819.29
-20819.29
-20819.29
-20819.29
-20819.29
-20595.43
-20595.43
-20819.29
-20819.29
-20819.29
-20819.29
-20819.29
-20819.29
-20819.29
-20819.29
-20819.29
-20819.29
-20819.29
-20595.43
-20819.29
-20819.29
-20595.43
-20819.29
-20595.43
-20819.29
-20595.43
-20819.29
-20819.29
-20595.43
-20819.29
-20819.29
-20595.43
-20595.43
-20819.29
-20595.43
-20595.43
-20819.29
-20819.29
-20595.43
-20819.29
-20819.29
-20595.43
-20595.43
-20819.29
-20595.43
-20819.29
-20595.43
-20819.29
-20595.43
-20819.29
-20819.29
-20595.43
-20595.43
-20595.43
-20595.43
-20595.43
-20595.43
-20595.43
-20595.43
-20595.43
-20595.43
-20595.43
-20595.43
-20595.43
-20595.43
-20595.43
-20595.43
-20819.29
-20595.43
-20595.43
-20819.29
-20595.43
-20595.43
-20595.43
-20595.43
-20595.43
-20595.43
-20595.43
-20595.43
-20595.43
-20595.43
-20595.43
-20595.43
-20595.43
-20595.43
-20595.43
-20595.43
-20595.43
-20595.43
-20595.43
-20819.29
-20595.43
-20371.56
-20595.43
-20595.43
-20595.43
-20595.43
-20595.43
-20595.43
-20595.43
-20595.43
-20371.56
-20595.43
-20595.43
-20595.43
-20595.43
-20595.43
-20595.43
-20595.43
-20371.56
-20595.43
-20371.56
-20595.43
-20595.43
-20595.43
-20371.56
-20595.43
-20595.43
-20371.56
-20595.43
-20595.43
-20371.56
-20371.56
-20371.56
-20595.43
-20371.56
-20595.43
-20371.56
-20371.56
-20595.43
-20595.43
-20371.56
-20595.43
-20371.56
-20595.43
-20371.56
-20371.56
-20595.43
-20371.56
-20371.56
-20371.56
-20371.56
-20371.56
-20371.56
-20371.56
-20371.56
-20371.56
-20595.43
-20371.56
-20371.56
-20595.43
-20371.56
-20371.56
-20371.56
-20371.56
-20371.56
-20595.43
-20371.56
-20371.56
-20371.56
-20371.56
-20371.56
-20371.56
-20371.56
-20371.56
-20371.56
-20371.56
-20371.56
-20371.56
-20371.56
-20371.56
-20595.43
-20147.70
-20371.56
-20371.56
-20371.56
-20371.56
-20371.56
-20371.56
-20371.56
-20371.56
-20371.56
-20147.70
-20371.56
-20371.56
-20147.70
-20371.56
-20371.56
-20147.70
-20147.70
-20371.56
-20147.70
-20371.56
-20371.56
-20371.56
-20147.70
-20371.56
-20371.56
-20147.70
-20147.70
-20371.56
-20371.56
-20371.56
-20371.56
-20371.56
-20147.70
-20147.70
-20371.56
-20147.70
-20147.70
-20371.56
-20147.70
-20147.70
-20371.56
-20147.70
-20147.70
-20147.70
-20371.56
-20147.70
-20147.70
-20147.70
-20147.70
-20147.70
-20147.70
-20147.70
-20147.70
-20371.56
-20147.70
-20147.70
-20147.70
-20147.70
-20147.70
-20147.70
-20147.70
-20147.70
-19923.84
-20147.70
-20147.70
-20147.70
-20147.70
-20147.70
-20147.70
-20147.70
-20147.70
-20147.70
-19923.84
-20147.70
-20147.70
-20147.70
-20147.70
-20147.70
-20147.70
-19923.84
-20147.70
-20147.70
-19923.84
-20147.70
-20147.70
-19923.84
-19923.84
-20147.70
-19923.84
-19923.84
-20147.70
-20147.70
-20147.70
-20147.70
-19923.84
-19923.84
-19923.84
-19923.84
-19923.84
-19923.84
-19923.84
-19923.84
-19923.84
-20147.70
-20147.70
-19923.84
-19923.84
-19923.84
-19923.84
-19923.84
-19923.84
-19923.84
-19923.84
-19923.84
-19923.84
-19923.84
-19923.84
-19923.84
-19923.84
-19923.84
-19923.84
-19923.84
-19923.84
-19923.84
-20147.70
-19923.84
-19923.84
-19923.84
-19699.97
-19923.84
-19923.84
-19923.84
-19923.84
-19699.97
-19923.84
-19699.97
-19923.84
-19923.84
-19699.97
-19923.84
-19923.84
-19923.84
-19923.84
-19923.84
-19699.97
-19699.97
-19699.97
-19923.84
-19923.84
-19699.97
-19923.84
-19699.97
-19699.97
-19923.84
-19923.84
-19699.97
-19699.97
-19923.84
-19699.97
-19923.84
-19923.84
-19699.97
-19699.97
-19699.97
-19923.84
-19699.97
-19699.97
-19699.97
-19699.97
-19699.97
-19699.97
-19699.97
-19699.97
-19699.97
-19699.97
-19699.97
-19699.97
-19699.97
-19699.97
-19699.97
-19923.84
-19699.97
-19699.97
-19699.97
-19699.97
-19699.97
-19699.97
-19699.97
-19476.11
-19699.97
-19699.97
-19699.97
-19476.11
-19699.97
-19699.97
-19476.11
-19699.97
-19699.97
-19699.97
-19476.11
-19699.97
-19699.97
-19699.97
-19476.11
-19699.97
-19476.11
-19699.97
-19699.97
-19476.11
-19699.97
-19699.97
-19699.97
-19476.11
-19476.11
-19699.97
-19699.97
-19699.97
-19699.97
-19476.11
-19476.11
-19699.97
-19699.97
-19476.11
-19699.97
-19476.11
-19476.11
-19476.11
-19476.11
-19476.11
-19476.11
-19476.11
-19476.11
-19476.11
-19476.11
-19699.97
-19476.11
-19476.11
-19699.97
-19476.11
-19476.11
-19476.11
-19476.11
-19476.11
-19476.11
-19476.11
-19476.11
-19476.11
-19476.11
-19476.11
-19476.11
-19476.11
-19476.11
-19476.11
-19476.11
-19476.11
-19476.11
-19476.11
-19476.11
-19476.11
-19476.11
-19476.11
-19476.11
-19476.11
-19476.11
-19476.11
-19252.25
-19476.11
-19476.11
-19476.11
-19476.11
-19476.11
-19476.11
-19476.11
-19476.11
-19476.11
-19252.25
-19476.11
-19476.11
-19252.25
-19476.11
-19476.11
-19252.25
-19476.11
-19252.25
-19476.11
-19252.25
-19252.25
-19252.25
-19252.25
-19252.25
-19476.11
-19252.25
-19252.25
-19252.25
-19252.25
-19252.25
-19476.11
-19476.11
-19476.11
-19252.25
-19028.38
-19252.25
-19252.25
-19476.11
-19252.25
-19252.25
-19252.25
-19252.25
-19252.25
-19252.25
-19476.11
-19252.25
-19252.25
-19028.38
-19476.11
-19252.25
-19252.25
-19252.25
-19252.25
-19252.25
-19252.25
-19252.25
-19028.38
-19476.11
-19252.25
-19252.25
-19252.25
-19252.25
-19252.25
-19028.38
-19476.11
-19252.25
-19252.25
-19028.38
-19476.11
-19252.25
-19252.25
-19252.25
-19252.25
-19252.25
-19028.38
-19252.25
-19028.38
-19252.25
-19252.25
-19252.25
-19028.38
-19252.25
-19252.25
-19252.25
-19252.25
-19252.25
-19252.25
-19252.25
-19252.25
-19028.38
-19252.25
-19252.25
-19252.25
-19252.25
-19252.25
-19028.38
-19028.38
-19252.25
-19252.25
-19252.25
-19028.38
-19028.38
-19252.25
-19028.38
-19476.11
-19252.25
-19252.25
-19028.38
-19252.25
-19252.25
-19252.25
-19252.25
-19028.38
-19252.25
-19028.38
-19252.25
-19028.38
-19252.25
-19252.25
-19028.38
-19252.25
-19252.25
-19028.38
-19028.38
-19476.11
-19252.25
-19252.25
-19252.25
-19252.25
-19028.38
-19028.38
-19252.25
-19252.25
-19028.38
-19028.38
-19252.25
-19028.38
-19252.25
-19252.25
-19028.38
-19028.38
-19252.25
-19028.38
-19028.38
-19252.25
-19252.25
-19252.25
-19028.38
-19028.38
-19028.38
-19252.25
-19252.25
-19252.25
-19252.25
-19028.38
-19028.38
-19028.38
-19252.25
-19028.38
-19028.38
-19028.38
-19028.38
-19252.25
-19252.25
-19028.38
-19028.38
-19252.25
-19028.38
-19028.38
-19028.38
-19028.38
-19252.25
-19028.38
-19028.38
-19028.38
-19028.38
-19028.38
-19028.38
-19252.25
-19028.38
-19252.25
-19252.25
-19028.38
-19028.38
-19028.38
-19252.25
-19028.38
-19252.25
-19028.38
-19028.38
-19028.38
-19028.38
-19028.38
-19028.38
-19252.25
-19028.38
-19028.38
-19028.38
-19028.38
-19028.38
-19028.38
-19252.25
-19252.25
-18804.52
-18804.52
-19028.38
-19028.38
-19252.25
-19252.25
-19028.38
-19028.38
-19028.38
-19028.38
-19028.38
-19252.25
-19028.38
-19028.38
-18804.52
-19028.38
-19028.38
-19028.38
-19028.38
-19028.38
-19028.38
-19028.38
-19028.38
-19028.38
-18804.52
-19028.38
-19028.38
-19028.38
-19028.38
-19028.38
-19028.38
-19252.25
-19028.38
-19028.38
-19028.38
-19028.38
-19028.38
-19028.38
-19028.38
-19028.38
-19028.38
-18804.52
-19028.38
-18804.52
-19028.38
-19028.38
-19028.38
-18804.52
-19028.38
-19028.38
-19028.38
-19028.38
-19028.38
-19028.38
-19028.38
-19028.38
-19028.38
-19028.38
-19028.38
-18804.52
-19028.38
-19028.38
-19028.38
-18804.52
-19028.38
-19028.38
-19028.38
-19028.38
-19028.38
-18804.52
-19028.38
-19028.38
-19028.38
-19028.38
-19028.38
-19028.38
-19028.38
-19028.38
-19028.38
-19028.38
-18804.52
-19028.38
-19028.38
-19028.38
-18804.52
-19028.38
-18804.52
-19028.38
-18804.52
-18804.52
-18804.52
-19028.38
-19028.38
-18804.52
-19028.38
-19028.38
-19028.38
-18804.52
-19028.38
-19028.38
-18804.52
-19028.38
-18804.52
-19028.38
-18804.52
-19028.38
-18804.52
-18804.52
-19028.38
-18804.52
-19028.38
-19028.38
-19028.38
-18804.52
-19028.38
-19028.38
-18804.52
-19028.38
-19028.38
-19028.38
-18804.52
-18804.52
-18804.52
-18804.52
-18804.52
-19028.38
-18804.52
-19028.38
-18804.52
-18804.52
-18804.52
-19028.38
-19028.38
-18804.52
-18804.52
-19028.38
-18804.52
-19028.38
-19028.38
-18804.52
-18804.52
-19028.38
-18804.52
-18804.52
-18804.52
-19028.38
-18804.52
-18804.52
-19028.38
-18804.52
-18580.66
-19028.38
-18804.52
-18804.52
-18804.52
-19028.38
-18804.52
-18804.52
-19028.38
-18804.52
-18804.52
-19028.38
-18804.52
-18804.52
-18804.52
-18804.52
-18804.52
-18804.52
-19028.38
-18804.52
-18804.52
-18804.52
-18804.52
-18804.52
-19028.38
-18804.52
-18804.52
-18804.52
-18804.52
-18804.52
-18804.52
-18804.52
-18804.52
-18804.52
-18804.52
-18804.52
-18804.52
-18804.52
-18804.52
-18804.52
-18580.66
-18804.52
-18804.52
-18804.52
-18804.52
-18804.52
-18804.52
-18804.52
-18804.52
-18804.52
-18804.52
-18804.52
-18804.52
-18804.52
-18804.52
-18804.52
-18804.52
-18804.52
-18804.52
-18804.52
-18580.66
-18804.52
-18804.52
-18580.66
-18804.52
-18804.52
-18580.66
-18804.52
-18804.52
-18804.52
-18580.66
-18804.52
-18804.52
-18804.52
-18580.66
-18804.52
-18804.52
-18804.52
-18804.52
-18804.52
-18804.52
-18580.66
-18580.66
-18580.66
-18804.52
-18580.66
-18804.52
-18580.66
-18804.52
-18804.52
-18580.66
-18580.66
-18580.66
-18580.66
-18580.66
-18580.66
-18580.66
-18580.66
-18580.66
-18580.66
-18580.66
-18804.52
-18580.66
-18580.66
-18804.52
-18804.52
-18580.66
-18804.52
-18804.52
-18580.66
-18580.66
-18804.52
-18580.66
-18580.66
-18804.52
-18580.66
-18580.66
-18580.66
-18580.66
-18580.66
-18580.66
-18580.66
-18580.66
-18580.66
-18580.66
-18580.66
-18580.66
-18580.66
-18580.66
-18580.66
-18580.66
-18580.66
-18580.66
-18580.66
-18804.52
-18580.66
-18580.66
-18580.66
-18580.66
-18580.66
-18356.79
-18580.66
-18580.66
-18580.66
-18580.66
-18580.66
-18580.66
-18580.66
-18580.66
-18356.79
-18580.66
-18580.66
-18580.66
-18580.66
-18580.66
-18580.66
-18580.66
-18580.66
-18580.66
-18356.79
-18356.79
-18580.66
-18580.66
-18356.79
-18580.66
-18356.79
-18356.79
-18356.79
-18580.66
-18356.79
-18356.79
-18356.79
-18580.66
-18356.79
-18580.66
-18356.79
-18356.79
-18580.66
-18580.66
-18356.79
-18580.66
-18580.66
-18580.66
-18580.66
-18356.79
-18580.66
-18356.79
-18356.79
-18580.66
-18356.79
-18356.79
-18580.66
-18356.79
-18356.79
-18356.79
-18356.79
-18356.79
-18356.79
-18580.66
-18356.79
-18356.79
-18580.66
-18356.79
-18356.79
-18356.79
-18356.79
-18356.79
-18356.79
-18356.79
-18356.79
-18132.93
-18356.79
-18356.79
-18356.79
-18356.79
-18356.79
-18356.79
-18356.79
-18356.79
-18356.79
-18356.79
-18356.79
-18356.79
-18356.79
-18356.79
-18580.66
-18356.79
-18356.79
-18356.79
-18132.93
-18356.79
-18356.79
-18356.79
-18132.93
-18356.79
-18356.79
-18132.93
-18356.79
-18356.79
-18132.93
-18356.79
-18356.79
-18132.93
-18132.93
-18132.93
-18356.79
-18132.93
-18356.79
-18356.79
-18132.93
-18132.93
-18132.93
-18132.93
-18132.93
-18356.79
-18132.93
-18132.93
-18132.93
-18356.79
-18132.93
-18132.93
-18132.93
-18132.93
-18132.93
-18132.93
-18132.93
-18132.93
-18132.93
-18132.93
