IEC 61083-2 TDG Version 2.1.0
Data File Version  2.1.0
31 LIC-M1
8 bits, 159 samples at 10ns
1.000000e-008
0.0
0.0
3670.7
0.0
3670.7
0.0
0.0
0.0
0.0
0.0
0.0
0.0
0.0
3670.7
3670.7
7341.5
11012.2
7341.5
11012.2
14683.0
18353.7
18353.7
22024.5
29366.0
33036.7
47719.7
55061.2
62402.7
80756.4
88097.9
102780.9
124805.3
154171.3
176195.8
205561.7
234927.7
260622.9
282647.4
289988.9
297330.4
297330.4
282647.4
282647.4
282647.4
297330.4
330367.1
359733.0
396440.5
436818.7
462513.9
484538.4
506562.8
517575.1
528587.3
539599.5
557953.3
576307.0
590990.0
609343.7
631368.2
646051.1
657063.4
668075.6
686429.3
701112.3
719466.0
734149.0
756173.5
774527.2
785539.5
803893.2
818576.2
829588.4
840600.6
851612.9
847942.1
822246.9
756173.5
638709.6
477196.9
289988.9
117463.8
-11012.2
-73414.9
-69744.2
-22024.5
40378.2
88097.9
128476.1
128476.1
110122.4
77085.6
44048.9
11012.2
-18353.7
-40378.2
-58731.9
-62402.7
-58731.9
-47719.7
-40378.2
-36707.5
-25695.2
-22024.5
-25695.2
-29366.0
-36707.5
-36707.5
-40378.2
-44048.9
-44048.9
-36707.5
-29366.0
-11012.2
0.0
7341.5
11012.2
11012.2
11012.2
11012.2
14683.0
14683.0
18353.7
18353.7
25695.2
22024.5
29366.0
29366.0
29366.0
29366.0
29366.0
25695.2
22024.5
25695.2
25695.2
18353.7
25695.2
18353.7
18353.7
14683.0
14683.0
11012.2
11012.2
7341.5
7341.5
3670.7
3670.7
3670.7
3670.7
0.0
0.0
0.0
0.0
0.0
0.0
0.0
0.0
0.0
0.0
