IEC 61083-2 TDG Version 2.1.0
Data File Version  2.1.0
30 LIC-A1
8 bits, 200 samples at 10ns
1.000000e-008
-23964.7
-23964.7
-23964.7
-23964.7
-23964.7
-23964.7
-23964.7
-23964.7
-23964.7
-23964.7
-23964.7
-23964.7
-23964.7
-23964.7
-23964.7
-23964.7
-23964.7
-23964.7
-23964.7
-23964.7
-23964.7
13694.1
47929.4
82164.7
116400.0
147211.8
181447.1
208835.3
239647.1
267035.3
294423.5
318388.2
345776.5
369741.2
390282.4
414247.1
434788.2
455329.4
475870.6
496411.8
513529.4
534070.6
551188.2
568305.9
582000.0
599117.6
612811.8
626505.9
640200.0
653894.1
667588.2
681282.4
691552.9
705247.1
715517.6
725788.2
736058.8
746329.4
756600.0
763447.1
773717.6
783988.2
790835.3
797682.4
807952.9
814800.0
821647.1
828494.1
835341.2
842188.2
852458.8
691552.9
561458.8
455329.4
369741.2
297847.1
239647.1
191717.6
150635.3
119823.5
92435.3
71894.1
54776.5
41082.4
27388.2
17117.6
10270.6
3423.5
0.0
-6847.1
-10270.6
-10270.6
-13694.1
-17117.6
-17117.6
-20541.2
-20541.2
-20541.2
-20541.2
-23964.7
-23964.7
-23964.7
-23964.7
-23964.7
-23964.7
-23964.7
-23964.7
-23964.7
-23964.7
-23964.7
-23964.7
-23964.7
-23964.7
-23964.7
-23964.7
-23964.7
-23964.7
-23964.7
-23964.7
-23964.7
-23964.7
-23964.7
-23964.7
-23964.7
-23964.7
-23964.7
-23964.7
-23964.7
-23964.7
-23964.7
-23964.7
-23964.7
-23964.7
-23964.7
-23964.7
-23964.7
-23964.7
-23964.7
-23964.7
-23964.7
-23964.7
-23964.7
-23964.7
-23964.7
-23964.7
-23964.7
-23964.7
-23964.7
-23964.7
-23964.7
-23964.7
-23964.7
-23964.7
-23964.7
-23964.7
-23964.7
-23964.7
-23964.7
-23964.7
-23964.7
-23964.7
-23964.7
-23964.7
-23964.7
-23964.7
-23964.7
-23964.7
-23964.7
-23964.7
-23964.7
-23964.7
-23964.7
-23964.7
-23964.7
-23964.7
-23964.7
-23964.7
-23964.7
-23964.7
-23964.7
-23964.7
-23964.7
-23964.7
-23964.7
-23964.7
-23964.7
-23964.7
-23964.7
-23964.7
-23964.7
-23964.7
-23964.7
-23964.7
-23964.7
-23964.7
-23964.7
-23964.7
-23964.7
-23964.7
-23964.7
