IEC 61083-2 TDG Version 2.1.0
Data File Version  2.1.0
33 LIC-M3
8 bits, 1000 samples at 10ns
1.000000e-008
374.0586
372.8117
372.8117
372.8117
374.0586
374.0586
374.0586
374.0586
372.8117
374.0586
374.0586
374.0586
372.8117
374.0586
374.0586
372.8117
372.8117
374.0586
372.8117
374.0586
374.0586
372.8117
372.8117
372.8117
374.0586
374.0586
374.0586
372.8117
374.0586
374.0586
374.0586
372.8117
372.8117
372.8117
372.8117
371.5649
374.0586
374.0586
372.8117
372.8117
374.0586
374.0586
372.8117
372.8117
372.8117
374.0586
374.0586
372.8117
372.8117
374.0586
374.0586
374.0586
374.0586
372.8117
374.0586
374.0586
372.8117
374.0586
372.8117
374.0586
374.0586
374.0586
374.0586
374.0586
372.8117
374.0586
374.0586
374.0586
374.0586
374.0586
372.8117
374.0586
371.5649
372.8117
372.8117
372.8117
372.8117
372.8117
372.8117
372.8117
372.8117
374.0586
374.0586
374.0586
372.8117
372.8117
374.0586
374.0586
372.8117
372.8117
374.0586
374.0586
372.8117
374.0586
374.0586
374.0586
374.0586
372.8117
374.0586
374.0586
374.0586
374.0586
374.0586
374.0586
374.0586
372.8117
372.8117
374.0586
372.8117
372.8117
374.0586
374.0586
374.0586
374.0586
374.0586
374.0586
372.8117
372.8117
374.0586
374.0586
374.0586
372.8117
372.8117
372.8117
372.8117
374.0586
372.8117
374.0586
372.8117
374.0586
374.0586
372.8117
372.8117
372.8117
372.8117
372.8117
374.0586
372.8117
372.8117
374.0586
374.0586
374.0586
374.0586
372.8117
374.0586
372.8117
374.0586
374.0586
374.0586
374.0586
374.0586
374.0586
372.8117
374.0586
372.8117
372.8117
372.8117
374.0586
372.8117
374.0586
374.0586
374.0586
372.8117
374.0586
374.0586
374.0586
372.8117
372.8117
374.0586
374.0586
374.0586
372.8117
372.8117
374.0586
374.0586
372.8117
372.8117
374.0586
374.0586
374.0586
372.8117
372.8117
374.0586
374.0586
374.0586
374.0586
374.0586
374.0586
372.8117
374.0586
372.8117
372.8117
372.8117
374.0586
374.0586
374.0586
374.0586
372.8117
374.0586
374.0586
374.0586
374.0586
372.8117
372.8117
372.8117
374.0586
372.8117
374.0586
372.8117
372.8117
374.0586
374.0586
374.0586
374.0586
374.0586
372.8117
374.0586
372.8117
374.0586
374.0586
372.8117
372.8117
372.8117
372.8117
374.0586
372.8117
374.0586
374.0586
372.8117
374.0586
374.0586
372.8117
372.8117
374.0586
372.8117
372.8117
374.0586
374.0586
374.0586
372.8117
372.8117
374.0586
372.8117
374.0586
374.0586
374.0586
374.0586
371.5649
374.0586
374.0586
372.8117
372.8117
374.0586
374.0586
374.0586
374.0586
374.0586
374.0586
374.0586
374.0586
374.0586
374.0586
372.8117
374.0586
372.8117
374.0586
372.8117
374.0586
374.0586
372.8117
374.0586
372.8117
372.8117
374.0586
374.0586
374.0586
372.8117
374.0586
374.0586
374.0586
372.8117
374.0586
374.0586
372.8117
374.0586
374.0586
374.0586
372.8117
372.8117
374.0586
374.0586
374.0586
374.0586
372.8117
372.8117
374.0586
372.8117
374.0586
372.8117
374.0586
372.8117
374.0586
374.0586
372.8117
374.0586
372.8117
374.0586
374.0586
374.0586
374.0586
372.8117
374.0586
372.8117
374.0586
372.8117
374.0586
372.8117
372.8117
372.8117
374.0586
372.8117
372.8117
374.0586
374.0586
374.0586
374.0586
374.0586
372.8117
374.0586
374.0586
374.0586
372.8117
372.8117
374.0586
372.8117
372.8117
372.8117
372.8117
374.0586
374.0586
374.0586
374.0586
372.8117
374.0586
372.8117
372.8117
374.0586
374.0586
374.0586
374.0586
374.0586
374.0586
372.8117
374.0586
374.0586
372.8117
372.8117
374.0586
374.0586
374.0586
374.0586
372.8117
371.5649
372.8117
372.8117
371.5649
371.5649
369.0711
371.5649
369.0711
369.0711
369.0711
369.0711
369.0711
369.0711
369.0711
369.0711
369.0711
367.8243
366.5774
365.3306
365.3306
364.0837
364.0837
361.5900
361.5900
361.5900
359.0963
359.0963
357.8494
354.1088
352.8619
350.3682
344.1339
336.6527
326.6778
315.4561
302.9875
290.5188
281.7908
271.8159
261.8410
253.1130
243.1381
233.1632
220.6946
213.2134
205.7322
201.9916
195.7573
194.5105
190.7699
185.7824
179.5481
173.3138
165.8326
158.3515
150.8703
144.6360
139.6485
135.9080
129.6736
125.9331
122.1925
117.2050
114.7113
109.7239
104.7364
102.2427
97.2552
94.7615
91.0209
88.5272
84.7866
84.7866
82.2929
77.3054
76.0586
73.5649
69.8243
71.0711
81.0460
102.2427
138.4017
180.7950
223.1883
263.0879
299.2469
330.4184
351.6151
365.3306
377.7992
387.7741
387.7741
387.7741
387.7741
387.7741
387.7741
387.7741
387.7741
387.7741
387.7741
387.7741
387.7741
385.2804
382.7866
381.5398
380.2929
379.0460
379.0460
379.0460
375.3055
374.0586
372.8117
371.5649
366.5774
364.0837
361.5900
360.3431
360.3431
360.3431
360.3431
361.5900
361.5900
361.5900
365.3306
365.3306
366.5774
369.0711
367.8243
369.0711
371.5649
371.5649
371.5649
371.5649
372.8117
372.8117
374.0586
374.0586
375.3055
374.0586
375.3055
375.3055
375.3055
374.0586
372.8117
371.5649
371.5649
369.0711
367.8243
367.8243
367.8243
366.5774
366.5774
366.5774
367.8243
366.5774
367.8243
367.8243
367.8243
369.0711
369.0711
369.0711
369.0711
371.5649
372.8117
372.8117
372.8117
372.8117
374.0586
372.8117
372.8117
372.8117
371.5649
372.8117
372.8117
372.8117
371.5649
372.8117
371.5649
371.5649
371.5649
371.5649
371.5649
371.5649
371.5649
371.5649
371.5649
371.5649
372.8117
371.5649
371.5649
371.5649
371.5649
371.5649
371.5649
371.5649
371.5649
371.5649
371.5649
371.5649
371.5649
372.8117
372.8117
371.5649
372.8117
374.0586
372.8117
374.0586
374.0586
374.0586
372.8117
374.0586
372.8117
372.8117
372.8117
372.8117
372.8117
372.8117
372.8117
372.8117
371.5649
371.5649
371.5649
371.5649
371.5649
371.5649
371.5649
372.8117
371.5649
372.8117
372.8117
372.8117
371.5649
372.8117
372.8117
371.5649
372.8117
371.5649
371.5649
372.8117
372.8117
371.5649
372.8117
371.5649
371.5649
371.5649
371.5649
371.5649
372.8117
372.8117
371.5649
372.8117
372.8117
372.8117
371.5649
372.8117
371.5649
372.8117
371.5649
371.5649
372.8117
371.5649
371.5649
371.5649
371.5649
372.8117
371.5649
371.5649
371.5649
371.5649
372.8117
371.5649
372.8117
372.8117
374.0586
374.0586
372.8117
372.8117
374.0586
374.0586
372.8117
372.8117
371.5649
372.8117
371.5649
372.8117
372.8117
371.5649
371.5649
372.8117
371.5649
372.8117
371.5649
372.8117
372.8117
372.8117
372.8117
372.8117
372.8117
372.8117
372.8117
372.8117
372.8117
372.8117
372.8117
372.8117
372.8117
372.8117
372.8117
371.5649
371.5649
372.8117
372.8117
372.8117
371.5649
372.8117
372.8117
372.8117
374.0586
372.8117
372.8117
372.8117
372.8117
372.8117
372.8117
372.8117
372.8117
372.8117
371.5649
372.8117
371.5649
372.8117
371.5649
371.5649
372.8117
372.8117
372.8117
371.5649
372.8117
372.8117
372.8117
374.0586
372.8117
372.8117
374.0586
372.8117
372.8117
372.8117
372.8117
372.8117
372.8117
371.5649
371.5649
371.5649
372.8117
372.8117
372.8117
371.5649
372.8117
372.8117
374.0586
372.8117
374.0586
374.0586
374.0586
372.8117
372.8117
372.8117
374.0586
371.5649
372.8117
372.8117
372.8117
371.5649
371.5649
372.8117
372.8117
372.8117
372.8117
372.8117
372.8117
374.0586
374.0586
372.8117
374.0586
372.8117
372.8117
372.8117
372.8117
372.8117
372.8117
372.8117
372.8117
374.0586
372.8117
372.8117
372.8117
372.8117
372.8117
371.5649
372.8117
372.8117
372.8117
372.8117
372.8117
372.8117
374.0586
372.8117
372.8117
372.8117
374.0586
372.8117
372.8117
372.8117
372.8117
372.8117
372.8117
372.8117
372.8117
372.8117
372.8117
372.8117
372.8117
372.8117
374.0586
372.8117
374.0586
374.0586
372.8117
374.0586
374.0586
372.8117
372.8117
372.8117
372.8117
372.8117
372.8117
371.5649
372.8117
372.8117
372.8117
372.8117
372.8117
372.8117
372.8117
372.8117
372.8117
372.8117
372.8117
372.8117
372.8117
372.8117
374.0586
374.0586
372.8117
372.8117
374.0586
372.8117
372.8117
372.8117
371.5649
372.8117
372.8117
372.8117
372.8117
372.8117
372.8117
374.0586
372.8117
372.8117
372.8117
372.8117
372.8117
372.8117
372.8117
372.8117
372.8117
372.8117
372.8117
372.8117
371.5649
372.8117
372.8117
372.8117
372.8117
374.0586
372.8117
372.8117
372.8117
372.8117
372.8117
371.5649
374.0586
372.8117
374.0586
372.8117
372.8117
374.0586
374.0586
374.0586
374.0586
374.0586
372.8117
372.8117
371.5649
372.8117
372.8117
372.8117
372.8117
372.8117
374.0586
372.8117
372.8117
374.0586
372.8117
372.8117
372.8117
374.0586
372.8117
372.8117
372.8117
372.8117
372.8117
374.0586
372.8117
372.8117
371.5649
372.8117
371.5649
372.8117
372.8117
372.8117
372.8117
374.0586
372.8117
374.0586
372.8117
374.0586
372.8117
372.8117
372.8117
374.0586
372.8117
372.8117
372.8117
372.8117
374.0586
372.8117
372.8117
372.8117
372.8117
372.8117
372.8117
372.8117
372.8117
372.8117
374.0586
372.8117
372.8117
374.0586
372.8117
374.0586
372.8117
372.8117
372.8117
371.5649
372.8117
372.8117
372.8117
372.8117
372.8117
372.8117
372.8117
372.8117
372.8117
372.8117
372.8117
372.8117
372.8117
374.0586
372.8117
372.8117
372.8117
372.8117
372.8117
372.8117
372.8117
372.8117
372.8117
372.8117
372.8117
374.0586
372.8117
372.8117
374.0586
372.8117
372.8117
372.8117
372.8117
374.0586
372.8117
372.8117
374.0586
372.8117
374.0586
372.8117
372.8117
374.0586
372.8117
372.8117
372.8117
372.8117
374.0586
371.5649
371.5649
372.8117
372.8117
372.8117
372.8117
372.8117
372.8117
372.8117
374.0586
372.8117
372.8117
374.0586
372.8117
372.8117
374.0586
374.0586
374.0586
372.8117
372.8117
374.0586
372.8117
374.0586
372.8117
372.8117
372.8117
