IEC 61083-2 TDG Version 2.1.0
Data File Version  2.1.0
32 LIC-M2
8 bits, 1000 samples at 10ns
1.000000e-008
15.5385
15.5385
15.5385
16.7338
15.5385
15.5385
16.7338
16.7338
15.5385
15.5385
15.5385
16.7338
15.5385
15.5385
16.7338
16.7338
16.7338
15.5385
15.5385
15.5385
16.7338
16.7338
15.5385
16.7338
16.7338
15.5385
15.5385
15.5385
15.5385
16.7338
15.5385
16.7338
16.7338
15.5385
15.5385
16.7338
15.5385
15.5385
16.7338
16.7338
16.7338
16.7338
15.5385
15.5385
15.5385
15.5385
15.5385
15.5385
16.7338
15.5385
16.7338
15.5385
16.7338
16.7338
15.5385
15.5385
15.5385
15.5385
16.7338
15.5385
16.7338
15.5385
15.5385
15.5385
15.5385
15.5385
15.5385
16.7338
16.7338
15.5385
15.5385
15.5385
15.5385
15.5385
15.5385
15.5385
15.5385
15.5385
15.5385
15.5385
15.5385
15.5385
16.7338
16.7338
15.5385
16.7338
15.5385
16.7338
15.5385
15.5385
15.5385
15.5385
15.5385
16.7338
15.5385
16.7338
15.5385
15.5385
15.5385
15.5385
15.5385
16.7338
15.5385
15.5385
15.5385
15.5385
15.5385
16.7338
16.7338
15.5385
15.5385
15.5385
16.7338
16.7338
15.5385
15.5385
15.5385
15.5385
15.5385
16.7338
15.5385
15.5385
15.5385
15.5385
16.7338
15.5385
15.5385
15.5385
15.5385
16.7338
15.5385
16.7338
15.5385
15.5385
15.5385
16.7338
15.5385
15.5385
16.7338
16.7338
16.7338
15.5385
15.5385
16.7338
16.7338
15.5385
15.5385
15.5385
15.5385
15.5385
16.7338
15.5385
16.7338
16.7338
15.5385
15.5385
15.5385
15.5385
16.7338
15.5385
15.5385
15.5385
15.5385
15.5385
15.5385
16.7338
15.5385
15.5385
16.7338
15.5385
16.7338
16.7338
16.7338
15.5385
16.7338
15.5385
15.5385
16.7338
15.5385
16.7338
15.5385
16.7338
15.5385
15.5385
16.7338
15.5385
15.5385
16.7338
15.5385
15.5385
16.7338
15.5385
16.7338
16.7338
16.7338
16.7338
16.7338
15.5385
15.5385
16.7338
15.5385
15.5385
15.5385
15.5385
15.5385
15.5385
15.5385
15.5385
15.5385
16.7338
16.7338
16.7338
15.5385
16.7338
15.5385
15.5385
15.5385
15.5385
16.7338
16.7338
16.7338
15.5385
16.7338
15.5385
15.5385
15.5385
15.5385
16.7338
15.5385
15.5385
15.5385
16.7338
16.7338
16.7338
16.7338
16.7338
15.5385
17.9291
15.5385
15.5385
15.5385
15.5385
16.7338
16.7338
15.5385
16.7338
16.7338
15.5385
15.5385
15.5385
15.5385
15.5385
16.7338
15.5385
15.5385
16.7338
16.7338
15.5385
16.7338
15.5385
15.5385
15.5385
15.5385
15.5385
15.5385
15.5385
15.5385
15.5385
15.5385
15.5385
15.5385
15.5385
16.7338
15.5385
15.5385
16.7338
15.5385
16.7338
16.7338
16.7338
16.7338
15.5385
15.5385
15.5385
15.5385
15.5385
16.7338
16.7338
15.5385
15.5385
16.7338
15.5385
16.7338
16.7338
15.5385
15.5385
15.5385
16.7338
15.5385
15.5385
15.5385
16.7338
16.7338
16.7338
15.5385
15.5385
15.5385
15.5385
15.5385
16.7338
15.5385
15.5385
16.7338
15.5385
15.5385
15.5385
16.7338
15.5385
16.7338
16.7338
16.7338
15.5385
15.5385
15.5385
15.5385
16.7338
15.5385
15.5385
16.7338
15.5385
15.5385
15.5385
15.5385
15.5385
16.7338
15.5385
16.7338
15.5385
15.5385
15.5385
15.5385
15.5385
16.7338
15.5385
16.7338
16.7338
15.5385
15.5385
15.5385
15.5385
15.5385
16.7338
16.7338
16.7338
15.5385
16.7338
16.7338
15.5385
15.5385
15.5385
16.7338
16.7338
16.7338
16.7338
16.7338
16.7338
16.7338
16.7338
17.9291
17.9291
17.9291
17.9291
20.3196
20.3196
20.3196
20.3196
17.9291
20.3196
17.9291
20.3196
21.5149
21.5149
22.7102
23.9054
23.9054
23.9054
26.2960
27.4913
27.4913
28.6865
29.8818
32.2723
33.4676
37.0534
39.4440
44.2251
50.2014
59.7636
70.5211
82.4738
93.2312
105.1840
114.7461
123.1130
131.4799
139.8468
150.6043
161.3617
172.1192
178.0956
184.0719
187.6577
192.4388
194.8294
200.8057
206.7821
213.9537
219.9301
227.1017
234.2733
240.2497
248.6166
251.0072
256.9835
261.7646
266.5457
270.1315
273.7173
277.3031
283.2795
284.4748
289.2559
294.0370
297.6228
300.0133
301.2086
304.7944
304.7944
301.2086
292.8417
271.3268
239.0544
199.6105
155.3854
112.3556
78.8880
59.7636
43.0298
28.6865
13.1480
3.5858
0.0000
0.0000
0.0000
0.0000
0.0000
0.0000
0.0000
0.0000
0.0000
0.0000
0.0000
3.5858
5.9764
7.1716
7.1716
7.1716
7.1716
10.7574
11.9527
15.5385
16.7338
21.5149
23.9054
27.4913
28.6865
32.2723
29.8818
29.8818
28.6865
27.4913
26.2960
23.9054
23.9054
22.7102
21.5149
20.3196
20.3196
20.3196
17.9291
17.9291
17.9291
17.9291
17.9291
16.7338
16.7338
15.5385
15.5385
15.5385
15.5385
15.5385
15.5385
15.5385
16.7338
16.7338
17.9291
21.5149
20.3196
21.5149
21.5149
20.3196
21.5149
21.5149
21.5149
21.5149
21.5149
21.5149
20.3196
20.3196
20.3196
20.3196
20.3196
17.9291
17.9291
16.7338
17.9291
17.9291
17.9291
17.9291
17.9291
16.7338
17.9291
17.9291
17.9291
17.9291
16.7338
16.7338
17.9291
17.9291
17.9291
16.7338
17.9291
16.7338
17.9291
16.7338
16.7338
17.9291
16.7338
17.9291
17.9291
17.9291
17.9291
20.3196
17.9291
20.3196
20.3196
17.9291
20.3196
17.9291
17.9291
17.9291
17.9291
16.7338
16.7338
16.7338
15.5385
15.5385
15.5385
15.5385
15.5385
16.7338
16.7338
16.7338
16.7338
16.7338
17.9291
16.7338
16.7338
17.9291
17.9291
17.9291
17.9291
17.9291
17.9291
17.9291
17.9291
16.7338
16.7338
16.7338
17.9291
16.7338
16.7338
16.7338
16.7338
16.7338
16.7338
16.7338
16.7338
16.7338
16.7338
16.7338
17.9291
17.9291
16.7338
16.7338
17.9291
16.7338
16.7338
16.7338
16.7338
16.7338
16.7338
16.7338
16.7338
16.7338
16.7338
16.7338
16.7338
17.9291
17.9291
16.7338
17.9291
17.9291
16.7338
16.7338
17.9291
17.9291
16.7338
16.7338
16.7338
16.7338
16.7338
16.7338
16.7338
16.7338
15.5385
16.7338
16.7338
16.7338
16.7338
17.9291
15.5385
16.7338
16.7338
17.9291
17.9291
16.7338
16.7338
16.7338
16.7338
16.7338
16.7338
15.5385
16.7338
16.7338
15.5385
15.5385
16.7338
16.7338
16.7338
16.7338
16.7338
16.7338
16.7338
16.7338
16.7338
16.7338
17.9291
16.7338
16.7338
17.9291
16.7338
16.7338
16.7338
17.9291
16.7338
15.5385
16.7338
16.7338
16.7338
16.7338
16.7338
15.5385
16.7338
16.7338
16.7338
17.9291
16.7338
16.7338
17.9291
16.7338
16.7338
16.7338
16.7338
16.7338
16.7338
16.7338
16.7338
16.7338
16.7338
16.7338
16.7338
16.7338
16.7338
16.7338
16.7338
16.7338
16.7338
16.7338
17.9291
17.9291
16.7338
16.7338
16.7338
16.7338
16.7338
16.7338
16.7338
16.7338
16.7338
16.7338
16.7338
16.7338
15.5385
16.7338
16.7338
16.7338
16.7338
15.5385
16.7338
16.7338
16.7338
16.7338
16.7338
16.7338
16.7338
16.7338
16.7338
16.7338
16.7338
16.7338
16.7338
15.5385
16.7338
16.7338
16.7338
16.7338
16.7338
16.7338
16.7338
16.7338
16.7338
16.7338
17.9291
16.7338
16.7338
16.7338
17.9291
16.7338
16.7338
16.7338
17.9291
16.7338
16.7338
16.7338
16.7338
16.7338
16.7338
16.7338
16.7338
16.7338
16.7338
16.7338
16.7338
16.7338
16.7338
16.7338
16.7338
16.7338
16.7338
16.7338
16.7338
16.7338
16.7338
16.7338
16.7338
16.7338
15.5385
16.7338
16.7338
16.7338
16.7338
16.7338
16.7338
16.7338
15.5385
16.7338
16.7338
16.7338
16.7338
16.7338
16.7338
16.7338
15.5385
17.9291
16.7338
16.7338
16.7338
15.5385
16.7338
15.5385
15.5385
16.7338
15.5385
16.7338
16.7338
16.7338
16.7338
15.5385
17.9291
16.7338
15.5385
16.7338
16.7338
16.7338
16.7338
16.7338
16.7338
16.7338
16.7338
16.7338
16.7338
15.5385
16.7338
15.5385
16.7338
15.5385
16.7338
16.7338
16.7338
17.9291
16.7338
16.7338
16.7338
16.7338
16.7338
16.7338
16.7338
15.5385
16.7338
16.7338
16.7338
16.7338
16.7338
15.5385
16.7338
16.7338
16.7338
15.5385
16.7338
16.7338
16.7338
16.7338
16.7338
16.7338
16.7338
16.7338
16.7338
16.7338
16.7338
16.7338
16.7338
15.5385
16.7338
16.7338
16.7338
16.7338
16.7338
16.7338
15.5385
16.7338
17.9291
16.7338
16.7338
16.7338
15.5385
16.7338
16.7338
15.5385
16.7338
16.7338
16.7338
15.5385
16.7338
16.7338
16.7338
16.7338
15.5385
16.7338
16.7338
16.7338
15.5385
16.7338
16.7338
16.7338
16.7338
17.9291
16.7338
16.7338
16.7338
16.7338
16.7338
16.7338
16.7338
16.7338
16.7338
15.5385
15.5385
16.7338
15.5385
16.7338
16.7338
16.7338
15.5385
16.7338
16.7338
16.7338
16.7338
15.5385
16.7338
16.7338
16.7338
16.7338
16.7338
16.7338
16.7338
16.7338
16.7338
16.7338
16.7338
16.7338
16.7338
16.7338
16.7338
16.7338
15.5385
15.5385
16.7338
15.5385
15.5385
16.7338
16.7338
16.7338
16.7338
16.7338
16.7338
16.7338
15.5385
15.5385
15.5385
16.7338
16.7338
16.7338
16.7338
16.7338
15.5385
16.7338
16.7338
15.5385
15.5385
15.5385
16.7338
16.7338
16.7338
16.7338
16.7338
16.7338
16.7338
16.7338
15.5385
16.7338
16.7338
15.5385
16.7338
16.7338
16.7338
16.7338
16.7338
17.9291
16.7338
16.7338
16.7338
16.7338
16.7338
16.7338
15.5385
16.7338
16.7338
16.7338
16.7338
