IEC 61083-2 TDG Version 2.1.0
Data File Version  2.1.0
35 LIC-M4f
8 bits, 9399 samples at 10ns
1.000000e-008
7.4639
7.4639
7.4639
7.4639
7.4639
7.4639
7.4639
7.4639
7.4639
7.4639
7.4639
7.4639
7.4639
7.4639
7.4639
7.4639
7.4639
7.4639
7.4639
7.4639
7.4639
7.4639
7.4639
7.4639
7.4639
7.4639
7.4639
6.8897
6.8897
6.8897
6.8897
7.4639
6.8897
7.4639
7.4639
6.8897
7.4639
7.4639
7.4639
7.4639
7.4639
7.4639
7.4639
7.4639
7.4639
7.4639
7.4639
7.4639
7.4639
7.4639
7.4639
7.4639
7.4639
7.4639
7.4639
7.4639
7.4639
7.4639
7.4639
7.4639
7.4639
7.4639
7.4639
7.4639
7.4639
7.4639
7.4639
7.4639
7.4639
7.4639
7.4639
7.4639
7.4639
7.4639
7.4639
7.4639
7.4639
7.4639
7.4639
7.4639
7.4639
7.4639
7.4639
7.4639
7.4639
7.4639
7.4639
6.8897
7.4639
7.4639
7.4639
7.4639
7.4639
7.4639
7.4639
7.4639
7.4639
7.4639
7.4639
7.4639
7.4639
7.4639
7.4639
7.4639
7.4639
7.4639
7.4639
7.4639
7.4639
7.4639
7.4639
7.4639
7.4639
7.4639
7.4639
7.4639
7.4639
7.4639
7.4639
7.4639
7.4639
7.4639
7.4639
7.4639
7.4639
7.4639
7.4639
7.4639
7.4639
7.4639
7.4639
7.4639
7.4639
7.4639
7.4639
6.8897
6.8897
7.4639
7.4639
7.4639
7.4639
7.4639
7.4639
7.4639
7.4639
7.4639
7.4639
7.4639
7.4639
7.4639
7.4639
7.4639
7.4639
7.4639
7.4639
7.4639
7.4639
7.4639
7.4639
6.8897
7.4639
7.4639
7.4639
7.4639
7.4639
7.4639
7.4639
7.4639
7.4639
7.4639
7.4639
7.4639
7.4639
7.4639
7.4639
7.4639
7.4639
7.4639
7.4639
7.4639
7.4639
7.4639
7.4639
7.4639
7.4639
7.4639
7.4639
7.4639
7.4639
7.4639
6.8897
7.4639
7.4639
7.4639
6.8897
7.4639
6.8897
7.4639
7.4639
7.4639
7.4639
7.4639
7.4639
6.8897
7.4639
7.4639
7.4639
7.4639
7.4639
7.4639
7.4639
7.4639
7.4639
7.4639
7.4639
7.4639
7.4639
7.4639
7.4639
7.4639
7.4639
7.4639
7.4639
7.4639
7.4639
7.4639
7.4639
7.4639
7.4639
6.8897
7.4639
7.4639
7.4639
7.4639
6.8897
7.4639
7.4639
7.4639
7.4639
7.4639
7.4639
7.4639
7.4639
7.4639
7.4639
7.4639
7.4639
7.4639
7.4639
7.4639
7.4639
7.4639
7.4639
7.4639
7.4639
7.4639
7.4639
7.4639
7.4639
7.4639
7.4639
7.4639
7.4639
7.4639
7.4639
7.4639
7.4639
7.4639
7.4639
7.4639
7.4639
7.4639
7.4639
7.4639
7.4639
7.4639
7.4639
7.4639
7.4639
7.4639
7.4639
7.4639
7.4639
7.4639
7.4639
7.4639
7.4639
7.4639
7.4639
7.4639
7.4639
7.4639
7.4639
7.4639
7.4639
7.4639
7.4639
7.4639
7.4639
7.4639
7.4639
7.4639
6.8897
7.4639
7.4639
7.4639
7.4639
7.4639
7.4639
7.4639
7.4639
7.4639
7.4639
7.4639
7.4639
7.4639
7.4639
7.4639
7.4639
7.4639
7.4639
6.8897
7.4639
7.4639
7.4639
7.4639
7.4639
7.4639
7.4639
7.4639
7.4639
7.4639
7.4639
7.4639
7.4639
7.4639
7.4639
7.4639
7.4639
7.4639
7.4639
7.4639
7.4639
7.4639
7.4639
8.0380
8.6122
8.0380
8.0380
8.6122
8.6122
8.0380
8.6122
8.6122
8.6122
8.6122
8.6122
9.7605
9.7605
9.7605
9.7605
9.7605
10.3346
10.9088
10.9088
12.0570
12.0570
12.6312
12.6312
12.6312
13.2053
12.6312
13.2053
13.2053
13.2053
13.7795
14.9278
14.9278
15.5019
15.5019
16.6502
17.7985
17.7985
18.9468
18.9468
20.0951
20.6692
21.2434
21.8175
22.9658
23.5399
24.1141
25.2624
26.4107
28.1331
28.7072
31.0038
32.1521
34.4487
38.4677
41.9126
47.0799
51.6730
55.6920
59.1369
59.7111
60.8593
60.8593
63.1559
66.0266
68.3232
70.0457
70.6198
70.6198
71.1940
73.4905
76.3613
80.3803
82.6768
83.8251
85.5476
86.6959
88.4183
90.7149
92.4373
94.7339
96.4563
97.0305
97.6046
97.6046
98.7529
99.9012
101.6236
102.7719
104.4943
106.2168
106.2168
107.3651
107.9392
109.6617
110.8099
112.5324
114.2548
114.8290
115.4031
115.9772
117.1255
117.6997
119.4221
120.5704
121.1445
121.1445
122.8670
123.4411
123.4411
124.5894
125.1636
125.7377
126.3119
127.4601
128.6084
128.6084
129.7567
130.3309
130.9050
131.4792
132.6274
133.2016
133.2016
133.7757
134.3499
134.3499
133.7757
134.3499
135.4982
135.4982
136.0723
136.6465
136.6465
137.7947
138.3689
138.3689
138.9430
139.5172
139.5172
140.6655
140.6655
141.2396
141.2396
141.2396
141.2396
141.8138
141.8138
142.9620
142.9620
143.5362
143.5362
143.5362
143.5362
144.1103
144.1103
144.6845
144.6845
144.6845
145.8328
144.6845
145.8328
146.4069
146.4069
146.4069
146.4069
146.4069
146.4069
146.4069
146.9811
146.9811
146.9811
148.1294
146.9811
146.9811
148.1294
148.7035
148.1294
148.7035
149.2776
149.2776
148.7035
149.2776
149.2776
149.8518
149.2776
149.8518
149.2776
149.8518
149.8518
149.8518
149.8518
149.8518
149.8518
149.8518
149.8518
149.8518
151.0001
149.8518
151.0001
151.0001
151.0001
151.5742
151.5742
151.5742
151.0001
151.0001
151.5742
151.5742
151.5742
151.5742
151.5742
151.5742
151.5742
151.5742
151.5742
151.5742
151.5742
151.5742
152.1484
151.5742
151.5742
152.1484
151.5742
152.1484
152.1484
152.1484
152.1484
152.1484
152.1484
152.1484
152.1484
152.1484
152.1484
152.1484
152.1484
152.1484
152.1484
153.2967
152.1484
152.1484
152.1484
152.1484
152.1484
152.1484
153.2967
152.1484
153.2967
152.1484
153.2967
152.1484
152.1484
152.1484
153.2967
152.1484
152.1484
152.1484
152.1484
152.1484
152.1484
153.2967
152.1484
153.2967
152.1484
153.2967
153.2967
153.2967
152.1484
152.1484
152.1484
152.1484
152.1484
152.1484
152.1484
152.1484
152.1484
152.1484
152.1484
152.1484
153.2967
152.1484
153.2967
152.1484
152.1484
152.1484
152.1484
153.2967
152.1484
153.2967
152.1484
152.1484
152.1484
152.1484
152.1484
152.1484
152.1484
152.1484
152.1484
152.1484
152.1484
152.1484
152.1484
152.1484
152.1484
152.1484
152.1484
152.1484
152.1484
152.1484
152.1484
152.1484
152.1484
151.5742
152.1484
152.1484
152.1484
152.1484
152.1484
152.1484
152.1484
152.1484
152.1484
152.1484
152.1484
152.1484
152.1484
151.5742
152.1484
152.1484
152.1484
151.5742
151.5742
151.5742
152.1484
151.5742
152.1484
151.5742
151.5742
152.1484
152.1484
151.5742
151.5742
152.1484
152.1484
151.5742
151.5742
151.5742
151.5742
151.5742
151.5742
151.5742
152.1484
151.5742
151.5742
151.5742
151.5742
151.0001
151.5742
151.0001
151.5742
151.5742
151.5742
151.5742
151.5742
151.5742
151.5742
151.0001
151.5742
151.5742
151.0001
151.5742
151.0001
151.0001
151.5742
151.0001
151.5742
151.0001
151.5742
151.0001
151.5742
151.0001
151.0001
151.5742
151.0001
151.0001
151.5742
151.0001
151.0001
151.0001
151.0001
151.0001
151.0001
151.0001
151.0001
151.0001
151.0001
151.0001
151.0001
151.0001
151.0001
151.0001
151.0001
151.0001
151.0001
149.8518
149.8518
149.8518
149.8518
151.0001
149.8518
149.8518
149.8518
149.8518
149.8518
149.8518
151.0001
149.8518
149.8518
149.8518
149.8518
149.8518
149.8518
149.8518
149.8518
149.8518
149.8518
149.8518
149.8518
149.8518
149.8518
149.8518
149.8518
149.8518
149.8518
149.2776
149.8518
149.2776
149.2776
149.2776
149.8518
149.2776
149.2776
149.2776
149.2776
149.2776
149.2776
149.2776
149.2776
149.2776
149.2776
149.2776
149.2776
149.2776
149.2776
149.2776
149.8518
149.2776
149.2776
149.2776
149.2776
149.2776
149.2776
149.2776
149.2776
149.2776
149.2776
149.2776
149.2776
149.2776
149.2776
149.2776
149.2776
148.7035
149.2776
149.2776
149.2776
148.7035
148.7035
148.7035
148.7035
148.7035
148.7035
148.7035
148.7035
148.7035
148.7035
148.7035
148.7035
148.7035
148.7035
148.7035
148.7035
148.7035
148.7035
148.7035
148.7035
148.1294
148.7035
148.7035
148.7035
148.1294
148.7035
148.1294
148.7035
148.7035
148.1294
148.1294
148.1294
148.1294
148.1294
148.1294
148.1294
148.1294
148.1294
148.1294
148.7035
148.1294
148.1294
146.9811
148.1294
148.1294
148.1294
148.1294
148.1294
146.9811
148.1294
146.9811
146.9811
146.9811
146.9811
148.1294
148.1294
146.9811
146.9811
146.9811
148.1294
146.9811
146.9811
146.9811
146.9811
146.9811
146.9811
146.9811
146.9811
146.4069
146.9811
146.9811
148.1294
146.9811
146.9811
146.9811
146.9811
146.4069
146.4069
146.9811
146.9811
146.9811
146.4069
146.4069
146.9811
146.4069
146.4069
146.4069
146.4069
146.4069
146.4069
146.4069
146.4069
146.4069
146.4069
146.4069
146.4069
146.9811
146.4069
146.4069
146.4069
146.4069
146.4069
146.4069
145.8328
146.4069
146.4069
146.4069
146.4069
146.4069
145.8328
145.8328
146.4069
145.8328
145.8328
145.8328
146.4069
145.8328
145.8328
145.8328
145.8328
145.8328
145.8328
145.8328
145.8328
145.8328
145.8328
145.8328
145.8328
145.8328
145.8328
145.8328
145.8328
144.6845
145.8328
145.8328
145.8328
145.8328
145.8328
144.6845
144.6845
144.6845
144.6845
145.8328
145.8328
144.6845
144.6845
145.8328
144.6845
144.6845
144.6845
144.6845
144.6845
144.6845
145.8328
144.6845
144.6845
144.6845
144.6845
144.6845
144.6845
144.6845
144.1103
144.6845
144.1103
144.1103
144.6845
144.6845
144.1103
144.1103
144.1103
144.1103
144.1103
144.1103
144.6845
144.1103
144.1103
144.1103
144.1103
144.1103
144.1103
144.1103
144.1103
144.1103
144.1103
144.1103
144.1103
144.1103
144.1103
144.1103
144.1103
144.1103
144.1103
144.1103
144.1103
143.5362
144.1103
144.1103
143.5362
144.1103
144.1103
143.5362
143.5362
143.5362
143.5362
144.1103
143.5362
144.1103
144.1103
143.5362
143.5362
143.5362
143.5362
143.5362
143.5362
144.1103
144.1103
143.5362
143.5362
143.5362
143.5362
143.5362
143.5362
143.5362
143.5362
142.9620
143.5362
143.5362
143.5362
143.5362
143.5362
143.5362
143.5362
142.9620
143.5362
142.9620
143.5362
142.9620
142.9620
143.5362
142.9620
142.9620
142.9620
142.9620
142.9620
142.9620
142.9620
142.9620
142.9620
142.9620
142.9620
142.9620
141.8138
142.9620
142.9620
141.8138
142.9620
142.9620
142.9620
142.9620
142.9620
142.9620
141.8138
142.9620
141.8138
142.9620
141.8138
141.8138
142.9620
142.9620
141.8138
142.9620
141.8138
141.8138
141.8138
141.8138
141.8138
141.8138
141.8138
141.8138
141.8138
141.8138
141.2396
141.2396
141.8138
141.2396
141.8138
141.2396
141.2396
141.2396
141.2396
141.2396
141.2396
141.2396
141.2396
141.2396
141.8138
141.2396
141.2396
141.2396
141.2396
141.2396
141.2396
141.2396
141.2396
141.2396
141.2396
141.2396
141.2396
141.2396
141.2396
141.2396
141.2396
141.2396
141.2396
140.6655
141.2396
141.2396
141.2396
141.2396
140.6655
140.6655
141.2396
140.6655
140.6655
140.6655
140.6655
140.6655
141.2396
140.6655
141.2396
140.6655
140.6655
140.6655
140.6655
140.6655
140.6655
140.6655
140.6655
140.6655
140.6655
140.6655
140.6655
140.6655
140.6655
140.6655
140.6655
139.5172
139.5172
140.6655
140.6655
140.6655
140.6655
140.6655
139.5172
140.6655
140.6655
139.5172
140.6655
139.5172
140.6655
139.5172
140.6655
139.5172
139.5172
139.5172
139.5172
139.5172
139.5172
139.5172
139.5172
139.5172
139.5172
139.5172
139.5172
139.5172
139.5172
139.5172
139.5172
139.5172
139.5172
139.5172
139.5172
139.5172
139.5172
139.5172
138.9430
138.9430
138.9430
139.5172
139.5172
139.5172
138.9430
139.5172
138.9430
139.5172
139.5172
139.5172
138.9430
139.5172
138.9430
138.3689
138.9430
138.9430
138.9430
138.3689
138.9430
138.3689
138.9430
138.9430
138.9430
138.9430
138.9430
138.3689
138.3689
138.3689
138.9430
138.3689
138.3689
138.9430
138.9430
138.3689
138.3689
138.3689
138.3689
138.3689
138.3689
138.3689
138.3689
138.3689
138.3689
138.3689
138.3689
138.3689
138.3689
138.3689
138.3689
138.3689
137.7947
138.3689
138.3689
138.3689
138.3689
138.3689
138.3689
137.7947
137.7947
137.7947
137.7947
137.7947
137.7947
138.3689
138.3689
137.7947
137.7947
137.7947
137.7947
137.7947
137.7947
137.7947
137.7947
137.7947
137.7947
137.7947
137.7947
137.7947
137.7947
137.7947
137.7947
137.7947
137.7947
137.7947
137.7947
137.7947
137.7947
137.7947
136.6465
137.7947
136.6465
136.6465
137.7947
137.7947
136.6465
136.6465
137.7947
136.6465
137.7947
137.7947
136.6465
136.6465
136.6465
136.6465
136.6465
136.6465
136.6465
136.6465
136.6465
136.6465
136.6465
136.0723
136.6465
136.6465
136.0723
136.6465
136.6465
136.0723
136.0723
136.0723
136.6465
136.0723
136.0723
136.0723
136.0723
136.0723
136.0723
136.0723
136.0723
136.0723
136.0723
136.0723
136.0723
136.0723
136.0723
136.0723
136.0723
136.0723
136.0723
136.0723
135.4982
136.0723
136.0723
136.0723
136.0723
135.4982
135.4982
135.4982
136.0723
136.0723
135.4982
136.0723
136.0723
136.0723
135.4982
135.4982
135.4982
135.4982
136.0723
135.4982
135.4982
135.4982
135.4982
135.4982
135.4982
135.4982
135.4982
135.4982
135.4982
135.4982
135.4982
135.4982
135.4982
135.4982
135.4982
135.4982
135.4982
135.4982
135.4982
135.4982
134.3499
134.3499
134.3499
135.4982
134.3499
135.4982
135.4982
134.3499
134.3499
134.3499
134.3499
134.3499
134.3499
134.3499
134.3499
134.3499
134.3499
134.3499
134.3499
134.3499
134.3499
134.3499
134.3499
134.3499
134.3499
134.3499
134.3499
134.3499
133.7757
134.3499
133.7757
134.3499
134.3499
133.7757
134.3499
134.3499
133.7757
133.7757
133.7757
133.7757
134.3499
133.7757
133.7757
133.7757
133.7757
133.7757
133.7757
133.7757
133.7757
133.7757
133.7757
133.7757
133.7757
133.7757
133.7757
133.7757
133.7757
133.7757
133.2016
133.7757
133.7757
133.7757
133.7757
133.7757
133.7757
133.7757
133.2016
133.2016
133.7757
133.2016
133.2016
133.7757
133.2016
133.2016
133.2016
133.7757
133.7757
133.2016
133.2016
133.2016
133.2016
133.2016
133.2016
133.2016
133.2016
133.2016
133.2016
133.2016
133.2016
133.2016
133.2016
133.2016
133.2016
133.2016
133.2016
133.2016
132.6274
133.2016
133.2016
133.2016
132.6274
133.2016
132.6274
132.6274
132.6274
132.6274
133.2016
132.6274
132.6274
132.6274
132.6274
132.6274
132.6274
132.6274
132.6274
132.6274
132.6274
131.4792
132.6274
132.6274
132.6274
132.6274
132.6274
132.6274
132.6274
132.6274
131.4792
131.4792
132.6274
132.6274
131.4792
132.6274
132.6274
132.6274
132.6274
132.6274
131.4792
132.6274
131.4792
131.4792
131.4792
131.4792
132.6274
131.4792
131.4792
131.4792
131.4792
131.4792
131.4792
131.4792
130.9050
132.6274
131.4792
131.4792
131.4792
131.4792
131.4792
131.4792
131.4792
131.4792
131.4792
131.4792
130.9050
130.9050
131.4792
130.9050
131.4792
131.4792
130.9050
131.4792
130.9050
131.4792
130.9050
130.9050
130.9050
130.9050
130.9050
130.9050
130.9050
130.9050
130.9050
130.9050
130.3309
130.9050
130.9050
130.9050
130.9050
130.9050
130.9050
130.9050
130.3309
130.9050
130.9050
130.9050
130.3309
130.3309
130.3309
130.9050
130.9050
130.3309
130.3309
130.3309
130.9050
130.3309
130.9050
130.3309
130.3309
130.3309
130.3309
130.3309
130.3309
130.3309
130.3309
130.3309
130.3309
130.3309
130.3309
130.3309
130.3309
130.3309
130.3309
130.3309
130.3309
130.3309
129.7567
129.7567
130.3309
130.3309
130.3309
129.7567
130.3309
130.3309
130.3309
130.3309
129.7567
129.7567
129.7567
129.7567
130.3309
129.7567
129.7567
129.7567
129.7567
129.7567
129.7567
130.3309
129.7567
129.7567
129.7567
129.7567
129.7567
129.7567
129.7567
128.6084
129.7567
129.7567
129.7567
129.7567
129.7567
129.7567
128.6084
129.7567
128.6084
128.6084
129.7567
129.7567
129.7567
129.7567
129.7567
128.6084
128.6084
128.6084
128.6084
129.7567
128.6084
128.6084
128.6084
128.6084
128.6084
128.6084
128.6084
128.0343
128.6084
128.6084
128.6084
128.6084
128.6084
128.6084
128.6084
128.0343
128.6084
128.6084
128.0343
128.6084
128.0343
128.0343
128.6084
128.6084
128.0343
128.0343
128.6084
128.0343
128.0343
128.6084
128.0343
128.0343
128.0343
128.0343
128.0343
128.0343
128.0343
128.0343
128.0343
128.0343
128.0343
128.0343
128.0343
128.0343
128.0343
128.0343
127.4601
128.0343
127.4601
128.0343
127.4601
128.0343
127.4601
128.0343
128.0343
128.0343
127.4601
128.0343
127.4601
127.4601
127.4601
127.4601
127.4601
127.4601
127.4601
127.4601
128.0343
127.4601
127.4601
127.4601
127.4601
128.0343
127.4601
127.4601
127.4601
127.4601
127.4601
127.4601
127.4601
127.4601
127.4601
126.3119
127.4601
126.3119
127.4601
127.4601
127.4601
127.4601
126.3119
127.4601
126.3119
127.4601
127.4601
126.3119
127.4601
126.3119
126.3119
126.3119
126.3119
126.3119
126.3119
126.3119
126.3119
126.3119
126.3119
126.3119
126.3119
126.3119
126.3119
126.3119
126.3119
126.3119
126.3119
126.3119
126.3119
126.3119
126.3119
126.3119
126.3119
126.3119
126.3119
125.7377
126.3119
126.3119
125.7377
126.3119
125.7377
125.7377
126.3119
125.7377
125.7377
125.7377
125.7377
125.7377
125.7377
125.7377
125.7377
125.7377
125.7377
125.7377
125.7377
125.7377
125.7377
125.7377
125.7377
125.7377
125.7377
125.7377
125.7377
125.7377
125.1636
125.7377
125.7377
125.1636
125.7377
125.1636
125.1636
125.7377
125.7377
125.1636
125.1636
125.1636
125.1636
125.7377
125.1636
125.7377
125.7377
125.7377
125.1636
125.1636
125.1636
125.1636
125.1636
125.1636
125.1636
124.5894
125.1636
125.1636
125.1636
125.1636
125.1636
124.5894
125.1636
125.1636
125.1636
125.1636
125.1636
124.5894
125.1636
124.5894
124.5894
125.1636
124.5894
124.5894
124.5894
125.1636
124.5894
125.1636
124.5894
124.5894
124.5894
124.5894
124.5894
124.5894
125.1636
124.5894
124.5894
124.5894
124.5894
124.5894
124.5894
124.5894
124.5894
124.5894
124.5894
123.4411
124.5894
123.4411
124.5894
124.5894
124.5894
123.4411
124.5894
124.5894
124.5894
123.4411
123.4411
123.4411
124.5894
123.4411
124.5894
123.4411
123.4411
123.4411
123.4411
123.4411
123.4411
123.4411
123.4411
123.4411
123.4411
123.4411
123.4411
123.4411
123.4411
123.4411
123.4411
123.4411
123.4411
123.4411
123.4411
123.4411
122.8670
123.4411
122.8670
123.4411
123.4411
122.8670
123.4411
123.4411
122.8670
122.8670
122.8670
122.8670
123.4411
122.8670
122.8670
122.8670
122.8670
123.4411
122.8670
122.8670
122.8670
122.8670
122.8670
122.8670
122.8670
122.8670
122.8670
122.2928
122.8670
122.8670
122.8670
122.8670
122.8670
122.8670
122.8670
122.8670
122.8670
122.8670
122.8670
122.8670
122.2928
122.2928
122.8670
122.8670
122.8670
122.8670
122.2928
122.2928
122.2928
122.2928
122.2928
122.2928
122.8670
122.2928
122.2928
122.2928
122.2928
122.2928
122.8670
122.2928
122.2928
122.2928
122.2928
122.2928
122.2928
122.2928
122.2928
122.2928
122.2928
121.1445
122.2928
121.1445
122.2928
122.2928
122.2928
122.2928
122.2928
121.1445
122.2928
121.1445
121.1445
121.1445
121.1445
122.2928
121.1445
122.2928
121.1445
121.1445
121.1445
121.1445
121.1445
121.1445
121.1445
121.1445
121.1445
121.1445
121.1445
121.1445
121.1445
121.1445
121.1445
121.1445
121.1445
121.1445
121.1445
121.1445
121.1445
120.5704
121.1445
121.1445
121.1445
121.1445
121.1445
121.1445
120.5704
120.5704
120.5704
121.1445
120.5704
121.1445
120.5704
121.1445
120.5704
120.5704
121.1445
120.5704
120.5704
120.5704
120.5704
120.5704
120.5704
120.5704
120.5704
120.5704
120.5704
120.5704
120.5704
120.5704
120.5704
120.5704
120.5704
120.5704
120.5704
120.5704
120.5704
120.5704
119.9963
120.5704
119.9963
119.9963
120.5704
119.9963
119.9963
120.5704
119.9963
119.9963
119.9963
119.9963
119.9963
119.9963
119.9963
119.9963
119.9963
119.9963
119.9963
119.9963
119.9963
119.9963
119.9963
119.9963
119.9963
119.9963
119.9963
119.9963
119.9963
119.9963
119.9963
119.9963
119.9963
119.4221
119.9963
119.4221
119.4221
119.4221
119.9963
119.9963
119.9963
119.4221
119.9963
119.9963
119.4221
119.9963
119.4221
119.4221
119.9963
119.9963
119.4221
119.4221
119.4221
118.2738
119.4221
119.4221
119.4221
119.4221
119.4221
119.9963
119.4221
119.4221
119.4221
118.2738
119.4221
119.4221
119.4221
119.4221
118.2738
119.4221
119.4221
118.2738
119.4221
119.4221
119.4221
118.2738
118.2738
119.4221
119.4221
119.4221
119.4221
119.4221
119.4221
118.2738
119.4221
119.4221
118.2738
118.2738
118.2738
118.2738
118.2738
118.2738
118.2738
118.2738
118.2738
118.2738
118.2738
118.2738
118.2738
117.6997
118.2738
117.6997
118.2738
118.2738
118.2738
118.2738
117.6997
117.6997
118.2738
118.2738
118.2738
117.6997
118.2738
117.6997
117.6997
117.6997
117.6997
117.6997
117.6997
117.6997
117.6997
117.6997
117.6997
117.6997
117.6997
117.6997
117.6997
117.6997
117.6997
117.6997
117.6997
117.6997
117.6997
117.6997
117.6997
117.6997
117.1255
117.6997
117.6997
117.6997
117.6997
117.6997
117.1255
117.1255
117.1255
117.1255
117.6997
117.1255
117.1255
117.1255
117.6997
117.1255
117.1255
117.1255
117.1255
117.1255
117.1255
117.1255
117.1255
117.6997
117.1255
117.1255
117.1255
117.1255
117.1255
117.1255
117.1255
117.1255
117.1255
117.1255
117.1255
117.1255
117.1255
115.9772
117.1255
117.1255
115.9772
117.1255
117.1255
117.1255
117.1255
115.9772
117.1255
115.9772
117.1255
115.9772
115.9772
115.9772
115.9772
117.1255
117.1255
115.9772
117.1255
115.9772
115.9772
115.9772
115.9772
115.9772
117.1255
115.9772
115.9772
115.9772
115.9772
115.9772
115.9772
115.9772
115.9772
115.9772
115.4031
115.4031
115.9772
115.9772
115.9772
115.9772
115.4031
115.9772
115.4031
115.4031
115.4031
115.9772
115.4031
115.4031
115.9772
115.9772
115.9772
115.4031
115.9772
115.4031
115.9772
115.4031
115.4031
115.4031
115.4031
115.4031
115.4031
115.4031
115.4031
115.4031
114.8290
115.4031
115.4031
115.4031
115.4031
115.4031
115.4031
115.4031
115.4031
115.4031
115.4031
115.4031
114.8290
115.4031
115.4031
115.4031
115.4031
115.4031
114.8290
114.8290
114.8290
114.8290
115.4031
115.4031
114.8290
114.8290
115.4031
114.8290
114.8290
114.8290
114.8290
114.8290
114.8290
114.8290
114.8290
114.8290
114.8290
115.4031
114.8290
114.8290
114.8290
114.8290
114.8290
114.8290
114.8290
114.8290
114.8290
114.8290
114.8290
114.8290
114.8290
114.8290
114.8290
114.8290
114.8290
114.8290
114.8290
114.2548
114.8290
114.2548
114.8290
114.2548
114.8290
114.8290
114.2548
114.8290
114.8290
114.2548
114.8290
114.2548
114.2548
114.2548
114.2548
114.2548
114.2548
114.2548
114.2548
114.2548
114.2548
114.2548
114.2548
113.1065
114.2548
114.2548
114.2548
114.2548
114.2548
114.2548
114.2548
113.1065
114.2548
113.1065
114.2548
113.1065
114.2548
114.2548
113.1065
114.2548
114.2548
113.1065
113.1065
114.2548
113.1065
113.1065
113.1065
113.1065
114.2548
113.1065
113.1065
113.1065
113.1065
113.1065
113.1065
113.1065
113.1065
113.1065
113.1065
113.1065
113.1065
113.1065
112.5324
113.1065
113.1065
113.1065
113.1065
112.5324
113.1065
113.1065
113.1065
113.1065
113.1065
112.5324
112.5324
112.5324
112.5324
112.5324
112.5324
112.5324
112.5324
113.1065
112.5324
112.5324
112.5324
113.1065
112.5324
112.5324
112.5324
112.5324
112.5324
112.5324
112.5324
112.5324
112.5324
112.5324
112.5324
112.5324
112.5324
112.5324
112.5324
112.5324
112.5324
111.9582
112.5324
112.5324
112.5324
112.5324
111.9582
111.9582
112.5324
112.5324
112.5324
111.9582
111.9582
112.5324
111.9582
111.9582
112.5324
112.5324
111.9582
112.5324
111.9582
111.9582
111.9582
111.9582
111.9582
111.9582
111.9582
111.9582
111.9582
111.9582
111.9582
111.9582
111.9582
111.9582
111.9582
111.9582
111.9582
111.9582
111.9582
111.9582
110.8099
111.9582
111.9582
111.9582
111.9582
111.9582
110.8099
111.9582
111.9582
111.9582
111.9582
111.9582
111.9582
110.8099
110.8099
110.8099
110.8099
110.8099
110.8099
110.8099
110.8099
110.8099
110.8099
110.8099
110.8099
110.8099
110.8099
110.8099
110.8099
110.8099
110.8099
110.8099
110.8099
110.2358
110.8099
110.8099
110.2358
110.8099
110.8099
110.8099
110.8099
110.2358
110.8099
110.2358
110.2358
110.8099
110.2358
110.8099
110.2358
110.2358
110.8099
110.2358
110.2358
110.2358
110.2358
110.2358
110.2358
110.2358
110.2358
110.2358
110.2358
110.2358
110.8099
110.2358
110.2358
110.2358
110.2358
110.2358
110.2358
110.2358
110.2358
109.6617
110.2358
110.2358
110.2358
110.2358
110.2358
109.6617
110.2358
110.2358
110.2358
110.2358
110.2358
110.2358
110.2358
110.2358
109.6617
110.2358
109.6617
110.2358
109.6617
109.6617
110.2358
109.6617
109.6617
109.6617
109.6617
109.6617
109.6617
109.6617
109.6617
109.6617
109.6617
109.6617
109.6617
109.6617
109.6617
109.6617
109.6617
109.6617
109.6617
109.6617
109.6617
109.6617
109.6617
109.6617
109.6617
109.6617
109.6617
109.6617
109.6617
109.6617
109.6617
109.0875
109.6617
109.0875
109.6617
109.0875
109.6617
109.6617
109.6617
109.0875
109.6617
109.0875
109.0875
109.0875
109.0875
109.0875
109.0875
109.0875
109.0875
109.0875
109.0875
109.0875
109.0875
109.0875
109.0875
109.0875
109.0875
109.0875
109.0875
109.0875
109.0875
109.0875
109.0875
109.0875
109.0875
109.0875
109.0875
109.0875
109.0875
107.9392
109.0875
109.0875
109.0875
109.0875
109.0875
107.9392
107.9392
107.9392
107.9392
107.9392
109.0875
107.9392
107.9392
107.9392
109.0875
107.9392
107.9392
107.9392
107.9392
107.9392
107.9392
107.9392
107.9392
107.9392
107.9392
107.9392
107.9392
107.9392
107.9392
107.9392
107.9392
107.9392
107.9392
107.9392
107.3651
107.3651
107.9392
107.9392
107.9392
107.9392
107.9392
107.3651
107.9392
107.3651
107.9392
107.9392
107.3651
107.9392
107.9392
107.3651
107.3651
107.3651
107.3651
107.3651
107.3651
107.9392
107.3651
107.3651
107.3651
107.3651
107.3651
107.3651
107.3651
107.3651
107.3651
107.3651
107.3651
107.3651
107.3651
107.3651
107.3651
107.3651
107.3651
107.3651
107.3651
107.3651
107.3651
106.7909
106.7909
106.7909
107.3651
107.3651
107.3651
106.7909
107.3651
106.7909
107.3651
106.7909
106.7909
106.7909
106.7909
106.7909
106.7909
106.7909
106.7909
107.3651
106.7909
106.7909
106.7909
106.7909
107.3651
106.7909
106.7909
106.7909
106.7909
106.7909
106.7909
106.7909
106.7909
106.7909
106.2168
106.7909
106.7909
106.7909
106.7909
106.7909
106.7909
106.2168
106.7909
106.7909
106.7909
106.2168
106.2168
106.2168
106.7909
106.2168
106.2168
106.2168
106.2168
106.2168
106.2168
106.2168
106.7909
106.2168
106.7909
106.2168
106.2168
106.2168
106.2168
106.2168
106.2168
106.2168
106.2168
106.2168
106.2168
106.2168
106.2168
106.2168
106.2168
106.2168
106.2168
106.2168
106.2168
106.2168
106.2168
106.2168
106.2168
106.2168
106.2168
106.2168
106.2168
106.2168
106.2168
106.2168
106.2168
105.0685
106.2168
106.2168
105.0685
105.0685
105.0685
105.0685
106.2168
105.0685
105.0685
105.0685
105.0685
105.0685
106.2168
105.0685
105.0685
105.0685
105.0685
105.0685
105.0685
105.0685
105.0685
105.0685
105.0685
105.0685
105.0685
105.0685
105.0685
105.0685
105.0685
105.0685
105.0685
105.0685
105.0685
105.0685
105.0685
105.0685
104.4943
105.0685
104.4943
105.0685
104.4943
104.4943
105.0685
105.0685
105.0685
104.4943
104.4943
104.4943
104.4943
104.4943
104.4943
104.4943
104.4943
104.4943
104.4943
104.4943
104.4943
104.4943
104.4943
104.4943
104.4943
104.4943
104.4943
104.4943
104.4943
104.4943
104.4943
104.4943
104.4943
104.4943
104.4943
104.4943
104.4943
104.4943
104.4943
104.4943
104.4943
103.9202
103.9202
103.9202
103.9202
104.4943
104.4943
103.9202
103.9202
104.4943
104.4943
103.9202
103.9202
103.9202
104.4943
103.9202
103.9202
103.9202
104.4943
103.9202
104.4943
103.9202
103.9202
103.9202
104.4943
103.9202
103.9202
103.9202
103.9202
103.9202
103.9202
103.9202
103.9202
103.9202
103.9202
102.7719
103.9202
103.9202
103.9202
102.7719
103.9202
103.9202
103.9202
102.7719
102.7719
102.7719
102.7719
103.9202
103.9202
102.7719
102.7719
103.9202
102.7719
102.7719
102.7719
102.7719
102.7719
102.7719
102.7719
102.7719
102.7719
102.7719
102.7719
102.7719
102.7719
102.7719
102.7719
102.7719
102.7719
102.7719
102.7719
102.7719
102.7719
102.7719
102.7719
102.7719
102.7719
102.7719
102.7719
102.7719
102.7719
102.1978
102.7719
102.7719
102.7719
102.7719
102.7719
102.7719
102.7719
102.7719
102.1978
102.7719
102.1978
102.1978
102.7719
102.1978
102.1978
102.1978
102.1978
102.1978
102.1978
102.1978
102.7719
102.1978
102.1978
102.1978
102.1978
102.1978
102.1978
102.1978
102.1978
102.1978
102.1978
102.1978
102.1978
102.1978
102.1978
102.1978
101.6236
102.1978
102.1978
102.1978
102.1978
102.1978
102.1978
102.1978
102.1978
102.1978
101.6236
102.1978
101.6236
101.6236
102.1978
101.6236
102.1978
102.1978
102.1978
102.1978
101.6236
101.6236
102.1978
101.6236
101.6236
101.6236
101.6236
102.1978
101.6236
102.1978
102.1978
101.6236
101.6236
101.0495
101.6236
101.6236
101.6236
101.6236
101.6236
101.6236
101.6236
101.6236
101.6236
101.6236
101.6236
101.0495
101.0495
101.6236
101.6236
101.6236
101.6236
101.0495
101.0495
101.0495
101.0495
101.6236
101.0495
101.0495
101.6236
101.6236
101.0495
101.0495
101.6236
101.0495
101.6236
101.6236
101.0495
101.0495
101.0495
101.0495
101.0495
101.0495
101.0495
101.0495
101.0495
101.0495
101.0495
101.0495
101.0495
101.0495
101.0495
101.0495
101.0495
101.0495
101.0495
101.0495
101.0495
101.0495
101.0495
99.9012
101.0495
101.0495
99.9012
101.0495
101.0495
101.0495
101.0495
101.0495
99.9012
99.9012
101.0495
99.9012
101.0495
99.9012
101.0495
101.0495
101.0495
99.9012
99.9012
99.9012
99.9012
99.9012
99.9012
101.0495
99.9012
99.9012
99.9012
99.9012
101.0495
99.9012
101.0495
99.9012
99.9012
99.9012
99.9012
99.9012
99.9012
99.9012
99.9012
99.9012
99.9012
99.9012
99.9012
99.9012
99.9012
99.9012
99.9012
99.3270
99.9012
99.3270
99.3270
99.9012
99.3270
99.9012
99.9012
99.9012
99.9012
99.3270
99.3270
99.3270
99.3270
99.3270
99.3270
99.9012
99.3270
99.3270
99.3270
99.3270
99.3270
99.3270
99.3270
99.3270
99.3270
99.3270
99.3270
99.3270
99.3270
99.3270
99.3270
99.3270
99.3270
99.3270
99.3270
99.3270
99.3270
99.3270
99.3270
99.3270
99.3270
98.7529
99.3270
99.3270
98.7529
98.7529
99.3270
99.3270
98.7529
99.3270
98.7529
99.3270
98.7529
98.7529
99.3270
99.3270
99.3270
98.7529
98.7529
98.7529
98.7529
98.7529
98.7529
98.7529
98.7529
98.7529
98.7529
98.7529
98.7529
98.7529
98.7529
98.7529
98.7529
98.7529
98.7529
98.7529
98.7529
98.7529
98.7529
98.7529
98.7529
98.7529
98.7529
98.7529
98.7529
98.7529
98.7529
98.7529
98.7529
98.7529
97.6046
98.7529
98.7529
98.7529
97.6046
98.7529
98.7529
98.7529
97.6046
97.6046
98.7529
98.7529
97.6046
98.7529
98.7529
97.6046
97.6046
97.6046
97.6046
97.6046
97.6046
97.6046
97.6046
97.6046
98.7529
97.6046
97.6046
97.6046
98.7529
97.6046
97.6046
97.6046
98.7529
97.6046
97.0305
97.6046
97.0305
97.6046
97.6046
97.0305
97.0305
97.6046
97.6046
97.6046
97.6046
97.6046
97.0305
97.6046
97.0305
97.0305
97.0305
97.0305
97.0305
97.0305
97.0305
97.0305
97.6046
97.0305
97.0305
97.0305
97.0305
97.0305
97.0305
97.0305
97.0305
97.0305
97.0305
97.0305
97.0305
97.0305
97.0305
97.0305
97.0305
97.0305
97.0305
97.0305
97.0305
97.0305
97.0305
97.0305
97.0305
97.0305
96.4563
97.0305
97.0305
96.4563
97.0305
97.0305
97.0305
96.4563
97.0305
96.4563
96.4563
97.0305
96.4563
96.4563
97.0305
96.4563
96.4563
96.4563
96.4563
96.4563
96.4563
96.4563
96.4563
96.4563
96.4563
96.4563
96.4563
96.4563
96.4563
96.4563
96.4563
96.4563
96.4563
96.4563
96.4563
96.4563
96.4563
95.8822
96.4563
96.4563
95.8822
96.4563
96.4563
96.4563
96.4563
96.4563
96.4563
95.8822
96.4563
96.4563
96.4563
96.4563
96.4563
96.4563
95.8822
95.8822
96.4563
96.4563
96.4563
96.4563
96.4563
95.8822
95.8822
96.4563
95.8822
96.4563
95.8822
96.4563
95.8822
95.8822
95.8822
95.8822
95.8822
95.8822
95.8822
95.8822
95.8822
95.8822
95.8822
95.8822
95.8822
95.8822
95.8822
94.7339
95.8822
95.8822
95.8822
94.7339
95.8822
95.8822
94.7339
94.7339
95.8822
94.7339
94.7339
94.7339
95.8822
94.7339
95.8822
94.7339
94.7339
94.7339
94.7339
94.7339
95.8822
94.7339
94.7339
94.7339
94.7339
94.7339
94.7339
94.7339
94.7339
94.7339
94.1597
94.7339
94.7339
94.7339
94.7339
94.7339
94.1597
94.7339
94.7339
94.7339
94.7339
94.7339
94.7339
94.7339
94.7339
94.7339
94.7339
94.1597
94.7339
94.7339
94.1597
94.1597
94.1597
94.1597
94.1597
94.1597
94.1597
94.1597
94.1597
94.1597
94.1597
94.1597
94.1597
94.1597
94.1597
94.1597
94.1597
94.1597
94.1597
94.1597
94.1597
94.7339
94.1597
94.1597
94.1597
94.1597
94.1597
94.1597
94.1597
94.1597
94.1597
94.1597
94.1597
94.1597
94.7339
94.1597
93.5856
94.1597
94.1597
94.1597
94.1597
94.1597
94.1597
94.1597
94.1597
94.1597
94.1597
94.1597
94.1597
94.1597
94.1597
94.1597
94.1597
94.1597
94.1597
93.5856
94.1597
94.1597
93.5856
94.1597
93.5856
94.1597
93.5856
93.5856
93.5856
93.5856
93.5856
93.5856
93.5856
93.5856
93.5856
94.1597
93.5856
93.5856
93.5856
93.5856
93.5856
93.5856
93.5856
93.5856
93.5856
93.5856
93.5856
93.5856
93.5856
93.5856
93.5856
93.5856
93.5856
93.5856
93.5856
93.5856
93.5856
93.5856
93.5856
93.5856
93.5856
93.5856
93.5856
93.5856
93.5856
93.5856
93.5856
93.5856
93.5856
93.5856
92.4373
93.5856
93.5856
93.5856
93.5856
93.5856
93.5856
93.5856
92.4373
92.4373
92.4373
92.4373
92.4373
92.4373
92.4373
92.4373
92.4373
92.4373
92.4373
92.4373
92.4373
92.4373
92.4373
92.4373
92.4373
92.4373
92.4373
92.4373
92.4373
92.4373
92.4373
92.4373
92.4373
92.4373
92.4373
91.8632
92.4373
92.4373
92.4373
92.4373
92.4373
92.4373
92.4373
92.4373
92.4373
92.4373
92.4373
91.8632
92.4373
91.8632
91.8632
92.4373
91.8632
91.8632
91.8632
91.8632
91.8632
91.8632
91.8632
91.8632
91.8632
91.8632
92.4373
91.8632
91.8632
91.8632
91.8632
91.8632
91.8632
91.8632
91.8632
91.8632
91.8632
91.8632
91.8632
91.8632
91.8632
91.8632
91.8632
91.8632
91.8632
91.2890
91.8632
91.8632
91.2890
91.2890
91.8632
91.2890
91.2890
91.2890
91.8632
91.2890
91.8632
91.8632
91.2890
91.2890
91.2890
91.2890
91.2890
91.8632
91.2890
91.2890
91.2890
91.2890
91.2890
91.2890
91.2890
91.2890
91.2890
91.2890
91.2890
91.2890
91.2890
91.2890
91.2890
91.2890
91.2890
91.2890
91.2890
91.2890
91.2890
91.2890
91.2890
91.2890
91.2890
91.2890
91.2890
91.2890
91.2890
90.7149
91.2890
90.7149
91.2890
90.7149
91.2890
91.2890
91.2890
91.2890
90.7149
90.7149
90.7149
90.7149
90.7149
91.2890
91.2890
91.2890
90.7149
91.2890
91.2890
90.7149
90.7149
90.7149
90.7149
90.7149
90.7149
90.7149
90.7149
91.2890
91.2890
90.7149
90.7149
90.7149
91.2890
90.7149
90.7149
90.7149
90.7149
90.7149
90.7149
90.7149
91.2890
90.7149
90.7149
90.7149
90.7149
90.7149
90.7149
90.7149
90.7149
90.7149
90.7149
90.7149
90.7149
90.7149
90.7149
90.7149
90.7149
90.7149
90.7149
90.7149
89.5666
89.5666
90.7149
89.5666
90.7149
89.5666
90.7149
89.5666
89.5666
89.5666
90.7149
90.7149
89.5666
89.5666
90.7149
90.7149
89.5666
89.5666
89.5666
90.7149
89.5666
89.5666
89.5666
89.5666
89.5666
89.5666
89.5666
89.5666
89.5666
89.5666
89.5666
89.5666
88.9924
89.5666
88.9924
88.9924
89.5666
89.5666
89.5666
89.5666
89.5666
89.5666
89.5666
89.5666
89.5666
88.9924
88.9924
88.9924
89.5666
88.9924
89.5666
89.5666
89.5666
88.9924
88.9924
88.9924
88.9924
88.9924
88.9924
88.9924
88.9924
89.5666
88.9924
88.9924
88.9924
88.9924
88.9924
89.5666
88.9924
88.9924
88.9924
88.9924
88.9924
88.9924
88.9924
88.9924
88.9924
88.9924
88.9924
88.9924
88.9924
88.9924
88.4183
88.9924
88.4183
88.4183
88.9924
88.9924
88.9924
88.9924
88.9924
88.9924
88.9924
88.4183
88.9924
88.9924
88.4183
88.4183
88.9924
88.9924
88.9924
88.9924
88.4183
88.4183
88.9924
88.4183
88.4183
88.4183
88.4183
88.4183
88.4183
88.4183
88.4183
88.4183
88.4183
88.4183
88.4183
88.4183
88.4183
88.4183
88.4183
88.4183
88.4183
88.4183
88.4183
88.4183
88.4183
88.4183
88.4183
88.4183
87.2700
88.4183
88.4183
88.4183
88.4183
88.4183
88.4183
88.4183
87.2700
87.2700
87.2700
88.4183
87.2700
87.2700
87.2700
88.4183
87.2700
87.2700
87.2700
87.2700
87.2700
87.2700
87.2700
87.2700
87.2700
87.2700
87.2700
87.2700
87.2700
87.2700
87.2700
87.2700
87.2700
87.2700
87.2700
87.2700
87.2700
87.2700
87.2700
87.2700
87.2700
87.2700
87.2700
87.2700
87.2700
87.2700
87.2700
87.2700
87.2700
87.2700
87.2700
87.2700
87.2700
86.6959
87.2700
86.6959
86.6959
87.2700
87.2700
86.6959
87.2700
87.2700
87.2700
86.6959
86.6959
86.6959
86.6959
86.6959
87.2700
87.2700
86.6959
86.6959
87.2700
86.6959
86.6959
86.6959
86.6959
86.6959
86.6959
86.6959
86.6959
87.2700
87.2700
86.6959
86.6959
86.6959
86.6959
86.6959
86.6959
86.6959
86.6959
86.6959
86.6959
86.6959
86.6959
86.6959
86.6959
86.6959
86.6959
86.1217
86.6959
86.6959
86.6959
86.1217
86.1217
86.1217
86.1217
86.6959
86.6959
86.1217
86.1217
86.1217
86.6959
86.6959
86.6959
86.6959
86.6959
86.1217
86.1217
86.1217
86.6959
86.6959
86.1217
86.6959
86.1217
86.1217
86.1217
86.1217
86.1217
86.1217
86.1217
86.1217
86.1217
86.1217
86.1217
86.1217
86.1217
86.1217
86.1217
86.1217
86.1217
86.1217
86.1217
86.1217
86.1217
86.1217
86.1217
86.1217
86.1217
85.5476
85.5476
86.1217
86.1217
86.1217
85.5476
86.1217
86.1217
86.1217
85.5476
86.1217
86.1217
85.5476
86.1217
86.1217
85.5476
85.5476
85.5476
85.5476
85.5476
86.1217
85.5476
85.5476
86.1217
86.1217
85.5476
85.5476
85.5476
86.1217
85.5476
85.5476
85.5476
85.5476
85.5476
85.5476
85.5476
85.5476
85.5476
85.5476
85.5476
85.5476
85.5476
85.5476
85.5476
85.5476
85.5476
85.5476
85.5476
85.5476
85.5476
85.5476
84.3993
85.5476
85.5476
85.5476
85.5476
85.5476
85.5476
84.3993
84.3993
85.5476
85.5476
85.5476
85.5476
85.5476
85.5476
85.5476
84.3993
84.3993
85.5476
84.3993
84.3993
84.3993
85.5476
85.5476
85.5476
84.3993
84.3993
84.3993
84.3993
85.5476
84.3993
84.3993
84.3993
84.3993
84.3993
84.3993
84.3993
84.3993
84.3993
84.3993
85.5476
84.3993
84.3993
84.3993
84.3993
84.3993
85.5476
84.3993
84.3993
84.3993
84.3993
84.3993
84.3993
84.3993
84.3993
84.3993
84.3993
84.3993
84.3993
83.8251
84.3993
84.3993
83.8251
83.8251
83.8251
83.8251
83.8251
84.3993
84.3993
84.3993
84.3993
83.8251
83.8251
84.3993
84.3993
84.3993
84.3993
83.8251
84.3993
83.8251
83.8251
83.8251
83.8251
83.8251
83.8251
84.3993
83.8251
83.8251
83.8251
83.8251
83.8251
83.8251
83.8251
83.8251
83.8251
83.8251
83.8251
83.2510
83.8251
83.8251
83.8251
83.8251
83.8251
83.8251
83.8251
83.2510
83.8251
83.8251
83.2510
83.2510
83.8251
83.8251
83.8251
83.2510
83.8251
83.2510
83.2510
83.2510
83.2510
83.2510
83.2510
83.2510
83.2510
83.2510
83.2510
83.2510
83.2510
83.2510
83.2510
83.2510
83.2510
83.2510
83.2510
83.2510
83.2510
83.2510
83.2510
83.2510
83.2510
83.2510
83.2510
83.8251
83.2510
83.2510
83.2510
83.2510
83.8251
83.2510
83.2510
83.2510
83.2510
83.2510
83.2510
83.2510
83.2510
83.2510
83.2510
83.2510
83.2510
83.2510
83.2510
83.2510
83.2510
83.2510
83.2510
82.6768
82.6768
83.2510
82.6768
83.2510
83.2510
82.6768
82.6768
83.2510
83.2510
83.2510
82.6768
83.2510
82.6768
82.6768
82.6768
82.6768
83.2510
82.6768
82.6768
82.6768
82.6768
82.6768
82.6768
82.6768
82.6768
82.6768
82.6768
82.6768
82.6768
82.6768
82.6768
82.6768
82.6768
82.6768
82.6768
82.6768
82.6768
82.6768
82.6768
82.6768
82.6768
82.6768
82.6768
82.6768
82.6768
82.6768
82.6768
82.6768
82.6768
82.6768
82.6768
82.6768
82.6768
82.6768
82.6768
82.6768
82.6768
82.6768
81.5286
81.5286
81.5286
81.5286
82.6768
81.5286
81.5286
81.5286
81.5286
82.6768
82.6768
81.5286
81.5286
81.5286
81.5286
81.5286
82.6768
81.5286
81.5286
81.5286
81.5286
81.5286
81.5286
81.5286
81.5286
81.5286
81.5286
81.5286
81.5286
81.5286
81.5286
81.5286
81.5286
81.5286
81.5286
81.5286
81.5286
81.5286
81.5286
81.5286
80.9544
80.9544
81.5286
81.5286
81.5286
81.5286
80.9544
81.5286
81.5286
81.5286
81.5286
80.9544
81.5286
81.5286
81.5286
80.9544
80.9544
80.9544
81.5286
80.9544
80.9544
80.9544
81.5286
80.9544
80.9544
80.9544
80.9544
80.9544
80.9544
80.9544
80.9544
80.9544
80.9544
80.9544
80.9544
80.9544
81.5286
80.9544
80.9544
80.9544
80.9544
80.9544
80.9544
80.9544
80.9544
80.9544
80.9544
80.3803
80.9544
80.9544
80.9544
80.9544
80.9544
80.9544
80.9544
80.9544
80.9544
80.9544
80.9544
80.9544
80.9544
80.9544
80.3803
80.9544
80.9544
80.9544
80.3803
80.9544
80.9544
80.9544
80.3803
80.9544
80.9544
80.3803
80.3803
80.3803
80.3803
80.3803
80.3803
80.9544
80.3803
80.3803
80.3803
80.3803
80.9544
80.3803
80.3803
80.3803
80.3803
80.3803
80.3803
80.3803
80.3803
80.3803
80.3803
80.9544
80.3803
80.3803
80.3803
80.3803
80.3803
80.3803
80.3803
80.3803
80.3803
80.3803
80.3803
80.3803
80.3803
80.3803
79.2320
80.3803
80.3803
80.3803
80.3803
80.3803
80.3803
80.3803
80.3803
80.3803
80.3803
80.3803
80.3803
80.3803
80.3803
80.3803
79.2320
80.3803
79.2320
80.3803
80.3803
80.3803
80.3803
80.3803
79.2320
79.2320
79.2320
79.2320
79.2320
79.2320
79.2320
79.2320
80.3803
80.3803
79.2320
79.2320
79.2320
79.2320
79.2320
79.2320
79.2320
79.2320
79.2320
79.2320
79.2320
80.3803
79.2320
79.2320
79.2320
79.2320
79.2320
79.2320
79.2320
79.2320
79.2320
79.2320
79.2320
79.2320
79.2320
79.2320
79.2320
79.2320
79.2320
79.2320
79.2320
79.2320
79.2320
79.2320
79.2320
79.2320
79.2320
79.2320
79.2320
79.2320
79.2320
79.2320
79.2320
79.2320
79.2320
79.2320
79.2320
79.2320
79.2320
78.6578
79.2320
78.6578
79.2320
78.6578
79.2320
78.6578
78.6578
79.2320
78.6578
78.6578
78.6578
78.6578
79.2320
79.2320
78.6578
78.6578
78.6578
78.6578
78.6578
78.6578
78.6578
78.6578
78.6578
78.6578
78.0837
78.6578
78.6578
78.6578
78.6578
78.6578
78.6578
78.0837
78.0837
78.6578
78.0837
78.0837
78.6578
78.6578
78.6578
78.6578
78.6578
78.0837
78.0837
78.6578
78.6578
78.0837
78.0837
78.0837
78.0837
78.0837
78.0837
78.0837
78.0837
78.0837
78.0837
78.6578
78.0837
78.0837
78.0837
78.0837
78.0837
78.0837
78.0837
78.0837
78.0837
78.0837
78.0837
78.0837
78.0837
78.0837
78.0837
77.5095
78.0837
78.0837
78.0837
78.0837
78.0837
78.0837
78.0837
78.0837
78.0837
78.0837
78.0837
78.0837
78.0837
78.0837
78.0837
78.0837
78.0837
78.0837
78.0837
78.0837
78.0837
78.0837
78.0837
77.5095
78.0837
78.0837
78.0837
77.5095
78.0837
78.0837
78.0837
77.5095
78.0837
78.0837
77.5095
78.0837
78.0837
77.5095
77.5095
77.5095
77.5095
77.5095
77.5095
77.5095
77.5095
77.5095
77.5095
77.5095
77.5095
77.5095
77.5095
77.5095
77.5095
77.5095
77.5095
77.5095
77.5095
77.5095
77.5095
77.5095
77.5095
77.5095
77.5095
77.5095
77.5095
77.5095
77.5095
77.5095
77.5095
77.5095
77.5095
77.5095
77.5095
77.5095
77.5095
76.3613
76.3613
76.3613
77.5095
76.3613
76.3613
76.3613
76.3613
76.3613
77.5095
76.3613
76.3613
76.3613
76.3613
77.5095
76.3613
77.5095
76.3613
76.3613
76.3613
76.3613
76.3613
76.3613
77.5095
76.3613
76.3613
77.5095
76.3613
76.3613
76.3613
76.3613
77.5095
76.3613
76.3613
76.3613
76.3613
76.3613
76.3613
76.3613
76.3613
76.3613
76.3613
76.3613
76.3613
76.3613
76.3613
76.3613
76.3613
76.3613
76.3613
76.3613
76.3613
76.3613
76.3613
76.3613
76.3613
76.3613
76.3613
75.7871
76.3613
75.7871
76.3613
75.7871
76.3613
76.3613
76.3613
76.3613
75.7871
75.7871
75.7871
76.3613
75.7871
76.3613
75.7871
76.3613
75.7871
75.7871
76.3613
76.3613
75.7871
75.7871
75.7871
75.7871
75.7871
75.7871
75.7871
75.7871
75.7871
75.7871
75.7871
75.7871
75.7871
75.7871
75.7871
75.7871
75.7871
75.7871
75.7871
75.7871
75.7871
75.7871
75.7871
75.7871
75.7871
75.7871
75.7871
75.7871
75.7871
75.7871
75.7871
75.7871
75.7871
75.7871
75.7871
75.7871
75.7871
75.7871
75.2130
75.7871
75.7871
75.7871
75.7871
75.7871
75.7871
75.2130
75.2130
75.7871
75.2130
75.2130
75.7871
75.2130
75.2130
75.2130
75.2130
75.2130
75.2130
75.7871
75.2130
75.2130
75.2130
75.2130
75.2130
75.2130
75.2130
75.2130
75.2130
75.2130
75.2130
75.2130
75.2130
75.2130
75.2130
75.2130
75.2130
75.2130
75.2130
75.2130
75.2130
75.2130
75.2130
75.2130
75.2130
75.2130
75.2130
74.0647
75.2130
75.2130
75.2130
75.2130
75.2130
75.2130
75.2130
75.2130
75.2130
74.0647
75.2130
74.0647
74.0647
75.2130
75.2130
74.0647
74.0647
75.2130
75.2130
75.2130
75.2130
74.0647
74.0647
74.0647
74.0647
74.0647
74.0647
74.0647
74.0647
75.2130
74.0647
75.2130
75.2130
74.0647
74.0647
74.0647
75.2130
74.0647
74.0647
74.0647
74.0647
74.0647
74.0647
74.0647
74.0647
74.0647
74.0647
74.0647
74.0647
74.0647
74.0647
74.0647
74.0647
74.0647
74.0647
74.0647
74.0647
74.0647
73.4905
74.0647
74.0647
74.0647
74.0647
74.0647
74.0647
74.0647
74.0647
74.0647
74.0647
74.0647
74.0647
74.0647
73.4905
74.0647
74.0647
74.0647
73.4905
73.4905
74.0647
73.4905
73.4905
74.0647
73.4905
74.0647
73.4905
74.0647
73.4905
73.4905
74.0647
74.0647
73.4905
73.4905
74.0647
74.0647
74.0647
73.4905
73.4905
73.4905
73.4905
73.4905
73.4905
73.4905
73.4905
73.4905
74.0647
73.4905
73.4905
73.4905
73.4905
73.4905
73.4905
73.4905
73.4905
73.4905
73.4905
73.4905
73.4905
73.4905
73.4905
73.4905
73.4905
73.4905
73.4905
73.4905
72.9164
73.4905
73.4905
73.4905
73.4905
73.4905
73.4905
73.4905
73.4905
73.4905
72.9164
73.4905
73.4905
73.4905
73.4905
72.9164
72.9164
73.4905
72.9164
73.4905
72.9164
73.4905
73.4905
73.4905
72.9164
73.4905
73.4905
73.4905
73.4905
72.9164
72.9164
72.9164
72.9164
72.9164
72.9164
72.9164
72.9164
72.9164
72.9164
72.9164
72.9164
72.9164
72.9164
72.9164
73.4905
72.9164
72.9164
72.9164
72.9164
72.9164
72.3422
72.9164
72.9164
72.9164
72.9164
72.9164
72.9164
72.9164
72.9164
72.9164
72.9164
72.9164
72.9164
72.9164
72.9164
72.3422
72.3422
72.9164
72.9164
72.9164
72.3422
72.3422
72.3422
72.9164
72.3422
72.3422
72.3422
72.3422
72.9164
72.3422
72.3422
72.3422
72.3422
72.9164
72.3422
72.9164
72.3422
72.3422
72.3422
72.3422
72.9164
72.3422
72.3422
72.3422
72.3422
72.9164
72.3422
72.3422
72.3422
72.3422
72.3422
72.3422
72.3422
72.3422
72.3422
72.3422
72.3422
72.3422
72.3422
72.3422
72.3422
72.9164
72.3422
72.3422
72.3422
72.3422
71.1940
72.3422
72.3422
72.3422
72.3422
72.3422
72.3422
72.3422
72.3422
71.1940
71.1940
71.1940
72.3422
72.3422
71.1940
72.3422
72.3422
72.3422
72.3422
71.1940
71.1940
72.3422
71.1940
71.1940
71.1940
71.1940
72.3422
72.3422
72.3422
71.1940
71.1940
72.3422
71.1940
71.1940
71.1940
71.1940
71.1940
71.1940
71.1940
71.1940
71.1940
71.1940
71.1940
71.1940
71.1940
71.1940
71.1940
71.1940
71.1940
71.1940
71.1940
71.1940
71.1940
72.3422
71.1940
72.3422
71.1940
71.1940
71.1940
71.1940
71.1940
71.1940
71.1940
71.1940
71.1940
70.6198
71.1940
71.1940
71.1940
71.1940
71.1940
71.1940
71.1940
71.1940
70.6198
71.1940
71.1940
71.1940
71.1940
71.1940
71.1940
70.6198
71.1940
71.1940
70.6198
71.1940
71.1940
71.1940
71.1940
70.6198
70.6198
70.6198
70.6198
70.6198
70.6198
70.6198
71.1940
70.6198
70.6198
70.6198
70.6198
70.6198
70.6198
70.6198
70.6198
70.6198
70.6198
71.1940
70.6198
70.6198
70.6198
70.6198
70.6198
70.6198
70.6198
70.6198
70.6198
70.6198
70.6198
71.1940
70.6198
70.6198
70.6198
70.6198
70.6198
70.6198
70.6198
70.6198
70.6198
70.6198
70.6198
70.6198
70.6198
70.6198
70.6198
70.6198
70.6198
70.0457
70.6198
70.6198
70.6198
70.6198
70.6198
70.6198
70.6198
70.6198
70.6198
70.6198
70.6198
70.0457
70.6198
70.0457
70.6198
70.6198
70.0457
70.0457
70.0457
70.0457
70.0457
70.6198
70.0457
70.6198
70.6198
70.6198
70.6198
70.6198
70.0457
70.0457
70.6198
70.0457
70.0457
70.6198
70.0457
70.0457
70.0457
70.0457
70.0457
70.0457
70.0457
70.6198
70.6198
70.0457
70.0457
70.0457
70.0457
70.0457
70.0457
70.0457
68.8974
70.0457
70.0457
70.0457
70.0457
70.0457
70.0457
70.0457
70.0457
70.0457
70.0457
68.8974
70.0457
70.0457
68.8974
70.0457
70.0457
70.0457
70.0457
70.0457
68.8974
70.0457
70.0457
70.0457
70.0457
68.8974
68.8974
70.0457
70.0457
70.0457
70.0457
70.0457
68.8974
68.8974
70.0457
68.8974
68.8974
70.0457
70.0457
70.0457
68.8974
70.0457
70.0457
68.8974
68.8974
68.8974
68.8974
70.0457
68.8974
68.8974
68.8974
68.8974
68.8974
68.8974
70.0457
70.0457
68.8974
68.8974
70.0457
68.8974
68.8974
68.8974
68.8974
68.8974
68.8974
68.8974
68.8974
68.8974
68.8974
68.8974
68.8974
68.8974
68.8974
68.3232
68.8974
68.8974
68.8974
68.8974
68.8974
68.8974
68.8974
68.8974
68.8974
68.3232
68.8974
68.8974
68.8974
68.8974
68.8974
68.8974
68.3232
68.3232
68.3232
68.8974
68.8974
68.3232
68.3232
68.8974
68.8974
68.3232
68.3232
68.3232
68.8974
68.8974
68.3232
68.3232
68.8974
68.3232
68.8974
68.8974
68.3232
68.3232
68.3232
68.3232
68.3232
68.3232
68.3232
68.3232
68.3232
68.3232
68.3232
68.3232
68.3232
68.3232
68.3232
68.3232
67.7491
68.3232
68.3232
68.3232
68.3232
68.3232
68.3232
68.3232
68.3232
67.7491
68.3232
67.7491
68.3232
68.3232
68.3232
68.3232
67.7491
68.3232
68.3232
67.7491
67.7491
68.3232
68.3232
68.3232
67.7491
67.7491
67.7491
68.3232
68.3232
67.7491
68.3232
68.3232
67.7491
68.3232
68.3232
67.7491
67.7491
68.3232
67.7491
67.7491
68.3232
68.3232
67.7491
67.7491
67.7491
68.3232
67.7491
68.3232
67.7491
68.3232
67.7491
67.7491
67.7491
68.3232
67.7491
67.7491
67.7491
67.7491
67.7491
67.7491
67.7491
67.7491
67.7491
67.7491
67.7491
67.7491
67.7491
67.7491
67.7491
67.7491
67.7491
67.7491
67.7491
67.7491
67.7491
67.7491
67.7491
67.7491
67.7491
67.7491
67.7491
67.7491
67.1749
67.7491
67.1749
67.1749
67.7491
67.7491
67.7491
67.7491
67.7491
67.1749
67.1749
67.1749
67.7491
67.7491
67.1749
67.7491
67.7491
67.1749
67.7491
67.7491
67.1749
67.1749
67.7491
67.7491
67.1749
67.1749
67.7491
67.1749
67.1749
67.1749
67.7491
67.1749
67.1749
67.1749
67.1749
67.1749
67.1749
67.1749
67.1749
67.1749
67.1749
67.1749
67.1749
67.1749
67.1749
67.1749
67.1749
67.7491
67.1749
67.1749
67.1749
67.1749
67.1749
67.1749
67.1749
67.1749
67.1749
67.1749
67.1749
67.1749
67.1749
67.1749
67.1749
67.1749
66.0266
67.1749
67.1749
67.1749
67.1749
66.0266
66.0266
66.0266
66.0266
67.1749
66.0266
67.1749
67.1749
66.0266
67.1749
66.0266
66.0266
66.0266
67.1749
66.0266
67.1749
67.1749
67.1749
66.0266
66.0266
66.0266
66.0266
66.0266
66.0266
66.0266
66.0266
67.1749
66.0266
66.0266
67.1749
67.1749
66.0266
66.0266
66.0266
67.1749
66.0266
66.0266
67.1749
67.1749
66.0266
66.0266
66.0266
66.0266
66.0266
66.0266
66.0266
66.0266
66.0266
66.0266
66.0266
66.0266
66.0266
66.0266
66.0266
66.0266
66.0266
66.0266
66.0266
66.0266
66.0266
66.0266
66.0266
66.0266
66.0266
65.4525
66.0266
66.0266
66.0266
66.0266
65.4525
66.0266
65.4525
66.0266
66.0266
66.0266
65.4525
66.0266
65.4525
66.0266
66.0266
65.4525
65.4525
66.0266
65.4525
65.4525
65.4525
66.0266
65.4525
66.0266
65.4525
66.0266
66.0266
65.4525
66.0266
66.0266
65.4525
65.4525
66.0266
65.4525
65.4525
65.4525
65.4525
66.0266
65.4525
65.4525
66.0266
66.0266
65.4525
65.4525
66.0266
65.4525
65.4525
65.4525
65.4525
66.0266
65.4525
65.4525
65.4525
65.4525
65.4525
65.4525
65.4525
65.4525
65.4525
65.4525
65.4525
65.4525
65.4525
65.4525
65.4525
65.4525
65.4525
65.4525
65.4525
65.4525
65.4525
65.4525
65.4525
65.4525
65.4525
65.4525
65.4525
65.4525
65.4525
65.4525
64.8784
65.4525
65.4525
65.4525
65.4525
64.8784
65.4525
64.8784
64.8784
65.4525
64.8784
65.4525
64.8784
64.8784
64.8784
64.8784
65.4525
65.4525
65.4525
64.8784
65.4525
64.8784
64.8784
64.8784
64.8784
65.4525
64.8784
65.4525
64.8784
64.8784
64.8784
64.8784
64.8784
65.4525
64.8784
64.8784
64.8784
65.4525
64.8784
64.8784
64.8784
64.8784
64.8784
64.8784
64.8784
64.8784
64.8784
64.8784
64.8784
64.8784
64.8784
65.4525
64.8784
64.8784
64.8784
64.8784
64.8784
64.8784
64.8784
64.8784
64.8784
64.8784
64.8784
64.8784
64.8784
64.8784
64.8784
64.8784
64.8784
63.7301
64.8784
64.8784
64.8784
64.8784
64.8784
64.8784
63.7301
64.8784
64.8784
63.7301
63.7301
64.8784
64.8784
63.7301
63.7301
64.8784
64.8784
63.7301
64.8784
64.8784
63.7301
63.7301
63.7301
63.7301
63.7301
63.7301
63.7301
64.8784
63.7301
63.7301
63.7301
64.8784
63.7301
63.7301
63.7301
63.7301
63.7301
63.7301
63.7301
63.7301
63.7301
63.7301
63.7301
63.7301
63.7301
64.8784
63.7301
63.7301
63.7301
63.7301
63.7301
63.7301
63.7301
63.7301
63.7301
63.7301
63.7301
63.1559
63.7301
63.7301
63.7301
63.1559
63.7301
63.7301
63.1559
63.1559
63.7301
63.1559
63.1559
63.1559
63.7301
63.1559
63.7301
63.7301
63.7301
63.7301
63.1559
63.7301
63.1559
63.1559
63.7301
63.7301
63.1559
63.1559
63.7301
63.1559
63.1559
63.1559
63.1559
63.1559
63.1559
63.1559
63.1559
63.7301
63.1559
63.1559
63.1559
63.1559
63.1559
63.1559
63.1559
63.7301
63.1559
63.1559
63.1559
63.1559
63.1559
63.1559
63.1559
63.1559
63.1559
63.1559
63.1559
63.1559
63.1559
63.1559
63.1559
63.1559
63.1559
63.1559
62.5818
63.1559
63.1559
63.1559
63.1559
63.1559
63.1559
63.1559
63.1559
63.1559
63.1559
63.1559
63.1559
62.5818
63.1559
63.1559
63.1559
63.1559
63.1559
63.1559
63.1559
62.5818
62.5818
62.5818
63.1559
63.1559
63.1559
63.1559
63.1559
63.1559
62.5818
63.1559
63.1559
62.5818
63.1559
63.1559
62.5818
63.1559
63.1559
62.5818
62.5818
62.5818
62.5818
62.5818
62.5818
63.1559
63.1559
62.5818
62.5818
63.1559
63.1559
62.5818
62.5818
62.5818
62.5818
62.5818
62.5818
62.5818
62.5818
62.5818
62.5818
62.5818
62.5818
62.5818
62.5818
62.5818
62.5818
62.5818
62.5818
62.5818
62.5818
62.5818
62.5818
62.5818
62.5818
62.0076
62.5818
62.5818
62.5818
62.5818
62.5818
62.5818
62.5818
62.5818
62.0076
62.5818
62.5818
62.0076
62.5818
62.0076
62.0076
62.5818
62.5818
62.5818
62.5818
62.0076
62.5818
62.0076
62.5818
62.5818
62.0076
62.0076
62.5818
62.0076
62.0076
62.0076
62.0076
62.5818
62.5818
62.5818
62.0076
62.5818
62.0076
62.0076
62.0076
62.0076
62.0076
62.0076
62.0076
62.0076
62.0076
62.0076
62.0076
62.0076
62.5818
62.0076
62.0076
62.0076
62.0076
62.0076
62.0076
62.0076
62.0076
62.0076
62.0076
62.0076
62.0076
62.0076
62.0076
62.0076
62.0076
62.5818
62.0076
62.0076
62.0076
62.0076
62.0076
62.0076
62.0076
62.0076
62.0076
62.0076
62.0076
62.0076
62.0076
62.0076
62.0076
62.0076
62.0076
62.0076
62.0076
62.0076
62.0076
62.0076
62.0076
62.0076
62.0076
62.0076
60.8593
60.8593
62.0076
62.0076
62.0076
60.8593
62.0076
60.8593
60.8593
62.0076
60.8593
60.8593
62.0076
60.8593
62.0076
60.8593
62.0076
60.8593
60.8593
60.8593
60.8593
60.8593
60.8593
60.8593
60.8593
60.8593
60.8593
60.8593
60.8593
60.8593
60.8593
60.8593
60.8593
60.8593
60.8593
60.8593
60.8593
60.8593
60.8593
60.8593
60.8593
60.8593
60.8593
60.8593
60.8593
60.8593
60.8593
60.8593
60.8593
60.8593
60.8593
60.8593
60.8593
60.8593
60.8593
60.8593
60.8593
60.8593
60.8593
60.8593
60.8593
60.8593
60.8593
60.2852
60.8593
60.8593
60.8593
60.8593
60.8593
60.8593
60.8593
60.2852
60.8593
60.8593
60.2852
60.8593
60.8593
60.2852
60.8593
60.2852
60.8593
60.8593
60.8593
60.8593
60.8593
60.2852
60.8593
60.8593
60.2852
60.8593
60.8593
60.8593
60.2852
60.8593
60.2852
60.2852
60.2852
60.8593
60.8593
60.2852
60.8593
60.2852
60.2852
60.2852
60.8593
60.2852
60.2852
60.2852
60.2852
60.8593
60.2852
60.2852
60.2852
60.2852
60.2852
60.2852
60.2852
60.2852
60.2852
60.2852
60.2852
60.2852
60.2852
60.2852
59.7111
60.2852
60.2852
60.2852
60.2852
60.2852
60.2852
60.2852
60.2852
60.2852
60.2852
60.2852
60.2852
60.2852
60.2852
60.2852
60.2852
59.7111
59.7111
60.2852
59.7111
59.7111
59.7111
60.2852
60.2852
60.2852
60.2852
59.7111
59.7111
59.7111
60.2852
59.7111
59.7111
59.7111
60.2852
60.2852
59.7111
60.2852
59.7111
59.7111
60.2852
59.7111
59.7111
60.2852
59.7111
59.7111
59.7111
59.7111
59.7111
59.7111
59.7111
60.2852
59.7111
59.7111
59.7111
59.7111
59.7111
59.7111
59.7111
59.7111
59.7111
59.7111
59.7111
59.7111
59.7111
59.7111
59.7111
59.7111
59.7111
59.7111
59.7111
59.7111
59.7111
59.7111
59.7111
59.7111
59.7111
59.7111
59.7111
59.7111
59.7111
59.7111
59.7111
59.7111
59.7111
59.7111
59.7111
59.7111
59.7111
59.7111
59.7111
59.7111
59.7111
59.7111
59.7111
59.7111
59.7111
59.7111
59.7111
59.7111
59.7111
59.7111
59.7111
59.1369
59.7111
59.7111
59.1369
59.1369
59.7111
59.7111
59.7111
59.7111
59.7111
59.1369
59.7111
59.7111
59.7111
59.7111
59.1369
59.7111
59.1369
59.1369
59.7111
59.1369
59.1369
59.7111
59.1369
59.7111
59.1369
59.1369
59.1369
59.1369
59.1369
59.1369
59.7111
59.1369
59.1369
59.1369
59.1369
59.1369
59.1369
59.7111
59.1369
59.1369
59.1369
59.1369
59.7111
59.7111
59.1369
59.1369
59.1369
59.1369
59.1369
59.7111
59.1369
59.1369
59.1369
59.1369
59.1369
59.1369
59.1369
59.1369
59.1369
59.1369
59.1369
59.1369
59.1369
59.1369
57.9886
59.1369
59.1369
59.1369
59.1369
59.1369
59.1369
59.1369
59.1369
59.1369
59.1369
59.1369
59.1369
59.1369
57.9886
59.1369
59.1369
59.1369
59.1369
57.9886
57.9886
59.1369
59.1369
57.9886
57.9886
59.1369
59.1369
59.1369
59.1369
57.9886
59.1369
59.1369
59.1369
57.9886
57.9886
57.9886
59.1369
57.9886
59.1369
57.9886
57.9886
57.9886
57.9886
59.1369
57.9886
57.9886
57.9886
57.4145
57.9886
57.9886
57.9886
57.9886
57.9886
57.9886
57.9886
57.9886
57.9886
57.9886
57.9886
57.9886
57.9886
57.9886
57.9886
57.9886
57.9886
57.9886
57.9886
57.4145
59.1369
57.9886
57.9886
57.9886
57.9886
57.9886
57.9886
57.9886
57.9886
57.9886
57.9886
57.4145
57.9886
57.9886
57.9886
57.9886
57.9886
57.4145
57.9886
57.9886
57.4145
57.9886
57.9886
57.4145
57.9886
57.4145
57.4145
57.9886
57.9886
57.9886
57.4145
57.9886
57.4145
57.4145
57.4145
57.4145
57.4145
57.4145
57.4145
57.4145
57.9886
57.4145
57.4145
57.9886
57.9886
57.4145
57.9886
57.9886
57.4145
57.4145
57.4145
57.9886
57.4145
57.4145
57.4145
57.4145
57.4145
57.4145
57.4145
57.4145
57.4145
57.4145
57.4145
57.4145
57.4145
57.4145
56.8403
57.4145
57.4145
57.4145
57.4145
57.4145
57.4145
57.4145
57.4145
57.4145
57.4145
57.4145
57.4145
57.4145
57.4145
57.4145
57.4145
57.4145
57.4145
57.4145
57.4145
57.4145
57.4145
57.4145
57.4145
56.8403
57.4145
57.4145
57.4145
57.4145
57.4145
57.4145
57.4145
56.8403
56.8403
57.4145
57.4145
56.8403
56.8403
57.4145
57.4145
56.8403
57.4145
57.4145
56.8403
57.4145
56.8403
56.8403
57.4145
57.4145
57.4145
57.4145
56.8403
56.8403
57.4145
56.8403
57.4145
57.4145
56.8403
56.8403
57.4145
56.8403
56.8403
56.8403
56.8403
56.8403
56.8403
56.8403
56.8403
56.8403
56.8403
56.8403
56.8403
56.8403
56.8403
56.8403
56.8403
56.8403
56.8403
56.8403
56.8403
56.8403
56.8403
56.8403
56.8403
56.8403
56.8403
56.8403
56.8403
55.6920
56.8403
56.8403
56.8403
56.8403
56.8403
56.8403
55.6920
56.8403
56.8403
56.8403
56.8403
56.8403
56.8403
56.8403
56.8403
56.8403
56.8403
56.8403
56.8403
56.8403
55.6920
56.8403
56.8403
56.8403
56.8403
56.8403
56.8403
56.8403
56.8403
55.6920
56.8403
55.6920
56.8403
56.8403
55.6920
56.8403
56.8403
56.8403
55.6920
55.6920
55.6920
56.8403
55.6920
56.8403
56.8403
56.8403
55.6920
55.6920
55.6920
56.8403
56.8403
56.8403
56.8403
55.6920
55.6920
56.8403
55.6920
55.6920
56.8403
55.6920
55.6920
56.8403
55.6920
55.6920
55.6920
55.6920
55.6920
55.6920
55.6920
55.6920
55.6920
55.6920
55.6920
55.6920
55.6920
55.6920
56.8403
56.8403
55.6920
55.6920
55.6920
55.6920
55.6920
55.6920
55.6920
55.6920
55.6920
55.6920
55.6920
55.6920
55.6920
55.1179
55.6920
55.6920
55.6920
55.6920
55.1179
55.1179
55.6920
55.6920
55.6920
55.6920
55.6920
55.6920
55.1179
55.1179
55.6920
55.6920
55.1179
55.6920
55.1179
55.6920
55.1179
55.6920
55.6920
55.6920
55.6920
55.1179
55.1179
55.6920
55.6920
55.1179
55.1179
55.6920
55.6920
55.1179
55.6920
55.1179
55.1179
55.1179
55.6920
55.1179
55.1179
55.6920
55.1179
55.6920
55.6920
55.6920
55.1179
55.1179
55.1179
55.1179
55.1179
55.1179
55.6920
55.1179
55.1179
55.1179
55.1179
55.1179
55.1179
55.1179
55.1179
55.1179
55.1179
55.1179
55.1179
55.1179
55.6920
55.1179
55.1179
55.1179
55.6920
55.1179
55.1179
55.1179
55.1179
55.1179
55.1179
55.1179
55.1179
55.1179
55.1179
55.1179
55.1179
55.1179
55.1179
55.1179
55.1179
55.1179
55.1179
55.1179
55.1179
55.1179
55.1179
55.1179
55.1179
55.1179
55.1179
55.1179
54.5438
55.1179
55.1179
55.1179
55.1179
55.1179
55.1179
55.1179
55.1179
55.1179
55.1179
55.1179
55.1179
54.5438
55.1179
55.1179
55.1179
55.1179
54.5438
54.5438
54.5438
54.5438
54.5438
54.5438
55.1179
55.1179
54.5438
54.5438
55.1179
54.5438
54.5438
54.5438
55.1179
54.5438
54.5438
54.5438
54.5438
54.5438
55.1179
54.5438
55.1179
55.1179
54.5438
54.5438
55.1179
54.5438
54.5438
54.5438
54.5438
54.5438
54.5438
54.5438
54.5438
54.5438
54.5438
55.1179
54.5438
54.5438
54.5438
54.5438
54.5438
54.5438
54.5438
54.5438
54.5438
54.5438
54.5438
54.5438
54.5438
54.5438
54.5438
54.5438
54.5438
54.5438
54.5438
54.5438
53.9696
54.5438
54.5438
54.5438
54.5438
53.9696
54.5438
54.5438
54.5438
54.5438
54.5438
54.5438
54.5438
53.9696
53.9696
53.9696
53.9696
54.5438
54.5438
54.5438
54.5438
54.5438
54.5438
54.5438
54.5438
54.5438
54.5438
54.5438
53.9696
54.5438
54.5438
54.5438
54.5438
53.9696
53.9696
54.5438
54.5438
53.9696
53.9696
53.9696
54.5438
53.9696
54.5438
54.5438
54.5438
53.9696
53.9696
53.9696
54.5438
53.9696
53.9696
54.5438
53.9696
53.9696
53.9696
53.9696
53.9696
53.9696
54.5438
53.9696
53.9696
54.5438
53.9696
53.9696
53.9696
53.9696
53.9696
53.9696
53.9696
53.9696
53.9696
53.9696
53.9696
53.9696
53.9696
53.9696
53.9696
53.9696
53.9696
53.9696
53.9696
53.9696
53.9696
52.8213
53.9696
53.9696
53.9696
53.9696
53.9696
53.9696
53.9696
53.9696
52.8213
53.9696
53.9696
53.9696
53.9696
53.9696
53.9696
53.9696
52.8213
53.9696
53.9696
53.9696
53.9696
52.8213
53.9696
53.9696
53.9696
53.9696
53.9696
53.9696
52.8213
53.9696
53.9696
53.9696
52.8213
52.8213
53.9696
53.9696
53.9696
53.9696
52.8213
52.8213
53.9696
53.9696
53.9696
53.9696
52.8213
52.8213
53.9696
52.8213
52.8213
52.8213
52.8213
52.8213
53.9696
52.8213
52.8213
52.8213
53.9696
52.8213
52.8213
52.8213
53.9696
52.8213
53.9696
53.9696
52.8213
52.8213
52.8213
52.8213
52.8213
53.9696
52.8213
52.8213
52.8213
52.8213
52.8213
52.8213
52.8213
52.8213
52.8213
52.8213
52.8213
52.8213
52.8213
52.8213
52.8213
52.8213
52.8213
52.8213
52.8213
52.8213
52.8213
52.8213
52.8213
52.8213
52.8213
52.8213
52.8213
52.8213
52.8213
52.8213
52.8213
52.8213
52.8213
52.8213
52.8213
52.8213
52.8213
52.8213
52.8213
52.8213
52.8213
52.8213
52.8213
52.8213
52.8213
52.8213
52.8213
52.8213
52.8213
52.8213
52.2472
52.8213
52.8213
52.2472
52.8213
52.8213
52.8213
52.8213
52.8213
52.8213
52.8213
52.8213
52.8213
52.8213
52.8213
52.8213
52.2472
52.8213
52.8213
52.2472
52.2472
52.8213
52.2472
52.2472
52.2472
52.8213
52.8213
52.8213
52.8213
52.2472
52.2472
52.8213
51.6730
52.2472
52.2472
52.2472
52.2472
52.2472
52.8213
52.2472
52.2472
52.2472
52.2472
52.2472
52.2472
52.2472
52.2472
52.2472
52.2472
52.2472
51.6730
52.2472
52.2472
52.2472
52.2472
52.2472
52.2472
52.2472
51.6730
51.6730
52.2472
52.2472
51.6730
51.6730
52.2472
52.2472
51.6730
52.2472
52.2472
51.6730
52.2472
52.2472
51.6730
51.6730
52.2472
52.2472
52.2472
52.2472
52.2472
51.6730
51.6730
52.2472
52.2472
51.6730
52.2472
51.6730
51.6730
51.6730
52.2472
51.6730
51.6730
52.2472
51.6730
52.2472
51.6730
51.6730
51.6730
51.6730
51.6730
51.6730
51.6730
51.6730
51.6730
51.6730
51.6730
51.6730
51.6730
51.6730
52.2472
51.6730
51.6730
51.6730
51.6730
51.6730
51.6730
51.6730
51.6730
51.6730
51.6730
51.6730
51.6730
51.6730
51.6730
51.6730
51.6730
52.2472
51.6730
51.6730
51.6730
51.6730
51.6730
51.6730
51.6730
51.6730
51.6730
51.6730
51.6730
51.6730
51.6730
51.6730
51.6730
51.6730
51.6730
51.6730
51.6730
51.6730
51.6730
51.6730
51.6730
51.6730
51.6730
51.6730
51.6730
51.6730
51.6730
51.6730
51.6730
51.6730
51.6730
50.5247
51.6730
51.6730
50.5247
51.6730
51.6730
51.6730
51.6730
51.6730
51.6730
50.5247
51.6730
51.6730
51.6730
51.6730
51.6730
51.6730
51.6730
50.5247
51.6730
51.6730
51.6730
50.5247
50.5247
50.5247
51.6730
50.5247
51.6730
50.5247
51.6730
50.5247
50.5247
51.6730
50.5247
50.5247
50.5247
50.5247
50.5247
50.5247
50.5247
50.5247
50.5247
51.6730
50.5247
50.5247
51.6730
50.5247
50.5247
50.5247
50.5247
50.5247
50.5247
50.5247
50.5247
50.5247
50.5247
50.5247
50.5247
50.5247
50.5247
50.5247
50.5247
50.5247
50.5247
50.5247
50.5247
50.5247
50.5247
50.5247
50.5247
50.5247
50.5247
50.5247
50.5247
50.5247
50.5247
50.5247
50.5247
50.5247
50.5247
50.5247
50.5247
50.5247
50.5247
50.5247
50.5247
50.5247
50.5247
50.5247
50.5247
50.5247
50.5247
50.5247
50.5247
50.5247
50.5247
50.5247
50.5247
50.5247
50.5247
49.9506
50.5247
50.5247
50.5247
49.9506
50.5247
49.9506
50.5247
49.9506
49.9506
50.5247
49.9506
49.9506
50.5247
50.5247
49.9506
50.5247
49.9506
50.5247
49.9506
50.5247
49.9506
49.9506
50.5247
50.5247
50.5247
50.5247
50.5247
50.5247
50.5247
49.9506
50.5247
49.9506
49.9506
49.9506
50.5247
50.5247
49.9506
49.9506
50.5247
50.5247
49.9506
49.9506
49.9506
49.9506
50.5247
50.5247
49.9506
49.9506
49.9506
49.9506
49.9506
49.9506
49.9506
50.5247
50.5247
50.5247
49.9506
49.9506
49.9506
49.9506
49.9506
49.9506
49.9506
49.9506
49.9506
49.9506
49.9506
49.9506
49.9506
49.9506
49.9506
49.3765
49.9506
49.9506
49.9506
49.9506
49.3765
49.9506
49.9506
49.9506
49.9506
49.9506
49.9506
49.9506
49.9506
49.9506
49.9506
49.9506
49.9506
49.9506
49.9506
49.3765
49.9506
49.9506
49.9506
49.9506
49.9506
49.9506
49.9506
49.3765
49.3765
49.9506
49.9506
49.3765
49.9506
49.3765
49.9506
49.9506
49.9506
49.3765
49.9506
49.9506
49.3765
49.9506
49.9506
49.3765
49.3765
49.3765
49.3765
49.9506
49.3765
49.3765
49.3765
49.3765
49.3765
49.3765
49.3765
49.3765
49.9506
49.3765
49.3765
49.3765
49.3765
49.3765
49.3765
49.3765
49.3765
49.3765
49.3765
49.3765
49.3765
49.9506
49.3765
49.9506
49.3765
49.3765
49.3765
49.3765
49.3765
49.3765
49.3765
49.3765
49.3765
49.3765
49.3765
49.3765
49.3765
49.3765
49.3765
49.3765
49.3765
49.3765
49.3765
49.3765
49.3765
49.3765
49.3765
49.3765
49.3765
49.3765
49.3765
49.3765
49.3765
49.3765
49.3765
49.3765
48.8023
49.3765
49.3765
49.3765
49.3765
49.3765
49.3765
49.3765
49.3765
49.3765
49.3765
49.3765
49.3765
48.8023
49.3765
49.3765
48.8023
49.3765
49.3765
49.3765
49.3765
48.8023
48.8023
48.8023
49.3765
48.8023
49.3765
49.3765
49.3765
49.3765
49.3765
48.8023
48.8023
48.8023
49.3765
48.8023
49.3765
49.3765
48.8023
48.8023
49.3765
49.3765
49.3765
49.3765
49.3765
48.8023
48.8023
49.3765
48.8023
48.8023
48.8023
49.3765
48.8023
49.3765
48.8023
48.8023
49.3765
48.8023
48.8023
48.8023
48.8023
48.8023
48.8023
48.8023
48.8023
49.3765
48.8023
48.8023
48.8023
49.3765
48.8023
48.8023
48.8023
48.8023
48.8023
48.8023
48.8023
48.8023
48.8023
48.8023
48.8023
48.8023
48.8023
48.8023
48.8023
48.8023
48.8023
48.8023
47.6540
48.8023
48.8023
48.8023
48.8023
48.8023
48.8023
48.8023
48.8023
47.6540
48.8023
48.8023
48.8023
47.6540
48.8023
48.8023
48.8023
48.8023
48.8023
48.8023
47.6540
48.8023
48.8023
48.8023
48.8023
48.8023
48.8023
47.6540
47.6540
48.8023
47.6540
47.6540
47.6540
48.8023
48.8023
48.8023
47.6540
47.6540
48.8023
48.8023
48.8023
47.6540
47.6540
48.8023
47.6540
47.6540
47.6540
47.6540
47.6540
47.6540
47.6540
47.6540
47.6540
47.6540
47.6540
48.8023
48.8023
47.6540
47.6540
47.6540
47.6540
47.6540
47.6540
48.8023
48.8023
47.6540
47.6540
47.6540
48.8023
47.6540
48.8023
47.6540
47.6540
47.6540
47.6540
47.6540
47.6540
47.6540
47.6540
47.6540
48.8023
47.6540
47.6540
47.6540
47.6540
47.6540
47.6540
47.6540
47.6540
47.6540
47.6540
48.8023
47.6540
47.6540
47.6540
47.6540
47.6540
47.6540
47.6540
47.6540
47.6540
47.6540
47.6540
47.6540
47.6540
47.6540
47.6540
47.6540
47.0799
47.6540
47.6540
47.6540
47.0799
47.0799
47.6540
47.6540
47.6540
47.6540
47.6540
47.0799
47.6540
47.6540
47.6540
47.6540
47.0799
47.6540
47.6540
47.6540
47.6540
47.6540
47.6540
47.0799
47.6540
47.6540
47.6540
47.6540
47.6540
47.6540
47.6540
47.6540
47.6540
47.0799
47.6540
47.6540
47.6540
47.0799
47.6540
47.6540
47.6540
47.0799
47.0799
47.0799
47.0799
47.0799
47.6540
47.0799
47.0799
47.0799
47.0799
47.0799
47.0799
47.0799
47.0799
47.0799
47.0799
47.0799
47.0799
47.6540
47.0799
47.6540
47.0799
47.6540
47.0799
47.0799
47.0799
47.0799
47.0799
47.0799
47.0799
47.0799
47.0799
47.6540
47.0799
47.0799
47.0799
47.0799
47.0799
47.0799
47.0799
47.0799
47.0799
47.0799
47.0799
47.0799
47.0799
47.0799
47.0799
47.0799
47.0799
47.0799
47.0799
47.0799
47.0799
47.0799
47.0799
47.0799
47.0799
47.0799
46.5057
46.5057
47.0799
46.5057
47.0799
47.0799
46.5057
47.0799
46.5057
47.0799
47.0799
47.0799
47.0799
47.0799
46.5057
46.5057
46.5057
47.0799
46.5057
47.0799
47.0799
47.0799
47.0799
46.5057
47.0799
47.0799
47.0799
46.5057
47.0799
46.5057
46.5057
47.0799
47.0799
47.0799
46.5057
47.0799
47.0799
46.5057
46.5057
47.0799
46.5057
46.5057
46.5057
46.5057
46.5057
46.5057
46.5057
47.0799
46.5057
46.5057
46.5057
46.5057
46.5057
46.5057
46.5057
46.5057
46.5057
47.0799
47.0799
46.5057
46.5057
46.5057
46.5057
46.5057
46.5057
46.5057
46.5057
46.5057
46.5057
46.5057
46.5057
47.0799
46.5057
46.5057
46.5057
46.5057
46.5057
46.5057
46.5057
46.5057
46.5057
46.5057
46.5057
46.5057
46.5057
46.5057
46.5057
46.5057
45.3574
46.5057
46.5057
46.5057
46.5057
46.5057
46.5057
47.0799
46.5057
46.5057
46.5057
46.5057
46.5057
46.5057
46.5057
46.5057
46.5057
46.5057
45.3574
46.5057
46.5057
46.5057
46.5057
46.5057
46.5057
47.0799
46.5057
46.5057
46.5057
45.3574
46.5057
46.5057
46.5057
45.3574
46.5057
46.5057
46.5057
45.3574
45.3574
46.5057
46.5057
45.3574
45.3574
46.5057
45.3574
45.3574
46.5057
46.5057
46.5057
45.3574
45.3574
46.5057
46.5057
45.3574
45.3574
45.3574
46.5057
45.3574
46.5057
45.3574
45.3574
46.5057
45.3574
45.3574
45.3574
45.3574
45.3574
45.3574
45.3574
45.3574
45.3574
45.3574
45.3574
45.3574
45.3574
45.3574
45.3574
45.3574
45.3574
45.3574
45.3574
45.3574
45.3574
45.3574
45.3574
45.3574
45.3574
45.3574
45.3574
45.3574
45.3574
45.3574
45.3574
45.3574
45.3574
45.3574
45.3574
45.3574
45.3574
45.3574
46.5057
45.3574
45.3574
45.3574
45.3574
45.3574
45.3574
45.3574
45.3574
45.3574
45.3574
45.3574
45.3574
45.3574
45.3574
45.3574
45.3574
45.3574
45.3574
45.3574
45.3574
45.3574
45.3574
45.3574
45.3574
45.3574
44.7833
45.3574
45.3574
45.3574
45.3574
45.3574
44.7833
44.7833
45.3574
45.3574
45.3574
45.3574
44.7833
44.7833
45.3574
44.7833
44.7833
44.7833
45.3574
45.3574
45.3574
45.3574
45.3574
44.7833
45.3574
44.7833
44.7833
44.7833
44.7833
44.7833
44.7833
45.3574
44.7833
45.3574
44.7833
45.3574
45.3574
45.3574
44.7833
44.7833
44.7833
44.7833
45.3574
44.7833
44.7833
44.7833
45.3574
44.7833
44.7833
45.3574
45.3574
44.7833
44.7833
45.3574
45.3574
44.7833
44.7833
44.7833
44.7833
45.3574
44.7833
44.7833
44.7833
45.3574
44.7833
44.7833
44.7833
45.3574
44.7833
44.7833
44.7833
44.7833
44.7833
44.7833
44.7833
44.7833
44.7833
44.7833
44.7833
44.7833
44.7833
44.7833
44.7833
44.7833
45.3574
44.7833
44.7833
44.7833
44.7833
44.7833
44.7833
44.7833
44.7833
44.7833
44.7833
44.7833
44.7833
44.7833
44.7833
44.7833
44.7833
44.7833
44.7833
44.7833
44.7833
44.7833
44.7833
44.7833
44.7833
44.7833
44.7833
44.7833
44.7833
44.7833
44.7833
44.7833
44.7833
44.7833
44.7833
44.7833
44.2091
44.7833
44.7833
44.2091
44.7833
44.7833
44.7833
44.7833
44.7833
44.7833
44.7833
44.7833
44.7833
44.7833
44.7833
44.2091
44.7833
44.2091
44.2091
44.7833
44.7833
44.2091
44.7833
44.7833
44.7833
44.2091
44.2091
44.7833
44.7833
44.2091
44.7833
44.2091
44.7833
44.7833
44.2091
44.2091
44.2091
44.2091
44.2091
44.2091
44.2091
44.2091
44.7833
44.2091
44.2091
44.7833
44.7833
44.2091
44.2091
44.2091
44.2091
44.2091
44.2091
44.2091
43.6350
44.2091
44.2091
43.6350
44.2091
44.7833
44.2091
44.2091
44.2091
44.2091
44.2091
44.2091
44.2091
44.2091
44.2091
44.2091
44.2091
44.7833
44.2091
44.2091
44.2091
44.2091
44.2091
43.6350
44.2091
44.2091
44.2091
44.2091
44.2091
44.2091
44.2091
43.6350
44.2091
44.2091
44.2091
44.2091
44.2091
44.2091
44.2091
44.2091
44.2091
44.2091
44.2091
43.6350
44.2091
44.2091
44.2091
43.6350
44.2091
44.2091
44.2091
43.6350
44.2091
44.2091
44.2091
43.6350
43.6350
44.2091
43.6350
43.6350
44.2091
43.6350
44.2091
44.2091
43.6350
44.2091
44.2091
43.6350
43.6350
43.6350
44.2091
43.6350
44.2091
43.6350
43.6350
44.2091
44.2091
43.6350
44.2091
43.6350
43.6350
43.6350
44.2091
43.6350
43.6350
43.6350
43.6350
44.2091
43.6350
44.2091
43.6350
43.6350
43.6350
44.2091
43.6350
43.6350
43.6350
43.6350
44.2091
43.6350
43.6350
43.6350
43.6350
43.6350
43.6350
43.6350
43.6350
43.6350
43.6350
43.6350
43.6350
43.6350
43.6350
43.6350
43.6350
43.6350
44.2091
43.6350
43.6350
43.6350
43.6350
43.6350
43.6350
43.6350
43.6350
43.6350
43.6350
43.6350
43.6350
43.6350
43.6350
43.6350
43.6350
43.6350
43.6350
43.6350
43.6350
43.6350
43.6350
43.6350
43.6350
43.6350
43.6350
43.6350
42.4867
43.6350
43.6350
43.6350
43.6350
43.6350
43.6350
43.6350
42.4867
43.6350
42.4867
43.6350
43.6350
43.6350
43.6350
43.6350
43.6350
42.4867
43.6350
43.6350
43.6350
42.4867
43.6350
43.6350
43.6350
43.6350
43.6350
42.4867
43.6350
43.6350
42.4867
43.6350
43.6350
43.6350
43.6350
43.6350
43.6350
43.6350
43.6350
43.6350
43.6350
43.6350
42.4867
43.6350
43.6350
42.4867
42.4867
42.4867
42.4867
42.4867
42.4867
42.4867
43.6350
42.4867
42.4867
43.6350
42.4867
42.4867
43.6350
43.6350
42.4867
43.6350
43.6350
42.4867
42.4867
42.4867
42.4867
42.4867
42.4867
43.6350
42.4867
42.4867
42.4867
43.6350
42.4867
42.4867
42.4867
42.4867
42.4867
42.4867
42.4867
42.4867
42.4867
42.4867
42.4867
42.4867
42.4867
42.4867
42.4867
43.6350
42.4867
42.4867
42.4867
42.4867
42.4867
42.4867
42.4867
42.4867
42.4867
42.4867
42.4867
42.4867
42.4867
42.4867
42.4867
42.4867
42.4867
42.4867
42.4867
42.4867
42.4867
42.4867
42.4867
42.4867
41.9126
42.4867
42.4867
42.4867
42.4867
42.4867
42.4867
42.4867
42.4867
42.4867
41.9126
42.4867
41.9126
41.9126
41.9126
42.4867
42.4867
42.4867
42.4867
42.4867
42.4867
42.4867
42.4867
42.4867
41.9126
42.4867
41.9126
41.9126
41.9126
41.9126
42.4867
42.4867
42.4867
41.9126
41.9126
41.9126
41.9126
42.4867
41.9126
41.9126
41.9126
42.4867
41.9126
41.9126
41.9126
41.9126
41.9126
41.9126
41.9126
41.9126
41.9126
41.9126
41.9126
41.9126
41.9126
41.9126
41.9126
41.9126
41.9126
41.9126
41.9126
41.9126
41.9126
41.9126
41.9126
41.9126
41.9126
41.9126
41.9126
41.9126
41.9126
41.9126
41.9126
41.9126
41.9126
41.9126
42.4867
41.9126
41.9126
41.9126
41.9126
41.9126
41.9126
41.9126
41.9126
41.9126
41.9126
41.9126
41.9126
41.9126
41.9126
41.9126
41.9126
41.9126
41.9126
41.9126
41.9126
41.9126
41.9126
41.9126
41.9126
41.9126
41.9126
41.9126
41.9126
41.9126
41.9126
41.9126
41.9126
41.9126
41.9126
41.9126
41.9126
41.9126
41.9126
41.9126
41.9126
41.3384
41.9126
41.9126
41.9126
41.9126
41.9126
41.9126
41.9126
41.9126
41.3384
41.9126
41.9126
41.9126
41.9126
41.9126
41.3384
41.9126
41.3384
41.3384
41.9126
41.9126
41.9126
41.9126
41.9126
41.9126
41.9126
41.9126
41.9126
41.9126
41.9126
41.9126
41.9126
41.9126
41.9126
41.9126
41.9126
41.3384
41.9126
41.9126
41.9126
41.9126
41.9126
41.9126
41.9126
41.3384
41.9126
41.9126
41.9126
41.9126
41.9126
41.9126
41.3384
41.9126
41.9126
41.9126
41.3384
41.9126
41.9126
41.3384
41.3384
41.3384
41.9126
41.3384
41.3384
41.9126
41.3384
41.9126
41.3384
41.3384
41.3384
41.3384
41.9126
41.3384
41.9126
41.3384
41.9126
41.3384
41.9126
41.3384
41.3384
41.3384
41.3384
41.3384
41.3384
41.3384
41.3384
41.3384
41.9126
41.3384
41.3384
41.9126
41.3384
41.3384
41.9126
41.3384
41.9126
41.3384
41.9126
41.3384
41.3384
41.3384
41.3384
41.3384
41.3384
41.3384
41.9126
41.3384
41.9126
41.3384
41.3384
41.3384
41.3384
41.3384
41.9126
41.3384
41.3384
41.3384
41.3384
41.3384
41.3384
41.3384
41.3384
41.3384
41.3384
41.3384
41.9126
41.3384
41.3384
41.3384
41.3384
41.3384
41.3384
41.3384
40.1901
41.3384
41.3384
41.3384
41.3384
41.3384
41.3384
41.3384
41.3384
41.3384
41.3384
40.1901
41.3384
41.3384
41.3384
40.1901
40.1901
40.1901
41.3384
40.1901
41.3384
40.1901
41.3384
41.3384
41.3384
40.1901
41.3384
40.1901
40.1901
41.3384
41.3384
40.1901
41.3384
40.1901
41.3384
41.3384
40.1901
40.1901
40.1901
41.3384
40.1901
40.1901
41.3384
40.1901
40.1901
41.3384
40.1901
40.1901
41.3384
41.3384
40.1901
41.3384
40.1901
41.3384
40.1901
40.1901
40.1901
40.1901
40.1901
40.1901
40.1901
40.1901
40.1901
41.3384
39.6160
40.1901
40.1901
41.3384
40.1901
40.1901
41.3384
40.1901
40.1901
41.3384
40.1901
40.1901
40.1901
40.1901
39.6160
40.1901
40.1901
40.1901
40.1901
40.1901
40.1901
40.1901
40.1901
40.1901
40.1901
40.1901
40.1901
40.1901
39.6160
41.3384
40.1901
40.1901
40.1901
40.1901
40.1901
40.1901
40.1901
40.1901
39.6160
40.1901
40.1901
40.1901
40.1901
39.6160
40.1901
39.6160
40.1901
40.1901
40.1901
39.6160
39.6160
39.6160
40.1901
39.6160
39.6160
40.1901
40.1901
40.1901
40.1901
39.6160
39.6160
39.6160
40.1901
40.1901
39.6160
39.6160
40.1901
39.6160
39.6160
39.6160
39.6160
39.6160
40.1901
39.6160
39.6160
40.1901
39.6160
39.6160
39.6160
39.6160
39.6160
39.6160
39.6160
39.6160
39.6160
39.6160
39.6160
39.6160
39.6160
39.6160
39.6160
40.1901
39.6160
39.6160
39.6160
39.6160
39.6160
39.6160
39.6160
39.6160
39.6160
39.6160
39.6160
39.6160
39.6160
39.6160
39.6160
39.6160
40.1901
39.6160
39.6160
39.6160
39.6160
39.6160
39.6160
39.6160
39.6160
39.6160
39.6160
39.6160
39.6160
39.6160
39.6160
39.6160
39.6160
39.6160
39.6160
39.6160
39.6160
39.6160
39.6160
39.6160
39.0418
39.6160
39.6160
39.6160
39.6160
39.6160
39.6160
39.6160
39.6160
39.6160
39.6160
39.6160
39.6160
39.6160
39.6160
39.6160
39.6160
39.6160
39.6160
39.6160
39.6160
39.6160
39.6160
39.6160
39.6160
39.6160
39.6160
39.6160
39.6160
39.6160
39.6160
39.6160
39.6160
39.0418
39.6160
39.6160
39.6160
39.6160
39.6160
39.6160
39.6160
39.6160
39.6160
39.6160
39.6160
39.6160
39.6160
39.6160
39.6160
39.6160
39.6160
39.6160
39.6160
39.6160
39.6160
39.0418
39.0418
39.6160
39.6160
39.6160
39.6160
39.6160
39.0418
39.0418
39.0418
39.6160
39.0418
39.0418
39.0418
39.6160
39.0418
39.6160
39.0418
39.6160
39.0418
39.6160
39.0418
39.0418
39.6160
39.6160
39.0418
39.0418
39.0418
39.0418
39.0418
39.0418
39.6160
39.0418
39.6160
39.6160
39.6160
39.6160
39.6160
39.6160
39.0418
39.6160
39.0418
39.6160
39.0418
39.0418
39.0418
39.0418
39.0418
39.0418
39.0418
39.0418
39.0418
39.0418
39.6160
39.0418
39.0418
39.6160
39.0418
39.0418
39.0418
39.0418
39.0418
39.0418
39.0418
39.0418
39.0418
39.0418
39.0418
39.0418
39.6160
39.0418
39.0418
39.0418
39.0418
39.0418
39.0418
39.0418
39.0418
39.0418
39.0418
39.0418
39.0418
39.0418
39.0418
39.0418
39.0418
39.0418
39.0418
39.0418
39.0418
39.0418
39.6160
39.6160
39.0418
39.0418
39.0418
39.0418
39.0418
39.0418
39.0418
39.0418
39.0418
39.0418
39.0418
39.0418
39.0418
39.0418
39.0418
39.0418
39.0418
39.0418
39.0418
39.0418
39.0418
39.0418
39.0418
39.0418
39.0418
39.0418
39.0418
39.0418
39.0418
39.0418
38.4677
39.0418
39.0418
39.0418
39.0418
39.0418
39.0418
39.0418
39.0418
38.4677
39.0418
39.0418
39.0418
39.0418
39.0418
39.0418
38.4677
38.4677
39.0418
39.0418
38.4677
39.0418
38.4677
39.0418
39.0418
39.0418
39.0418
38.4677
39.0418
39.0418
38.4677
38.4677
39.0418
39.0418
39.0418
38.4677
39.0418
39.0418
39.0418
39.0418
38.4677
39.0418
39.0418
38.4677
39.0418
39.0418
38.4677
39.0418
39.0418
39.0418
39.0418
38.4677
39.0418
39.0418
38.4677
38.4677
39.0418
38.4677
39.0418
38.4677
38.4677
39.0418
38.4677
39.0418
39.0418
38.4677
38.4677
38.4677
38.4677
38.4677
38.4677
39.0418
38.4677
39.0418
39.0418
38.4677
39.0418
38.4677
39.0418
39.0418
38.4677
38.4677
39.0418
38.4677
38.4677
38.4677
38.4677
38.4677
38.4677
38.4677
37.3194
38.4677
38.4677
38.4677
38.4677
38.4677
38.4677
39.0418
38.4677
38.4677
38.4677
38.4677
38.4677
38.4677
38.4677
38.4677
38.4677
38.4677
38.4677
38.4677
38.4677
38.4677
38.4677
38.4677
38.4677
38.4677
38.4677
38.4677
38.4677
39.0418
38.4677
38.4677
38.4677
38.4677
38.4677
37.3194
38.4677
38.4677
38.4677
38.4677
38.4677
38.4677
37.3194
37.3194
38.4677
37.3194
37.3194
38.4677
38.4677
37.3194
37.3194
38.4677
38.4677
37.3194
38.4677
38.4677
37.3194
38.4677
37.3194
37.3194
37.3194
37.3194
37.3194
38.4677
37.3194
37.3194
37.3194
38.4677
37.3194
37.3194
38.4677
38.4677
37.3194
37.3194
38.4677
38.4677
38.4677
37.3194
37.3194
38.4677
37.3194
37.3194
38.4677
37.3194
37.3194
37.3194
37.3194
37.3194
37.3194
38.4677
37.3194
37.3194
37.3194
37.3194
37.3194
37.3194
37.3194
37.3194
37.3194
37.3194
37.3194
37.3194
37.3194
37.3194
37.3194
37.3194
37.3194
37.3194
37.3194
37.3194
37.3194
37.3194
37.3194
37.3194
37.3194
37.3194
37.3194
37.3194
37.3194
37.3194
37.3194
37.3194
37.3194
37.3194
38.4677
37.3194
37.3194
37.3194
37.3194
37.3194
37.3194
37.3194
37.3194
37.3194
38.4677
37.3194
37.3194
37.3194
37.3194
37.3194
37.3194
37.3194
37.3194
37.3194
37.3194
37.3194
37.3194
37.3194
37.3194
36.7453
37.3194
37.3194
37.3194
37.3194
37.3194
37.3194
37.3194
37.3194
37.3194
37.3194
37.3194
37.3194
37.3194
37.3194
37.3194
37.3194
36.7453
37.3194
37.3194
37.3194
36.7453
37.3194
36.7453
37.3194
36.7453
37.3194
37.3194
37.3194
37.3194
37.3194
36.7453
37.3194
37.3194
37.3194
36.7453
36.7453
37.3194
37.3194
37.3194
36.7453
37.3194
36.7453
36.7453
36.7453
37.3194
36.7453
36.7453
36.7453
37.3194
36.7453
36.7453
36.7453
36.7453
36.7453
36.7453
36.7453
36.7453
37.3194
37.3194
36.7453
37.3194
36.7453
37.3194
37.3194
36.7453
36.7453
36.7453
36.7453
37.3194
36.7453
36.7453
36.7453
36.7453
37.3194
36.7453
36.7453
36.7453
36.7453
36.7453
37.3194
36.7453
36.7453
36.7453
37.3194
37.3194
36.7453
36.7453
36.7453
37.3194
36.7453
36.7453
36.7453
36.7453
36.7453
37.3194
37.3194
36.7453
36.7453
36.7453
36.7453
36.7453
36.7453
36.7453
