0.000000
1.000125
2.000250
3.000375
4.000500
5.000624
6.000749
7.000874
8.000999
9.001124
10.001249
11.001374
12.001499
13.001624
14.001748
15.001873
16.001998
17.002123
18.002248
19.002373
20.002498
21.002623
22.002748
23.002872
24.002997
25.003122
26.003247
27.003372
28.003497
29.003622
30.003747
31.003872
32.003997
33.004121
34.004246
35.004371
36.004496
37.004621
38.004746
39.004871
40.004996
41.005121
42.005245
43.005370
44.005495
45.005620
46.005745
47.005870
48.005995
49.006120
50.006245
51.006369
52.006494
53.006619
54.006744
55.006869
56.006994
57.007119
58.007244
59.007369
60.007493
61.007618
62.007743
63.007868
64.007993
65.008118
66.008243
67.008368
68.008493
69.008617
70.008742
71.008867
72.008992
73.009117
74.009242
75.009367
76.009492
77.009617
78.009741
79.009866
80.009991
81.010116
82.010241
83.010366
84.010491
85.010616
86.010741
87.010865
88.010990
89.011115
90.011240
91.011365
92.011490
93.011615
94.011740
95.011865
96.011990
97.012114
98.012239
99.012364
100.012489
101.012614
102.012739
103.012864
104.012989
105.013114
106.013238
107.013363
108.013488
109.013613
110.013738
111.013863
112.013988
113.014113
114.014238
115.014362
116.014487
117.014612
118.014737
119.014862
120.014987
121.015112
122.015237
123.015362
124.015486
125.015611
126.015736
127.015861
128.015986
129.016111
130.016236
131.016361
132.016486
133.016610
134.016735
135.016860
136.016985
137.017110
138.017235
139.017360
140.017485
141.017610
142.017734
143.017859
144.017984
145.018109
146.018234
147.018359
148.018484
149.018609
150.018734
151.018858
152.018983
153.019108
154.019233
155.019358
156.019483
157.019608
158.019733
159.019858
160.019983
161.020107
162.020232
163.020357
164.020482
165.020607
166.020732
167.020857
168.020982
169.021107
170.021231
171.021356
172.021481
173.021606
174.021731
175.021856
176.021981
177.022106
178.022231
179.022355
180.022480
181.022605
182.022730
183.022855
184.022980
185.023105
186.023230
187.023355
188.023479
189.023604
190.023729
191.023854
192.023979
193.024104
194.024229
195.024354
196.024479
197.024603
198.024728
199.024853
200.024978
201.025103
202.025228
203.025353
204.025478
205.025603
206.025727
207.025852
208.025977
209.026102
210.026227
211.026352
212.026477
213.026602
214.026727
215.026852
216.026976
217.027101
218.027226
219.027351
220.027476
221.027601
222.027726
223.027851
224.027976
225.028100
226.028225
227.028350
228.028475
229.028600
230.028725
231.028850
232.028975
233.029100
234.029224
235.029349
236.029474
237.029599
238.029724
239.029849
240.029974
241.030099
242.030224
243.030348
244.030473
245.030598
246.030723
247.030848
248.030973
249.031098
250.031223
251.031348
252.031472
253.031597
254.031722
255.031847
256.031972
257.032097
258.032222
259.032347
260.032472
261.032596
262.032721
263.032846
264.032971
265.033096
266.033221
267.033346
268.033471
269.033596
270.033720
271.033845
272.033970
273.034095
274.034220
275.034345
276.034470
277.034595
278.034720
279.034845
280.034969
281.035094
282.035219
283.035344
284.035469
285.035594
286.035719
287.035844
288.035969
289.036093
290.036218
291.036343
292.036468
293.036593
294.036718
295.036843
296.036968
297.037093
298.037217
299.037342
300.037467
301.037592
302.037717
303.037842
304.037967
305.038092
306.038217
307.038341
308.038466
309.038591
310.038716
311.038841
312.038966
313.039091
314.039216
315.039341
316.039465
317.039590
318.039715
319.039840
320.039965
321.040090
322.040215
323.040340
324.040465
325.040589
326.040714
327.040839
328.040964
329.041089
330.041214
331.041339
332.041464
333.041589
334.041714
335.041838
336.041963
337.042088
338.042213
339.042338
340.042463
341.042588
342.042713
343.042838
344.042962
345.043087
346.043212
347.043337
348.043462
349.043587
350.043712
351.043837
352.043962
353.044086
354.044211
355.044336
356.044461
357.044586
358.044711
359.044836
360.044961
361.045086
362.045210
363.045335
364.045460
365.045585
366.045710
367.045835
368.045960
369.046085
370.046210
371.046334
372.046459
373.046584
374.046709
375.046834
376.046959
377.047084
378.047209
379.047334
380.047458
381.047583
382.047708
383.047833
384.047958
385.048083
386.048208
387.048333
388.048458
389.048582
390.048707
391.048832
392.048957
393.049082
394.049207
395.049332
396.049457
397.049582
398.049707
399.049831
400.049956
401.050081
402.050206
403.050331
404.050456
405.050581
406.050706
407.050831
408.050955
409.051080
410.051205
411.051330
412.051455
413.051580
414.051705
415.051830
416.051955
417.052079
418.052204
419.052329
420.052454
421.052579
422.052704
423.052829
424.052954
425.053079
426.053203
427.053328
428.053453
429.053578
430.053703
431.053828
432.053953
433.054078
434.054203
435.054327
436.054452
437.054577
438.054702
439.054827
440.054952
441.055077
442.055202
443.055327
444.055451
445.055576
446.055701
447.055826
448.055951
449.056076
450.056201
451.056326
452.056451
453.056575
454.056700
455.056825
456.056950
457.057075
458.057200
459.057325
460.057450
461.057575
462.057700
463.057824
464.057949
465.058074
466.058199
467.058324
468.058449
469.058574
470.058699
471.058824
472.058948
473.059073
474.059198
475.059323
476.059448
477.059573
478.059698
479.059823
480.059948
481.060072
482.060197
483.060322
484.060447
485.060572
486.060697
487.060822
488.060947
489.061072
490.061196
491.061321
492.061446
493.061571
494.061696
495.061821
496.061946
497.062071
498.062196
499.062320
500.062445
501.062570
502.062695
503.062820
504.062945
505.063070
506.063195
507.063320
508.063444
509.063569
510.063694
511.063819
512.063944
513.064069
514.064194
515.064319
516.064444
517.064569
518.064693
519.064818
520.064943
521.065068
522.065193
523.065318
524.065443
525.065568
526.065693
527.065817
528.065942
529.066067
530.066192
531.066317
532.066442
533.066567
534.066692
535.066817
536.066941
537.067066
538.067191
539.067316
540.067441
541.067566
542.067691
543.067816
544.067941
545.068065
546.068190
547.068315
548.068440
549.068565
550.068690
551.068815
552.068940
553.069065
554.069189
555.069314
556.069439
557.069564
558.069689
559.069814
560.069939
561.070064
562.070189
563.070313
564.070438
565.070563
566.070688
567.070813
568.070938
569.071063
570.071188
571.071313
572.071437
573.071562
574.071687
575.071812
576.071937
577.072062
578.072187
579.072312
580.072437
581.072562
582.072686
583.072811
584.072936
585.073061
586.073186
587.073311
588.073436
589.073561
590.073686
591.073810
592.073935
593.074060
594.074185
595.074310
596.074435
597.074560
598.074685
599.074810
600.074934
601.075059
602.075184
603.075309
604.075434
605.075559
606.075684
607.075809
608.075934
609.076058
610.076183
611.076308
612.076433
613.076558
614.076683
615.076808
616.076933
617.077058
618.077182
619.077307
620.077432
621.077557
622.077682
623.077807
624.077932
625.078057
626.078182
627.078306
628.078431
629.078556
630.078681
631.078806
632.078931
633.079056
634.079181
635.079306
636.079430
637.079555
638.079680
639.079805
640.079930
641.080055
642.080180
643.080305
644.080430
645.080555
646.080679
647.080804
648.080929
649.081054
650.081179
651.081304
652.081429
653.081554
654.081679
655.081803
656.081928
657.082053
658.082178
659.082303
660.082428
661.082553
662.082678
663.082803
664.082927
665.083052
666.083177
667.083302
668.083427
669.083552
670.083677
671.083802
672.083927
673.084051
674.084176
675.084301
676.084426
677.084551
678.084676
679.084801
680.084926
681.085051
682.085175
683.085300
684.085425
685.085550
686.085675
687.085800
688.085925
689.086050
690.086175
691.086299
692.086424
693.086549
694.086674
695.086799
696.086924
697.087049
698.087174
699.087299
700.087424
701.087548
702.087673
703.087798
704.087923
705.088048
706.088173
707.088298
708.088423
709.088548
710.088672
711.088797
712.088922
713.089047
714.089172
715.089297
716.089422
717.089547
718.089672
719.089796
720.089921
721.090046
722.090171
723.090296
724.090421
725.090546
726.090671
727.090796
728.090920
729.091045
730.091170
731.091295
732.091420
733.091545
734.091670
735.091795
736.091920
737.092044
738.092169
739.092294
740.092419
741.092544
742.092669
743.092794
744.092919
745.093044
746.093168
747.093293
748.093418
749.093543
750.093668
751.093793
752.093918
753.094043
754.094168
755.094292
756.094417
757.094542
758.094667
759.094792
760.094917
761.095042
762.095167
763.095292
764.095417
765.095541
766.095666
767.095791
768.095916
769.096041
770.096166
771.096291
772.096416
773.096541
774.096665
775.096790
776.096915
777.097040
778.097165
779.097290
780.097415
781.097540
782.097665
783.097789
784.097914
785.098039
786.098164
787.098289
788.098414
789.098539
790.098664
791.098789
792.098913
793.099038
794.099163
795.099288
796.099413
797.099538
798.099663
799.099788
800.099913
801.100037
802.100162
803.100287
804.100412
805.100537
806.100662
807.100787
808.100912
809.101037
810.101161
811.101286
812.101411
813.101536
814.101661
815.101786
816.101911
817.102036
818.102161
819.102286
820.102410
821.102535
822.102660
823.102785
824.102910
825.103035
826.103160
827.103285
828.103410
829.103534
830.103659
831.103784
832.103909
833.104034
834.104159
835.104284
836.104409
837.104534
838.104658
839.104783
840.104908
841.105033
842.105158
843.105283
844.105408
845.105533
846.105658
847.105782
848.105907
849.106032
850.106157
851.106282
852.106407
853.106532
854.106657
855.106782
856.106906
857.107031
858.107156
859.107281
860.107406
861.107531
862.107656
863.107781
864.107906
865.108030
866.108155
867.108280
868.108405
869.108530
870.108655
871.108780
872.108905
873.109030
874.109154
875.109279
876.109404
877.109529
878.109654
879.109779
880.109904
881.110029
882.110154
883.110279
884.110403
885.110528
886.110653
887.110778
888.110903
889.111028
890.111153
891.111278
892.111403
893.111527
894.111652
895.111777
896.111902
897.112027
898.112152
899.112277
900.112402
901.112527
902.112651
903.112776
904.112901
905.113026
906.113151
907.113276
908.113401
909.113526
910.113651
911.113775
912.113900
913.114025
914.114150
915.114275
916.114400
917.114525
918.114650
919.114775
920.114899
921.115024
922.115149
923.115274
924.115399
925.115524
926.115649
927.115774
928.115899
929.116023
930.116148
931.116273
932.116398
933.116523
934.116648
935.116773
936.116898
937.117023
938.117147
939.117272
940.117397
941.117522
942.117647
943.117772
944.117897
945.118022
946.118147
947.118272
948.118396
949.118521
950.118646
951.118771
952.118896
953.119021
954.119146
955.119271
956.119396
957.119520
958.119645
959.119770
960.119895
961.120020
962.120145
963.120270
964.120395
965.120520
966.120644
967.120769
968.120894
969.121019
970.121144
971.121269
972.121394
973.121519
974.121644
975.121768
976.121893
977.122018
978.122143
979.122268
980.122393
981.122518
982.122643
983.122768
984.122892
985.123017
986.123142
987.123267
988.123392
989.123517
990.123642
991.123767
992.123892
993.124016
994.124141
995.124266
996.124391
997.124516
998.124641
999.124766
1000.124891
1001.125016
1002.125141
1003.125265
1004.125390
1005.125515
1006.125640
1007.125765
1008.125890
1009.126015
1010.126140
1011.126265
1012.126389
1013.126514
1014.126639
1015.126764
1016.126889
1017.127014
1018.127139
1019.127264
1020.127389
1021.127513
1022.127638
1023.127763
1024.127888
1025.128013
1026.128138
1027.128263
1028.128388
1029.128513
1030.128637
1031.128762
1032.128887
1033.129012
1034.129137
1035.129262
1036.129387
1037.129512
1038.129637
1039.129761
1040.129886
1041.130011
1042.130136
1043.130261
1044.130386
1045.130511
1046.130636
1047.130761
1048.130885
1049.131010
1050.131135
1051.131260
1052.131385
1053.131510
1054.131635
1055.131760
1056.131885
1057.132009
1058.132134
1059.132259
1060.132384
1061.132509
1062.132634
1063.132759
1064.132884
1065.133009
1066.133134
1067.133258
1068.133383
1069.133508
1070.133633
1071.133758
1072.133883
1073.134008
1074.134133
1075.134258
1076.134382
1077.134507
1078.134632
1079.134757
1080.134882
1081.135007
1082.135132
1083.135257
1084.135382
1085.135506
1086.135631
1087.135756
1088.135881
1089.136006
1090.136131
1091.136256
1092.136381
1093.136506
1094.136630
1095.136755
1096.136880
1097.137005
1098.137130
1099.137255
1100.137380
1101.137505
1102.137630
1103.137754
1104.137879
1105.138004
1106.138129
1107.138254
1108.138379
1109.138504
1110.138629
1111.138754
1112.138878
1113.139003
1114.139128
1115.139253
1116.139378
1117.139503
1118.139628
1119.139753
1120.139878
1121.140002
1122.140127
1123.140252
1124.140377
1125.140502
1126.140627
1127.140752
1128.140877
1129.141002
1130.141127
1131.141251
1132.141376
1133.141501
1134.141626
1135.141751
1136.141876
1137.142001
1138.142126
1139.142251
1140.142375
1141.142500
1142.142625
1143.142750
1144.142875
1145.143000
1146.143125
1147.143250
1148.143375
1149.143499
1150.143624
1151.143749
1152.143874
1153.143999
1154.144124
1155.144249
1156.144374
1157.144499
1158.144623
1159.144748
1160.144873
1161.144998
1162.145123
1163.145248
1164.145373
1165.145498
1166.145623
1167.145747
1168.145872
1169.145997
1170.146122
1171.146247
1172.146372
1173.146497
1174.146622
1175.146747
1176.146871
1177.146996
1178.147121
1179.147246
1180.147371
1181.147496
1182.147621
1183.147746
1184.147871
1185.147996
1186.148120
1187.148245
1188.148370
1189.148495
1190.148620
1191.148745
1192.148870
1193.148995
1194.149120
1195.149244
1196.149369
1197.149494
1198.149619
1199.149744
1200.149869
1201.149994
1202.150119
1203.150244
1204.150368
1205.150493
1206.150618
1207.150743
1208.150868
1209.150993
1210.151118
1211.151243
1212.151368
1213.151492
1214.151617
1215.151742
1216.151867
1217.151992
1218.152117
1219.152242
1220.152367
1221.152492
1222.152616
1223.152741
1224.152866
1225.152991
1226.153116
1227.153241
1228.153366
1229.153491
1230.153616
1231.153740
1232.153865
1233.153990
1234.154115
1235.154240
1236.154365
1237.154490
1238.154615
1239.154740
1240.154864
1241.154989
1242.155114
1243.155239
1244.155364
1245.155489
1246.155614
1247.155739
1248.155864
1249.155989
1250.156113
1251.156238
1252.156363
1253.156488
1254.156613
1255.156738
1256.156863
1257.156988
1258.157113
1259.157237
1260.157362
1261.157487
1262.157612
1263.157737
1264.157862
1265.157987
1266.158112
1267.158237
1268.158361
1269.158486
1270.158611
1271.158736
1272.158861
1273.158986
1274.159111
1275.159236
1276.159361
1277.159485
1278.159610
1279.159735
1280.159860
1281.159985
1282.160110
1283.160235
1284.160360
1285.160485
1286.160609
1287.160734
1288.160859
1289.160984
1290.161109
1291.161234
1292.161359
1293.161484
1294.161609
1295.161733
1296.161858
1297.161983
1298.162108
1299.162233
1300.162358
1301.162483
1302.162608
1303.162733
1304.162857
1305.162982
1306.163107
1307.163232
1308.163357
1309.163482
1310.163607
1311.163732
1312.163857
1313.163982
1314.164106
1315.164231
1316.164356
1317.164481
1318.164606
1319.164731
1320.164856
1321.164981
1322.165106
1323.165230
1324.165355
1325.165480
1326.165605
1327.165730
1328.165855
1329.165980
1330.166105
1331.166230
1332.166354
1333.166479
1334.166604
1335.166729
1336.166854
1337.166979
1338.167104
1339.167229
1340.167354
1341.167478
1342.167603
1343.167728
1344.167853
1345.167978
1346.168103
1347.168228
1348.168353
1349.168478
1350.168602
1351.168727
1352.168852
1353.168977
1354.169102
1355.169227
1356.169352
1357.169477
1358.169602
1359.169726
1360.169851
1361.169976
1362.170101
1363.170226
1364.170351
1365.170476
1366.170601
1367.170726
1368.170851
1369.170975
1370.171100
1371.171225
1372.171350
1373.171475
1374.171600
1375.171725
1376.171850
1377.171975
1378.172099
1379.172224
1380.172349
1381.172474
1382.172599
1383.172724
1384.172849
1385.172974
1386.173099
1387.173223
1388.173348
1389.173473
1390.173598
1391.173723
1392.173848
1393.173973
1394.174098
1395.174223
1396.174347
1397.174472
1398.174597
1399.174722
1400.174847
1401.174972
1402.175097
1403.175222
1404.175347
1405.175471
1406.175596
1407.175721
1408.175846
1409.175971
1410.176096
1411.176221
1412.176346
1413.176471
1414.176595
1415.176720
1416.176845
1417.176970
1418.177095
1419.177220
1420.177345
1421.177470
1422.177595
1423.177719
1424.177844
1425.177969
1426.178094
1427.178219
1428.178344
1429.178469
1430.178594
1431.178719
1432.178844
1433.178968
1434.179093
1435.179218
1436.179343
1437.179468
1438.179593
1439.179718
1440.179843
1441.179968
1442.180092
1443.180217
1444.180342
1445.180467
1446.180592
1447.180717
1448.180842
1449.180967
1450.181092
1451.181216
1452.181341
1453.181466
1454.181591
1455.181716
1456.181841
1457.181966
1458.182091
1459.182216
1460.182340
1461.182465
1462.182590
1463.182715
1464.182840
1465.182965
1466.183090
1467.183215
1468.183340
1469.183464
1470.183589
1471.183714
1472.183839
1473.183964
1474.184089
1475.184214
1476.184339
1477.184464
1478.184588
1479.184713
1480.184838
1481.184963
1482.185088
1483.185213
1484.185338
1485.185463
1486.185588
1487.185713
1488.185837
1489.185962
1490.186087
1491.186212
1492.186337
1493.186462
1494.186587
1495.186712
1496.186837
1497.186961
1498.187086
1499.187211
1500.187336
1501.187461
1502.187586
1503.187711
1504.187836
1505.187961
1506.188085
1507.188210
1508.188335
1509.188460
1510.188585
1511.188710
1512.188835
1513.188960
1514.189085
1515.189209
1516.189334
1517.189459
1518.189584
1519.189709
1520.189834
1521.189959
1522.190084
1523.190209
1524.190333
1525.190458
1526.190583
1527.190708
1528.190833
1529.190958
1530.191083
1531.191208
1532.191333
1533.191457
1534.191582
1535.191707
1536.191832
1537.191957
1538.192082
1539.192207
1540.192332
1541.192457
1542.192581
1543.192706
1544.192831
1545.192956
1546.193081
1547.193206
1548.193331
1549.193456
1550.193581
1551.193706
1552.193830
1553.193955
1554.194080
1555.194205
1556.194330
1557.194455
1558.194580
1559.194705
1560.194830
1561.194954
1562.195079
1563.195204
1564.195329
1565.195454
1566.195579
1567.195704
1568.195829
1569.195954
1570.196078
1571.196203
1572.196328
1573.196453
1574.196578
1575.196703
1576.196828
1577.196953
1578.197078
1579.197202
1580.197327
1581.197452
1582.197577
1583.197702
1584.197827
1585.197952
1586.198077
1587.198202
1588.198326
1589.198451
1590.198576
1591.198701
1592.198826
1593.198951
1594.199076
1595.199201
1596.199326
1597.199450
1598.199575
1599.199700
1600.199825
1601.199950
1602.200075
1603.200200
1604.200325
1605.200450
1606.200574
1607.200699
1608.200824
1609.200949
1610.201074
1611.201199
1612.201324
1613.201449
1614.201574
1615.201699
1616.201823
1617.201948
1618.202073
1619.202198
1620.202323
1621.202448
1622.202573
1623.202698
1624.202823
1625.202947
1626.203072
1627.203197
1628.203322
1629.203447
1630.203572
1631.203697
1632.203822
1633.203947
1634.204071
1635.204196
1636.204321
1637.204446
1638.204571
1639.204696
1640.204821
1641.204946
1642.205071
1643.205195
1644.205320
1645.205445
1646.205570
1647.205695
1648.205820
1649.205945
1650.206070
1651.206195
1652.206319
1653.206444
1654.206569
1655.206694
1656.206819
1657.206944
1658.207069
1659.207194
1660.207319
1661.207443
1662.207568
1663.207693
1664.207818
1665.207943
1666.208068
1667.208193
1668.208318
1669.208443
1670.208568
1671.208692
1672.208817
1673.208942
1674.209067
1675.209192
1676.209317
1677.209442
1678.209567
1679.209692
1680.209816
1681.209941
1682.210066
1683.210191
1684.210316
1685.210441
1686.210566
1687.210691
1688.210816
1689.210940
1690.211065
1691.211190
1692.211315
1693.211440
1694.211565
1695.211690
1696.211815
1697.211940
1698.212064
1699.212189
1700.212314
1701.212439
1702.212564
1703.212689
1704.212814
1705.212939
1706.213064
1707.213188
1708.213313
1709.213438
1710.213563
1711.213688
1712.213813
1713.213938
1714.214063
1715.214188
1716.214312
1717.214437
1718.214562
1719.214687
1720.214812
1721.214937
1722.215062
1723.215187
1724.215312
1725.215436
1726.215561
1727.215686
1728.215811
1729.215936
1730.216061
1731.216186
1732.216311
1733.216436
1734.216561
1735.216685
1736.216810
1737.216935
1738.217060
1739.217185
1740.217310
1741.217435
1742.217560
1743.217685
1744.217809
1745.217934
1746.218059
1747.218184
1748.218309
1749.218434
1750.218559
1751.218684
1752.218809
1753.218933
1754.219058
1755.219183
1756.219308
1757.219433
1758.219558
1759.219683
1760.219808
1761.219933
1762.220057
1763.220182
1764.220307
1765.220432
1766.220557
1767.220682
1768.220807
1769.220932
1770.221057
1771.221181
1772.221306
1773.221431
1774.221556
1775.221681
1776.221806
1777.221931
1778.222056
1779.222181
1780.222305
1781.222430
1782.222555
1783.222680
1784.222805
1785.222930
1786.223055
1787.223180
1788.223305
1789.223429
1790.223554
1791.223679
1792.223804
1793.223929
1794.224054
1795.224179
1796.224304
1797.224429
1798.224554
1799.224678
1800.224803
1801.224928
1802.225053
1803.225178
1804.225303
1805.225428
1806.225553
1807.225678
1808.225802
1809.225927
1810.226052
1811.226177
1812.226302
1813.226427
1814.226552
1815.226677
1816.226802
1817.226926
1818.227051
1819.227176
1820.227301
1821.227426
1822.227551
1823.227676
1824.227801
1825.227926
1826.228050
1827.228175
1828.228300
1829.228425
1830.228550
1831.228675
1832.228800
1833.228925
1834.229050
1835.229174
1836.229299
1837.229424
1838.229549
1839.229674
1840.229799
1841.229924
1842.230049
1843.230174
1844.230298
1845.230423
1846.230548
1847.230673
1848.230798
1849.230923
1850.231048
1851.231173
1852.231298
1853.231423
1854.231547
1855.231672
1856.231797
1857.231922
1858.232047
1859.232172
1860.232297
1861.232422
1862.232547
1863.232671
1864.232796
1865.232921
1866.233046
1867.233171
1868.233296
1869.233421
1870.233546
1871.233671
1872.233795
1873.233920
1874.234045
1875.234170
1876.234295
1877.234420
1878.234545
1879.234670
1880.234795
1881.234919
1882.235044
1883.235169
1884.235294
1885.235419
1886.235544
1887.235669
1888.235794
1889.235919
1890.236043
1891.236168
1892.236293
1893.236418
1894.236543
1895.236668
1896.236793
1897.236918
1898.237043
1899.237167
1900.237292
1901.237417
1902.237542
1903.237667
1904.237792
1905.237917
1906.238042
1907.238167
1908.238291
1909.238416
1910.238541
1911.238666
1912.238791
1913.238916
1914.239041
1915.239166
1916.239291
1917.239416
1918.239540
1919.239665
1920.239790
1921.239915
1922.240040
1923.240165
1924.240290
1925.240415
1926.240540
1927.240664
1928.240789
1929.240914
1930.241039
1931.241164
1932.241289
1933.241414
1934.241539
1935.241664
1936.241788
1937.241913
1938.242038
1939.242163
1940.242288
1941.242413
1942.242538
1943.242663
1944.242788
1945.242912
1946.243037
1947.243162
1948.243287
1949.243412
1950.243537
1951.243662
1952.243787
1953.243912
1954.244036
1955.244161
1956.244286
1957.244411
1958.244536
1959.244661
1960.244786
1961.244911
1962.245036
1963.245160
1964.245285
1965.245410
1966.245535
1967.245660
1968.245785
1969.245910
1970.246035
1971.246160
1972.246285
1973.246409
1974.246534
1975.246659
1976.246784
1977.246909
1978.247034
1979.247159
1980.247284
1981.247409
1982.247533
1983.247658
1984.247783
1985.247908
1986.248033
1987.248158
1988.248283
1989.248408
1990.248533
1991.248657
1992.248782
1993.248907
1994.249032
1995.249157
1996.249282
1997.249407
1998.249532
1999.249657
2000.249781
2001.249906
2002.250031
2003.250156
2004.250281
2005.250406
2006.250531
2007.250656
2008.250781
2009.250905
2010.251030
2011.251155
2012.251280
2013.251405
2014.251530
2015.251655
2016.251780
2017.251905
2018.252029
2019.252154
2020.252279
2021.252404
2022.252529
2023.252654
2024.252779
2025.252904
2026.253029
2027.253153
2028.253278
2029.253403
2030.253528
2031.253653
2032.253778
2033.253903
2034.254028
2035.254153
2036.254278
2037.254402
2038.254527
2039.254652
2040.254777
2041.254902
2042.255027
2043.255152
2044.255277
2045.255402
2046.255526
2047.255651
2048.255776
2049.255901
2050.256026
2051.256151
2052.256276
2053.256401
2054.256526
2055.256650
2056.256775
2057.256900
2058.257025
2059.257150
2060.257275
2061.257400
2062.257525
2063.257650
2064.257774
2065.257899
2066.258024
2067.258149
2068.258274
2069.258399
2070.258524
2071.258649
2072.258774
2073.258898
2074.259023
2075.259148
2076.259273
2077.259398
2078.259523
2079.259648
2080.259773
2081.259898
2082.260022
2083.260147
2084.260272
2085.260397
2086.260522
2087.260647
2088.260772
2089.260897
2090.261022
2091.261146
2092.261271
2093.261396
2094.261521
2095.261646
2096.261771
2097.261896
2098.262021
2099.262146
2100.262271
2101.262395
2102.262520
2103.262645
2104.262770
2105.262895
2106.263020
2107.263145
2108.263270
2109.263395
2110.263519
2111.263644
2112.263769
2113.263894
2114.264019
2115.264144
2116.264269
2117.264394
2118.264519
2119.264643
2120.264768
2121.264893
2122.265018
2123.265143
2124.265268
2125.265393
2126.265518
2127.265643
2128.265767
2129.265892
2130.266017
2131.266142
2132.266267
2133.266392
2134.266517
2135.266642
2136.266767
2137.266891
2138.267016
2139.267141
2140.267266
2141.267391
2142.267516
2143.267641
2144.267766
2145.267891
2146.268015
2147.268140
2148.268265
2149.268390
2150.268515
2151.268640
2152.268765
2153.268890
2154.269015
2155.269140
2156.269264
2157.269389
2158.269514
2159.269639
2160.269764
2161.269889
2162.270014
2163.270139
2164.270264
2165.270388
2166.270513
2167.270638
2168.270763
2169.270888
2170.271013
2171.271138
2172.271263
2173.271388
2174.271512
2175.271637
2176.271762
2177.271887
2178.272012
2179.272137
2180.272262
2181.272387
2182.272512
2183.272636
2184.272761
2185.272886
2186.273011
2187.273136
2188.273261
2189.273386
2190.273511
2191.273636
2192.273760
2193.273885
2194.274010
2195.274135
2196.274260
2197.274385
2198.274510
2199.274635
2200.274760
2201.274884
2202.275009
2203.275134
2204.275259
2205.275384
2206.275509
2207.275634
2208.275759
2209.275884
2210.276008
2211.276133
2212.276258
2213.276383
2214.276508
2215.276633
2216.276758
2217.276883
2218.277008
2219.277133
2220.277257
2221.277382
2222.277507
2223.277632
2224.277757
2225.277882
2226.278007
2227.278132
2228.278257
2229.278381
2230.278506
2231.278631
2232.278756
2233.278881
2234.279006
2235.279131
2236.279256
2237.279381
2238.279505
2239.279630
2240.279755
2241.279880
2242.280005
2243.280130
2244.280255
2245.280380
2246.280505
2247.280629
2248.280754
2249.280879
2250.281004
2251.281129
2252.281254
2253.281379
2254.281504
2255.281629
2256.281753
2257.281878
2258.282003
2259.282128
2260.282253
2261.282378
2262.282503
2263.282628
2264.282753
2265.282877
2266.283002
2267.283127
2268.283252
2269.283377
2270.283502
2271.283627
2272.283752
2273.283877
2274.284001
2275.284126
2276.284251
2277.284376
2278.284501
2279.284626
2280.284751
2281.284876
2282.285001
2283.285126
2284.285250
2285.285375
2286.285500
2287.285625
2288.285750
2289.285875
2290.286000
2291.286125
2292.286250
2293.286374
2294.286499
2295.286624
2296.286749
2297.286874
2298.286999
2299.287124
2300.287249
2301.287374
2302.287498
2303.287623
2304.287748
2305.287873
2306.287998
2307.288123
2308.288248
2309.288373
2310.288498
2311.288622
2312.288747
2313.288872
2314.288997
2315.289122
2316.289247
2317.289372
2318.289497
2319.289622
2320.289746
2321.289871
2322.289996
2323.290121
2324.290246
2325.290371
2326.290496
2327.290621
2328.290746
2329.290870
2330.290995
2331.291120
2332.291245
2333.291370
2334.291495
2335.291620
2336.291745
2337.291870
2338.291995
2339.292119
2340.292244
2341.292369
2342.292494
2343.292619
2344.292744
2345.292869
2346.292994
2347.293119
2348.293243
2349.293368
2350.293493
2351.293618
2352.293743
2353.293868
2354.293993
2355.294118
2356.294243
2357.294367
2358.294492
2359.294617
2360.294742
2361.294867
2362.294992
2363.295117
2364.295242
2365.295367
2366.295491
2367.295616
2368.295741
2369.295866
2370.295991
2371.296116
2372.296241
2373.296366
2374.296491
2375.296615
2376.296740
2377.296865
2378.296990
2379.297115
2380.297240
2381.297365
2382.297490
2383.297615
2384.297739
2385.297864
2386.297989
2387.298114
2388.298239
2389.298364
2390.298489
2391.298614
2392.298739
2393.298863
2394.298988
2395.299113
2396.299238
2397.299363
2398.299488
2399.299613
2400.299738
2401.299863
2402.299988
2403.300112
2404.300237
2405.300362
2406.300487
2407.300612
2408.300737
2409.300862
2410.300987
2411.301112
2412.301236
2413.301361
2414.301486
2415.301611
2416.301736
2417.301861
2418.301986
2419.302111
2420.302236
2421.302360
2422.302485
2423.302610
2424.302735
2425.302860
2426.302985
2427.303110
2428.303235
2429.303360
2430.303484
2431.303609
2432.303734
2433.303859
2434.303984
2435.304109
2436.304234
2437.304359
2438.304484
2439.304608
2440.304733
2441.304858
2442.304983
2443.305108
2444.305233
2445.305358
2446.305483
2447.305608
2448.305732
2449.305857
2450.305982
2451.306107
2452.306232
2453.306357
2454.306482
2455.306607
2456.306732
2457.306857
2458.306981
2459.307106
2460.307231
2461.307356
2462.307481
2463.307606
2464.307731
2465.307856
2466.307981
2467.308105
2468.308230
2469.308355
2470.308480
2471.308605
2472.308730
2473.308855
2474.308980
2475.309105
2476.309229
2477.309354
2478.309479
2479.309604
2480.309729
2481.309854
2482.309979
2483.310104
2484.310229
2485.310353
2486.310478
2487.310603
2488.310728
2489.310853
2490.310978
2491.311103
2492.311228
2493.311353
2494.311477
2495.311602
2496.311727
2497.311852
2498.311977
2499.312102
2500.312227
2501.312352
2502.312477
2503.312601
2504.312726
2505.312851
2506.312976
2507.313101
2508.313226
2509.313351
2510.313476
2511.313601
2512.313725
2513.313850
2514.313975
2515.314100
2516.314225
2517.314350
2518.314475
2519.314600
2520.314725
2521.314850
2522.314974
2523.315099
2524.315224
2525.315349
2526.315474
2527.315599
2528.315724
2529.315849
2530.315974
2531.316098
2532.316223
2533.316348
2534.316473
2535.316598
2536.316723
2537.316848
2538.316973
2539.317098
2540.317222
2541.317347
2542.317472
2543.317597
2544.317722
2545.317847
2546.317972
2547.318097
2548.318222
2549.318346
2550.318471
2551.318596
2552.318721
2553.318846
2554.318971
2555.319096
2556.319221
2557.319346
2558.319470
2559.319595
2560.319720
2561.319845
2562.319970
2563.320095
2564.320220
2565.320345
2566.320470
2567.320594
2568.320719
2569.320844
2570.320969
2571.321094
2572.321219
2573.321344
2574.321469
2575.321594
2576.321718
2577.321843
2578.321968
2579.322093
2580.322218
2581.322343
2582.322468
2583.322593
2584.322718
2585.322843
2586.322967
2587.323092
2588.323217
2589.323342
2590.323467
2591.323592
2592.323717
2593.323842
2594.323967
2595.324091
2596.324216
2597.324341
2598.324466
2599.324591
2600.324716
2601.324841
2602.324966
2603.325091
2604.325215
2605.325340
2606.325465
2607.325590
2608.325715
2609.325840
2610.325965
2611.326090
2612.326215
2613.326339
2614.326464
2615.326589
2616.326714
2617.326839
2618.326964
2619.327089
2620.327214
2621.327339
2622.327463
2623.327588
2624.327713
2625.327838
2626.327963
2627.328088
2628.328213
2629.328338
2630.328463
2631.328587
2632.328712
2633.328837
2634.328962
2635.329087
2636.329212
2637.329337
2638.329462
2639.329587
2640.329712
2641.329836
2642.329961
2643.330086
2644.330211
2645.330336
2646.330461
2647.330586
2648.330711
2649.330836
2650.330960
2651.331085
2652.331210
2653.331335
2654.331460
2655.331585
2656.331710
2657.331835
2658.331960
2659.332084
2660.332209
2661.332334
2662.332459
2663.332584
2664.332709
2665.332834
2666.332959
2667.333084
2668.333208
2669.333333
2670.333458
2671.333583
2672.333708
2673.333833
2674.333958
2675.334083
2676.334208
2677.334332
2678.334457
2679.334582
2680.334707
2681.334832
2682.334957
2683.335082
2684.335207
2685.335332
2686.335456
2687.335581
2688.335706
2689.335831
2690.335956
2691.336081
2692.336206
2693.336331
2694.336456
2695.336580
2696.336705
2697.336830
2698.336955
2699.337080
2700.337205
2701.337330
2702.337455
2703.337580
2704.337705
2705.337829
2706.337954
2707.338079
2708.338204
2709.338329
2710.338454
2711.338579
2712.338704
2713.338829
2714.338953
2715.339078
2716.339203
2717.339328
2718.339453
2719.339578
2720.339703
2721.339828
2722.339953
2723.340077
2724.340202
2725.340327
2726.340452
2727.340577
2728.340702
2729.340827
2730.340952
2731.341077
2732.341201
2733.341326
2734.341451
2735.341576
2736.341701
2737.341826
2738.341951
2739.342076
2740.342201
2741.342325
2742.342450
2743.342575
2744.342700
2745.342825
2746.342950
2747.343075
2748.343200
2749.343325
2750.343449
2751.343574
2752.343699
2753.343824
2754.343949
2755.344074
2756.344199
2757.344324
2758.344449
2759.344573
2760.344698
2761.344823
2762.344948
2763.345073
2764.345198
2765.345323
2766.345448
2767.345573
2768.345698
2769.345822
2770.345947
2771.346072
2772.346197
2773.346322
2774.346447
2775.346572
2776.346697
2777.346822
2778.346946
2779.347071
2780.347196
2781.347321
2782.347446
2783.347571
2784.347696
2785.347821
2786.347946
2787.348070
2788.348195
2789.348320
2790.348445
2791.348570
2792.348695
2793.348820
2794.348945
2795.349070
2796.349194
2797.349319
2798.349444
2799.349569
2800.349694
2801.349819
2802.349944
2803.350069
2804.350194
2805.350318
2806.350443
2807.350568
2808.350693
2809.350818
2810.350943
2811.351068
2812.351193
2813.351318
2814.351442
2815.351567
2816.351692
2817.351817
2818.351942
2819.352067
2820.352192
2821.352317
2822.352442
2823.352567
2824.352691
2825.352816
2826.352941
2827.353066
2828.353191
2829.353316
2830.353441
2831.353566
2832.353691
2833.353815
2834.353940
2835.354065
2836.354190
2837.354315
2838.354440
2839.354565
2840.354690
2841.354815
2842.354939
2843.355064
2844.355189
2845.355314
2846.355439
2847.355564
2848.355689
2849.355814
2850.355939
2851.356063
2852.356188
2853.356313
2854.356438
2855.356563
2856.356688
2857.356813
2858.356938
2859.357063
2860.357187
2861.357312
2862.357437
2863.357562
2864.357687
2865.357812
2866.357937
2867.358062
2868.358187
2869.358311
2870.358436
2871.358561
2872.358686
2873.358811
2874.358936
2875.359061
2876.359186
2877.359311
2878.359435
2879.359560
2880.359685
2881.359810
2882.359935
2883.360060
2884.360185
2885.360310
2886.360435
2887.360560
2888.360684
2889.360809
2890.360934
2891.361059
2892.361184
2893.361309
2894.361434
2895.361559
2896.361684
2897.361808
2898.361933
2899.362058
2900.362183
2901.362308
2902.362433
2903.362558
2904.362683
2905.362808
2906.362932
2907.363057
2908.363182
2909.363307
2910.363432
2911.363557
2912.363682
2913.363807
2914.363932
2915.364056
2916.364181
2917.364306
2918.364431
2919.364556
2920.364681
2921.364806
2922.364931
2923.365056
2924.365180
2925.365305
2926.365430
2927.365555
2928.365680
2929.365805
2930.365930
2931.366055
2932.366180
2933.366304
2934.366429
2935.366554
2936.366679
2937.366804
2938.366929
2939.367054
2940.367179
2941.367304
2942.367429
2943.367553
2944.367678
2945.367803
2946.367928
2947.368053
2948.368178
2949.368303
2950.368428
2951.368553
2952.368677
2953.368802
2954.368927
2955.369052
2956.369177
2957.369302
2958.369427
2959.369552
2960.369677
2961.369801
2962.369926
2963.370051
2964.370176
2965.370301
2966.370426
2967.370551
2968.370676
2969.370801
2970.370925
2971.371050
2972.371175
2973.371300
2974.371425
2975.371550
2976.371675
2977.371800
2978.371925
2979.372049
2980.372174
2981.372299
2982.372424
2983.372549
2984.372674
2985.372799
2986.372924
2987.373049
2988.373173
2989.373298
2990.373423
2991.373548
2992.373673
2993.373798
2994.373923
2995.374048
2996.374173
2997.374297
2998.374422
2999.374547
3000.374672
3001.374797
3002.374922
3003.375047
3004.375172
3005.375297
3006.375422
3007.375546
3008.375671
3009.375796
3010.375921
3011.376046
3012.376171
3013.376296
3014.376421
3015.376546
3016.376670
3017.376795
3018.376920
3019.377045
3020.377170
3021.377295
3022.377420
3023.377545
3024.377670
3025.377794
3026.377919
3027.378044
3028.378169
3029.378294
3030.378419
3031.378544
3032.378669
3033.378794
3034.378918
3035.379043
3036.379168
3037.379293
3038.379418
3039.379543
3040.379668
3041.379793
3042.379918
3043.380042
3044.380167
3045.380292
3046.380417
3047.380542
3048.380667
3049.380792
3050.380917
3051.381042
3052.381166
3053.381291
3054.381416
3055.381541
3056.381666
3057.381791
3058.381916
3059.382041
3060.382166
3061.382290
3062.382415
3063.382540
3064.382665
3065.382790
3066.382915
3067.383040
3068.383165
3069.383290
3070.383415
3071.383539
3072.383664
3073.383789
3074.383914
3075.384039
3076.384164
3077.384289
3078.384414
3079.384539
3080.384663
3081.384788
3082.384913
3083.385038
3084.385163
3085.385288
3086.385413
3087.385538
3088.385663
3089.385787
3090.385912
3091.386037
3092.386162
3093.386287
3094.386412
3095.386537
3096.386662
3097.386787
3098.386911
3099.387036
3100.387161
3101.387286
3102.387411
3103.387536
3104.387661
3105.387786
3106.387911
3107.388035
3108.388160
3109.388285
3110.388410
3111.388535
3112.388660
3113.388785
3114.388910
3115.389035
3116.389159
3117.389284
3118.389409
3119.389534
3120.389659
3121.389784
3122.389909
3123.390034
3124.390159
3125.390284
3126.390408
3127.390533
3128.390658
3129.390783
3130.390908
3131.391033
3132.391158
3133.391283
3134.391408
3135.391532
3136.391657
3137.391782
3138.391907
3139.392032
3140.392157
3141.392282
3142.392407
3143.392532
3144.392656
3145.392781
3146.392906
3147.393031
3148.393156
3149.393281
3150.393406
3151.393531
3152.393656
3153.393780
3154.393905
3155.394030
3156.394155
3157.394280
3158.394405
3159.394530
3160.394655
3161.394780
3162.394904
3163.395029
3164.395154
3165.395279
3166.395404
3167.395529
3168.395654
3169.395779
3170.395904
3171.396028
3172.396153
3173.396278
3174.396403
3175.396528
3176.396653
3177.396778
3178.396903
3179.397028
3180.397152
3181.397277
3182.397402
3183.397527
3184.397652
3185.397777
3186.397902
3187.398027
3188.398152
3189.398277
3190.398401
3191.398526
3192.398651
3193.398776
3194.398901
3195.399026
3196.399151
3197.399276
3198.399401
3199.399525
3200.399650
3201.399775
3202.399900
3203.400025
3204.400150
3205.400275
3206.400400
3207.400525
3208.400649
3209.400774
3210.400899
3211.401024
3212.401149
3213.401274
3214.401399
3215.401524
3216.401649
3217.401773
3218.401898
3219.402023
3220.402148
3221.402273
3222.402398
3223.402523
3224.402648
3225.402773
3226.402897
3227.403022
3228.403147
3229.403272
3230.403397
3231.403522
3232.403647
3233.403772
3234.403897
3235.404021
3236.404146
3237.404271
3238.404396
3239.404521
3240.404646
3241.404771
3242.404896
3243.405021
3244.405145
3245.405270
3246.405395
3247.405520
3248.405645
3249.405770
3250.405895
3251.406020
3252.406145
3253.406270
3254.406394
3255.406519
3256.406644
3257.406769
3258.406894
3259.407019
3260.407144
3261.407269
3262.407394
3263.407518
3264.407643
3265.407768
3266.407893
3267.408018
3268.408143
3269.408268
3270.408393
3271.408518
3272.408642
3273.408767
3274.408892
3275.409017
3276.409142
3277.409267
3278.409392
3279.409517
3280.409642
3281.409766
3282.409891
3283.410016
3284.410141
3285.410266
3286.410391
3287.410516
3288.410641
3289.410766
3290.410890
3291.411015
3292.411140
3293.411265
3294.411390
3295.411515
3296.411640
3297.411765
3298.411890
3299.412014
3300.412139
3301.412264
3302.412389
3303.412514
3304.412639
3305.412764
3306.412889
3307.413014
3308.413139
3309.413263
3310.413388
3311.413513
3312.413638
3313.413763
3314.413888
3315.414013
3316.414138
3317.414263
3318.414387
3319.414512
3320.414637
3321.414762
3322.414887
3323.415012
3324.415137
3325.415262
3326.415387
3327.415511
3328.415636
3329.415761
3330.415886
3331.416011
3332.416136
3333.416261
3334.416386
3335.416511
3336.416635
3337.416760
3338.416885
3339.417010
3340.417135
3341.417260
3342.417385
3343.417510
3344.417635
3345.417759
3346.417884
3347.418009
3348.418134
3349.418259
3350.418384
3351.418509
3352.418634
3353.418759
3354.418883
3355.419008
3356.419133
3357.419258
3358.419383
3359.419508
3360.419633
3361.419758
3362.419883
3363.420007
3364.420132
3365.420257
3366.420382
3367.420507
3368.420632
3369.420757
3370.420882
3371.421007
3372.421132
3373.421256
3374.421381
3375.421506
3376.421631
3377.421756
3378.421881
3379.422006
3380.422131
3381.422256
3382.422380
3383.422505
3384.422630
3385.422755
3386.422880
3387.423005
3388.423130
3389.423255
3390.423380
3391.423504
3392.423629
3393.423754
3394.423879
3395.424004
3396.424129
3397.424254
3398.424379
3399.424504
3400.424628
3401.424753
3402.424878
3403.425003
3404.425128
3405.425253
3406.425378
3407.425503
3408.425628
3409.425752
3410.425877
3411.426002
3412.426127
3413.426252
3414.426377
3415.426502
3416.426627
3417.426752
3418.426876
3419.427001
3420.427126
3421.427251
3422.427376
3423.427501
3424.427626
3425.427751
3426.427876
3427.428000
3428.428125
3429.428250
3430.428375
3431.428500
3432.428625
3433.428750
3434.428875
3435.429000
3436.429125
3437.429249
3438.429374
3439.429499
3440.429624
3441.429749
3442.429874
3443.429999
3444.430124
3445.430249
3446.430373
3447.430498
3448.430623
3449.430748
3450.430873
3451.430998
3452.431123
3453.431248
3454.431373
3455.431497
3456.431622
3457.431747
3458.431872
3459.431997
3460.432122
3461.432247
3462.432372
3463.432497
3464.432621
3465.432746
3466.432871
3467.432996
3468.433121
3469.433246
3470.433371
3471.433496
3472.433621
3473.433745
3474.433870
3475.433995
3476.434120
3477.434245
3478.434370
3479.434495
3480.434620
3481.434745
3482.434869
3483.434994
3484.435119
3485.435244
3486.435369
3487.435494
3488.435619
3489.435744
3490.435869
3491.435994
3492.436118
3493.436243
3494.436368
3495.436493
3496.436618
3497.436743
3498.436868
3499.436993
3500.437118
3501.437242
3502.437367
3503.437492
3504.437617
3505.437742
3506.437867
3507.437992
3508.438117
3509.438242
3510.438366
3511.438491
3512.438616
3513.438741
3514.438866
3515.438991
3516.439116
3517.439241
3518.439366
3519.439490
3520.439615
3521.439740
3522.439865
3523.439990
3524.440115
3525.440240
3526.440365
3527.440490
3528.440614
3529.440739
3530.440864
3531.440989
3532.441114
3533.441239
3534.441364
3535.441489
3536.441614
3537.441738
3538.441863
3539.441988
3540.442113
3541.442238
3542.442363
3543.442488
3544.442613
3545.442738
3546.442862
3547.442987
3548.443112
3549.443237
3550.443362
3551.443487
3552.443612
3553.443737
3554.443862
3555.443987
3556.444111
3557.444236
3558.444361
3559.444486
3560.444611
3561.444736
3562.444861
3563.444986
3564.445111
3565.445235
3566.445360
3567.445485
3568.445610
3569.445735
3570.445860
3571.445985
3572.446110
3573.446235
3574.446359
3575.446484
3576.446609
3577.446734
3578.446859
3579.446984
3580.447109
3581.447234
3582.447359
3583.447483
3584.447608
3585.447733
3586.447858
3587.447983
3588.448108
3589.448233
3590.448358
3591.448483
3592.448607
3593.448732
3594.448857
3595.448982
3596.449107
3597.449232
3598.449357
3599.449482
3600.449607
3601.449731
3602.449856
3603.449981
3604.450106
3605.450231
3606.450356
3607.450481
3608.450606
3609.450731
3610.450856
3611.450980
3612.451105
3613.451230
3614.451355
3615.451480
3616.451605
3617.451730
3618.451855
3619.451980
3620.452104
3621.452229
3622.452354
3623.452479
3624.452604
3625.452729
3626.452854
3627.452979
3628.453104
3629.453228
3630.453353
3631.453478
3632.453603
3633.453728
3634.453853
3635.453978
3636.454103
3637.454228
3638.454352
3639.454477
3640.454602
3641.454727
3642.454852
3643.454977
3644.455102
3645.455227
3646.455352
3647.455476
3648.455601
3649.455726
3650.455851
3651.455976
3652.456101
3653.456226
3654.456351
3655.456476
3656.456600
3657.456725
3658.456850
3659.456975
3660.457100
3661.457225
3662.457350
3663.457475
3664.457600
3665.457724
3666.457849
3667.457974
3668.458099
3669.458224
3670.458349
3671.458474
3672.458599
3673.458724
3674.458849
3675.458973
3676.459098
3677.459223
3678.459348
3679.459473
3680.459598
3681.459723
3682.459848
3683.459973
3684.460097
3685.460222
3686.460347
3687.460472
3688.460597
3689.460722
3690.460847
3691.460972
3692.461097
3693.461221
3694.461346
3695.461471
3696.461596
3697.461721
3698.461846
3699.461971
3700.462096
3701.462221
3702.462345
3703.462470
3704.462595
3705.462720
3706.462845
3707.462970
3708.463095
3709.463220
3710.463345
3711.463469
3712.463594
3713.463719
3714.463844
3715.463969
3716.464094
3717.464219
3718.464344
3719.464469
3720.464593
3721.464718
3722.464843
3723.464968
3724.465093
3725.465218
3726.465343
3727.465468
3728.465593
3729.465717
3730.465842
3731.465967
3732.466092
3733.466217
3734.466342
3735.466467
3736.466592
3737.466717
3738.466842
3739.466966
3740.467091
3741.467216
3742.467341
3743.467466
3744.467591
3745.467716
3746.467841
3747.467966
3748.468090
3749.468215
3750.468340
3751.468465
3752.468590
3753.468715
3754.468840
3755.468965
3756.469090
3757.469214
3758.469339
3759.469464
3760.469589
3761.469714
3762.469839
3763.469964
3764.470089
3765.470214
3766.470338
3767.470463
3768.470588
3769.470713
3770.470838
3771.470963
3772.471088
3773.471213
3774.471338
3775.471462
3776.471587
3777.471712
3778.471837
3779.471962
3780.472087
3781.472212
3782.472337
3783.472462
3784.472586
3785.472711
3786.472836
3787.472961
3788.473086
3789.473211
3790.473336
3791.473461
3792.473586
3793.473711
3794.473835
3795.473960
3796.474085
3797.474210
3798.474335
3799.474460
3800.474585
3801.474710
3802.474835
3803.474959
3804.475084
3805.475209
3806.475334
3807.475459
3808.475584
3809.475709
3810.475834
3811.475959
3812.476083
3813.476208
3814.476333
3815.476458
3816.476583
3817.476708
3818.476833
3819.476958
3820.477083
3821.477207
3822.477332
3823.477457
3824.477582
3825.477707
3826.477832
3827.477957
3828.478082
3829.478207
3830.478331
3831.478456
3832.478581
3833.478706
3834.478831
3835.478956
3836.479081
3837.479206
3838.479331
3839.479455
3840.479580
3841.479705
3842.479830
3843.479955
3844.480080
3845.480205
3846.480330
3847.480455
3848.480579
3849.480704
3850.480829
3851.480954
3852.481079
3853.481204
3854.481329
3855.481454
3856.481579
3857.481704
3858.481828
3859.481953
3860.482078
3861.482203
3862.482328
3863.482453
3864.482578
3865.482703
3866.482828
3867.482952
3868.483077
3869.483202
3870.483327
3871.483452
3872.483577
3873.483702
3874.483827
3875.483952
3876.484076
3877.484201
3878.484326
3879.484451
3880.484576
3881.484701
3882.484826
3883.484951
3884.485076
3885.485200
3886.485325
3887.485450
3888.485575
3889.485700
3890.485825
3891.485950
3892.486075
3893.486200
3894.486324
3895.486449
3896.486574
3897.486699
3898.486824
3899.486949
3900.487074
3901.487199
3902.487324
3903.487448
3904.487573
3905.487698
3906.487823
3907.487948
3908.488073
3909.488198
3910.488323
3911.488448
3912.488572
3913.488697
3914.488822
3915.488947
3916.489072
3917.489197
3918.489322
3919.489447
3920.489572
3921.489697
3922.489821
3923.489946
3924.490071
3925.490196
3926.490321
3927.490446
3928.490571
3929.490696
3930.490821
3931.490945
3932.491070
3933.491195
3934.491320
3935.491445
3936.491570
3937.491695
3938.491820
3939.491945
3940.492069
3941.492194
3942.492319
3943.492444
3944.492569
3945.492694
3946.492819
3947.492944
3948.493069
3949.493193
3950.493318
3951.493443
3952.493568
3953.493693
3954.493818
3955.493943
3956.494068
3957.494193
3958.494317
3959.494442
3960.494567
3961.494692
3962.494817
3963.494942
3964.495067
3965.495192
3966.495317
3967.495441
3968.495566
3969.495691
3970.495816
3971.495941
3972.496066
3973.496191
3974.496316
3975.496441
3976.496566
3977.496690
3978.496815
3979.496940
3980.497065
3981.497190
3982.497315
3983.497440
3984.497565
3985.497690
3986.497814
3987.497939
3988.498064
3989.498189
3990.498314
3991.498439
3992.498564
3993.498689
3994.498814
3995.498938
3996.499063
3997.499188
3998.499313
3999.499438
4000.499563
4001.499688
4002.499813
4003.499938
4004.500062
4005.500187
4006.500312
4007.500437
4008.500562
4009.500687
4010.500812
4011.500937
4012.501062
4013.501186
4014.501311
4015.501436
4016.501561
4017.501686
4018.501811
4019.501936
4020.502061
4021.502186
4022.502310
4023.502435
4024.502560
4025.502685
4026.502810
4027.502935
4028.503060
4029.503185
4030.503310
4031.503434
4032.503559
4033.503684
4034.503809
4035.503934
4036.504059
4037.504184
4038.504309
4039.504434
4040.504559
4041.504683
4042.504808
4043.504933
4044.505058
4045.505183
4046.505308
4047.505433
4048.505558
4049.505683
4050.505807
4051.505932
4052.506057
4053.506182
4054.506307
4055.506432
4056.506557
4057.506682
4058.506807
4059.506931
4060.507056
4061.507181
4062.507306
4063.507431
4064.507556
4065.507681
4066.507806
4067.507931
4068.508055
4069.508180
4070.508305
4071.508430
4072.508555
4073.508680
4074.508805
4075.508930
4076.509055
4077.509179
4078.509304
4079.509429
4080.509554
4081.509679
4082.509804
4083.509929
4084.510054
4085.510179
4086.510303
4087.510428
4088.510553
4089.510678
4090.510803
4091.510928
4092.511053
4093.511178
4094.511303
4095.511428
4096.511552
4097.511677
4098.511802
4099.511927
4100.512052
4101.512177
4102.512302
4103.512427
4104.512552
4105.512676
4106.512801
4107.512926
4108.513051
4109.513176
4110.513301
4111.513426
4112.513551
4113.513676
4114.513800
4115.513925
4116.514050
4117.514175
4118.514300
4119.514425
4120.514550
4121.514675
4122.514800
4123.514924
4124.515049
4125.515174
4126.515299
4127.515424
4128.515549
4129.515674
4130.515799
4131.515924
4132.516048
4133.516173
4134.516298
4135.516423
4136.516548
4137.516673
4138.516798
4139.516923
4140.517048
4141.517172
4142.517297
4143.517422
4144.517547
4145.517672
4146.517797
4147.517922
4148.518047
4149.518172
4150.518296
4151.518421
4152.518546
4153.518671
4154.518796
4155.518921
4156.519046
4157.519171
4158.519296
4159.519421
4160.519545
4161.519670
4162.519795
4163.519920
4164.520045
4165.520170
4166.520295
4167.520420
4168.520545
4169.520669
4170.520794
4171.520919
4172.521044
4173.521169
4174.521294
4175.521419
4176.521544
4177.521669
4178.521793
4179.521918
4180.522043
4181.522168
4182.522293
4183.522418
4184.522543
4185.522668
4186.522793
4187.522917
4188.523042
4189.523167
4190.523292
4191.523417
4192.523542
4193.523667
4194.523792
4195.523917
4196.524041
4197.524166
4198.524291
4199.524416
4200.524541
4201.524666
4202.524791
4203.524916
4204.525041
4205.525165
4206.525290
4207.525415
4208.525540
4209.525665
4210.525790
4211.525915
4212.526040
4213.526165
4214.526289
4215.526414
4216.526539
4217.526664
4218.526789
4219.526914
4220.527039
4221.527164
4222.527289
4223.527414
4224.527538
4225.527663
4226.527788
4227.527913
4228.528038
4229.528163
4230.528288
4231.528413
4232.528538
4233.528662
4234.528787
4235.528912
4236.529037
4237.529162
4238.529287
4239.529412
4240.529537
4241.529662
4242.529786
4243.529911
4244.530036
4245.530161
4246.530286
4247.530411
4248.530536
4249.530661
4250.530786
4251.530910
4252.531035
4253.531160
4254.531285
4255.531410
4256.531535
4257.531660
4258.531785
4259.531910
4260.532034
4261.532159
4262.532284
4263.532409
4264.532534
4265.532659
4266.532784
4267.532909
4268.533034
4269.533158
4270.533283
4271.533408
4272.533533
4273.533658
4274.533783
4275.533908
4276.534033
4277.534158
4278.534283
4279.534407
4280.534532
4281.534657
4282.534782
4283.534907
4284.535032
4285.535157
4286.535282
4287.535407
4288.535531
4289.535656
4290.535781
4291.535906
4292.536031
4293.536156
4294.536281
4295.536406
4296.536531
4297.536655
4298.536780
4299.536905
4300.537030
4301.537155
4302.537280
4303.537405
4304.537530
4305.537655
4306.537779
4307.537904
4308.538029
4309.538154
4310.538279
4311.538404
4312.538529
4313.538654
4314.538779
4315.538903
4316.539028
4317.539153
4318.539278
4319.539403
4320.539528
4321.539653
4322.539778
4323.539903
4324.540027
4325.540152
4326.540277
4327.540402
4328.540527
4329.540652
4330.540777
4331.540902
4332.541027
4333.541151
4334.541276
4335.541401
4336.541526
4337.541651
4338.541776
4339.541901
4340.542026
4341.542151
4342.542276
4343.542400
4344.542525
4345.542650
4346.542775
4347.542900
4348.543025
4349.543150
4350.543275
4351.543400
4352.543524
4353.543649
4354.543774
4355.543899
4356.544024
4357.544149
4358.544274
4359.544399
4360.544524
4361.544648
4362.544773
4363.544898
4364.545023
4365.545148
4366.545273
4367.545398
4368.545523
4369.545648
4370.545772
4371.545897
4372.546022
4373.546147
4374.546272
4375.546397
4376.546522
4377.546647
4378.546772
4379.546896
4380.547021
4381.547146
4382.547271
4383.547396
4384.547521
4385.547646
4386.547771
4387.547896
4388.548020
4389.548145
4390.548270
4391.548395
4392.548520
4393.548645
4394.548770
4395.548895
4396.549020
4397.549144
4398.549269
4399.549394
4400.549519
4401.549644
4402.549769
4403.549894
4404.550019
4405.550144
4406.550269
4407.550393
4408.550518
4409.550643
4410.550768
4411.550893
4412.551018
4413.551143
4414.551268
4415.551393
4416.551517
4417.551642
4418.551767
4419.551892
4420.552017
4421.552142
4422.552267
4423.552392
4424.552517
4425.552641
4426.552766
4427.552891
4428.553016
4429.553141
4430.553266
4431.553391
4432.553516
4433.553641
4434.553765
4435.553890
4436.554015
4437.554140
4438.554265
4439.554390
4440.554515
4441.554640
4442.554765
4443.554889
4444.555014
4445.555139
4446.555264
4447.555389
4448.555514
4449.555639
4450.555764
4451.555889
4452.556013
4453.556138
4454.556263
4455.556388
4456.556513
4457.556638
4458.556763
4459.556888
4460.557013
4461.557138
4462.557262
4463.557387
4464.557512
4465.557637
4466.557762
4467.557887
4468.558012
4469.558137
4470.558262
4471.558386
4472.558511
4473.558636
4474.558761
4475.558886
4476.559011
4477.559136
4478.559261
4479.559386
4480.559510
4481.559635
4482.559760
4483.559885
4484.560010
4485.560135
4486.560260
4487.560385
4488.560510
4489.560634
4490.560759
4491.560884
4492.561009
4493.561134
4494.561259
4495.561384
4496.561509
4497.561634
4498.561758
4499.561883
4500.562008
4501.562133
4502.562258
4503.562383
4504.562508
4505.562633
4506.562758
4507.562882
4508.563007
4509.563132
4510.563257
4511.563382
4512.563507
4513.563632
4514.563757
4515.563882
4516.564006
4517.564131
4518.564256
4519.564381
4520.564506
4521.564631
4522.564756
4523.564881
4524.565006
4525.565131
4526.565255
4527.565380
4528.565505
4529.565630
4530.565755
4531.565880
4532.566005
4533.566130
4534.566255
4535.566379
4536.566504
4537.566629
4538.566754
4539.566879
4540.567004
4541.567129
4542.567254
4543.567379
4544.567503
4545.567628
4546.567753
4547.567878
4548.568003
4549.568128
4550.568253
4551.568378
4552.568503
4553.568627
4554.568752
4555.568877
4556.569002
4557.569127
4558.569252
4559.569377
4560.569502
4561.569627
4562.569751
4563.569876
4564.570001
4565.570126
4566.570251
4567.570376
4568.570501
4569.570626
4570.570751
4571.570875
4572.571000
4573.571125
4574.571250
4575.571375
4576.571500
4577.571625
4578.571750
4579.571875
4580.572000
4581.572124
4582.572249
4583.572374
4584.572499
4585.572624
4586.572749
4587.572874
4588.572999
4589.573124
4590.573248
4591.573373
4592.573498
4593.573623
4594.573748
4595.573873
4596.573998
4597.574123
4598.574248
4599.574372
4600.574497
4601.574622
4602.574747
4603.574872
4604.574997
4605.575122
4606.575247
4607.575372
4608.575496
4609.575621
4610.575746
4611.575871
4612.575996
4613.576121
4614.576246
4615.576371
4616.576496
4617.576620
4618.576745
4619.576870
4620.576995
4621.577120
4622.577245
4623.577370
4624.577495
4625.577620
4626.577744
4627.577869
4628.577994
4629.578119
4630.578244
4631.578369
4632.578494
4633.578619
4634.578744
4635.578868
4636.578993
4637.579118
4638.579243
4639.579368
4640.579493
4641.579618
4642.579743
4643.579868
4644.579993
4645.580117
4646.580242
4647.580367
4648.580492
4649.580617
4650.580742
4651.580867
4652.580992
4653.581117
4654.581241
4655.581366
4656.581491
4657.581616
4658.581741
4659.581866
4660.581991
4661.582116
4662.582241
4663.582365
4664.582490
4665.582615
4666.582740
4667.582865
4668.582990
4669.583115
4670.583240
4671.583365
4672.583489
4673.583614
4674.583739
4675.583864
4676.583989
4677.584114
4678.584239
4679.584364
4680.584489
4681.584613
4682.584738
4683.584863
4684.584988
4685.585113
4686.585238
4687.585363
4688.585488
4689.585613
4690.585737
4691.585862
4692.585987
4693.586112
4694.586237
4695.586362
4696.586487
4697.586612
4698.586737
4699.586861
4700.586986
4701.587111
4702.587236
4703.587361
4704.587486
4705.587611
4706.587736
4707.587861
4708.587986
4709.588110
4710.588235
4711.588360
4712.588485
4713.588610
4714.588735
4715.588860
4716.588985
4717.589110
4718.589234
4719.589359
4720.589484
4721.589609
4722.589734
4723.589859
4724.589984
4725.590109
4726.590234
4727.590358
4728.590483
4729.590608
4730.590733
4731.590858
4732.590983
4733.591108
4734.591233
4735.591358
4736.591482
4737.591607
4738.591732
4739.591857
4740.591982
4741.592107
4742.592232
4743.592357
4744.592482
4745.592606
4746.592731
4747.592856
4748.592981
4749.593106
4750.593231
4751.593356
4752.593481
4753.593606
4754.593730
4755.593855
4756.593980
4757.594105
4758.594230
4759.594355
4760.594480
4761.594605
4762.594730
4763.594855
4764.594979
4765.595104
4766.595229
4767.595354
4768.595479
4769.595604
4770.595729
4771.595854
4772.595979
4773.596103
4774.596228
4775.596353
4776.596478
4777.596603
4778.596728
4779.596853
4780.596978
4781.597103
4782.597227
4783.597352
4784.597477
4785.597602
4786.597727
4787.597852
4788.597977
4789.598102
4790.598227
4791.598351
4792.598476
4793.598601
4794.598726
4795.598851
4796.598976
4797.599101
4798.599226
4799.599351
4800.599475
4801.599600
4802.599725
4803.599850
4804.599975
4805.600100
4806.600225
4807.600350
4808.600475
4809.600599
4810.600724
4811.600849
4812.600974
4813.601099
4814.601224
4815.601349
4816.601474
4817.601599
4818.601723
4819.601848
4820.601973
4821.602098
4822.602223
4823.602348
4824.602473
4825.602598
4826.602723
4827.602848
4828.602972
4829.603097
4830.603222
4831.603347
4832.603472
4833.603597
4834.603722
4835.603847
4836.603972
4837.604096
4838.604221
4839.604346
4840.604471
4841.604596
4842.604721
4843.604846
4844.604971
4845.605096
4846.605220
4847.605345
4848.605470
4849.605595
4850.605720
4851.605845
4852.605970
4853.606095
4854.606220
4855.606344
4856.606469
4857.606594
4858.606719
4859.606844
4860.606969
4861.607094
4862.607219
4863.607344
4864.607468
4865.607593
4866.607718
4867.607843
4868.607968
4869.608093
4870.608218
4871.608343
4872.608468
4873.608592
4874.608717
4875.608842
4876.608967
4877.609092
4878.609217
4879.609342
4880.609467
4881.609592
4882.609716
4883.609841
4884.609966
4885.610091
4886.610216
4887.610341
4888.610466
4889.610591
4890.610716
4891.610841
4892.610965
4893.611090
4894.611215
4895.611340
4896.611465
4897.611590
4898.611715
4899.611840
4900.611965
4901.612089
4902.612214
4903.612339
4904.612464
4905.612589
4906.612714
4907.612839
4908.612964
4909.613089
4910.613213
4911.613338
4912.613463
4913.613588
4914.613713
4915.613838
4916.613963
4917.614088
4918.614213
4919.614337
4920.614462
4921.614587
4922.614712
4923.614837
4924.614962
4925.615087
4926.615212
4927.615337
4928.615461
4929.615586
4930.615711
4931.615836
4932.615961
4933.616086
4934.616211
4935.616336
4936.616461
4937.616585
4938.616710
4939.616835
4940.616960
4941.617085
4942.617210
4943.617335
4944.617460
4945.617585
4946.617710
4947.617834
4948.617959
4949.618084
4950.618209
4951.618334
4952.618459
4953.618584
4954.618709
4955.618834
4956.618958
4957.619083
4958.619208
4959.619333
4960.619458
4961.619583
4962.619708
4963.619833
4964.619958
4965.620082
4966.620207
4967.620332
4968.620457
4969.620582
4970.620707
4971.620832
4972.620957
4973.621082
4974.621206
4975.621331
4976.621456
4977.621581
4978.621706
4979.621831
4980.621956
4981.622081
4982.622206
4983.622330
4984.622455
4985.622580
4986.622705
4987.622830
4988.622955
4989.623080
4990.623205
4991.623330
4992.623454
4993.623579
4994.623704
4995.623829
4996.623954
4997.624079
4998.624204
4999.624329
5000.624454
5001.624578
5002.624703
5003.624828
5004.624953
5005.625078
5006.625203
5007.625328
5008.625453
5009.625578
5010.625703
5011.625827
5012.625952
5013.626077
5014.626202
5015.626327
5016.626452
5017.626577
5018.626702
5019.626827
5020.626951
5021.627076
5022.627201
5023.627326
5024.627451
5025.627576
5026.627701
5027.627826
5028.627951
5029.628075
5030.628200
5031.628325
5032.628450
5033.628575
5034.628700
5035.628825
5036.628950
5037.629075
5038.629199
5039.629324
5040.629449
5041.629574
5042.629699
5043.629824
5044.629949
5045.630074
5046.630199
5047.630323
5048.630448
5049.630573
5050.630698
5051.630823
5052.630948
5053.631073
5054.631198
5055.631323
5056.631447
5057.631572
5058.631697
5059.631822
5060.631947
5061.632072
5062.632197
5063.632322
5064.632447
5065.632571
5066.632696
5067.632821
5068.632946
5069.633071
5070.633196
5071.633321
5072.633446
5073.633571
5074.633696
5075.633820
5076.633945
5077.634070
5078.634195
5079.634320
5080.634445
5081.634570
5082.634695
5083.634820
5084.634944
5085.635069
5086.635194
5087.635319
5088.635444
5089.635569
5090.635694
5091.635819
5092.635944
5093.636068
5094.636193
5095.636318
5096.636443
5097.636568
5098.636693
5099.636818
5100.636943
5101.637068
5102.637192
5103.637317
5104.637442
5105.637567
5106.637692
5107.637817
5108.637942
5109.638067
5110.638192
5111.638316
5112.638441
5113.638566
5114.638691
5115.638816
5116.638941
5117.639066
5118.639191
5119.639316
5120.639440
5121.639565
5122.639690
5123.639815
5124.639940
5125.640065
5126.640190
5127.640315
5128.640440
5129.640565
5130.640689
5131.640814
5132.640939
5133.641064
5134.641189
5135.641314
5136.641439
5137.641564
5138.641689
5139.641813
5140.641938
5141.642063
5142.642188
5143.642313
5144.642438
5145.642563
5146.642688
5147.642813
5148.642937
5149.643062
5150.643187
5151.643312
5152.643437
5153.643562
5154.643687
5155.643812
5156.643937
5157.644061
5158.644186
5159.644311
5160.644436
5161.644561
5162.644686
5163.644811
5164.644936
5165.645061
5166.645185
5167.645310
5168.645435
5169.645560
5170.645685
5171.645810
5172.645935
5173.646060
5174.646185
5175.646309
5176.646434
5177.646559
5178.646684
5179.646809
5180.646934
5181.647059
5182.647184
5183.647309
5184.647433
5185.647558
5186.647683
5187.647808
5188.647933
5189.648058
5190.648183
5191.648308
5192.648433
5193.648558
5194.648682
5195.648807
5196.648932
5197.649057
5198.649182
5199.649307
5200.649432
5201.649557
5202.649682
5203.649806
5204.649931
5205.650056
5206.650181
5207.650306
5208.650431
5209.650556
5210.650681
5211.650806
5212.650930
5213.651055
5214.651180
5215.651305
5216.651430
5217.651555
5218.651680
5219.651805
5220.651930
5221.652054
5222.652179
5223.652304
5224.652429
5225.652554
5226.652679
5227.652804
5228.652929
5229.653054
5230.653178
5231.653303
5232.653428
5233.653553
5234.653678
5235.653803
5236.653928
5237.654053
5238.654178
5239.654302
5240.654427
5241.654552
5242.654677
5243.654802
5244.654927
5245.655052
5246.655177
5247.655302
5248.655427
5249.655551
5250.655676
5251.655801
5252.655926
5253.656051
5254.656176
5255.656301
5256.656426
5257.656551
5258.656675
5259.656800
5260.656925
5261.657050
5262.657175
5263.657300
5264.657425
5265.657550
5266.657675
5267.657799
5268.657924
5269.658049
5270.658174
5271.658299
5272.658424
5273.658549
5274.658674
5275.658799
5276.658923
5277.659048
5278.659173
5279.659298
5280.659423
5281.659548
5282.659673
5283.659798
5284.659923
5285.660047
5286.660172
5287.660297
5288.660422
5289.660547
5290.660672
5291.660797
5292.660922
5293.661047
5294.661171
5295.661296
5296.661421
5297.661546
5298.661671
5299.661796
5300.661921
5301.662046
5302.662171
5303.662295
5304.662420
5305.662545
5306.662670
5307.662795
5308.662920
5309.663045
5310.663170
5311.663295
5312.663420
5313.663544
5314.663669
5315.663794
5316.663919
5317.664044
5318.664169
5319.664294
5320.664419
5321.664544
5322.664668
5323.664793
5324.664918
5325.665043
5326.665168
5327.665293
5328.665418
5329.665543
5330.665668
5331.665792
5332.665917
5333.666042
5334.666167
5335.666292
5336.666417
5337.666542
5338.666667
5339.666792
5340.666916
5341.667041
5342.667166
5343.667291
5344.667416
5345.667541
5346.667666
5347.667791
5348.667916
5349.668040
5350.668165
5351.668290
5352.668415
5353.668540
5354.668665
5355.668790
5356.668915
5357.669040
5358.669164
5359.669289
5360.669414
5361.669539
5362.669664
5363.669789
5364.669914
5365.670039
5366.670164
5367.670288
5368.670413
5369.670538
5370.670663
5371.670788
5372.670913
5373.671038
5374.671163
5375.671288
5376.671413
5377.671537
5378.671662
5379.671787
5380.671912
5381.672037
5382.672162
5383.672287
5384.672412
5385.672537
5386.672661
5387.672786
5388.672911
5389.673036
5390.673161
5391.673286
5392.673411
5393.673536
5394.673661
5395.673785
5396.673910
5397.674035
5398.674160
5399.674285
5400.674410
5401.674535
5402.674660
5403.674785
5404.674909
5405.675034
5406.675159
5407.675284
5408.675409
5409.675534
5410.675659
5411.675784
5412.675909
5413.676033
5414.676158
5415.676283
5416.676408
5417.676533
5418.676658
5419.676783
5420.676908
5421.677033
5422.677157
5423.677282
5424.677407
5425.677532
5426.677657
5427.677782
5428.677907
5429.678032
5430.678157
5431.678282
5432.678406
5433.678531
5434.678656
5435.678781
5436.678906
5437.679031
5438.679156
5439.679281
5440.679406
5441.679530
5442.679655
5443.679780
5444.679905
5445.680030
5446.680155
5447.680280
5448.680405
5449.680530
5450.680654
5451.680779
5452.680904
5453.681029
5454.681154
5455.681279
5456.681404
5457.681529
5458.681654
5459.681778
5460.681903
5461.682028
5462.682153
5463.682278
5464.682403
5465.682528
5466.682653
5467.682778
5468.682902
5469.683027
5470.683152
5471.683277
5472.683402
5473.683527
5474.683652
5475.683777
5476.683902
5477.684026
5478.684151
5479.684276
5480.684401
5481.684526
5482.684651
5483.684776
5484.684901
5485.685026
5486.685150
5487.685275
5488.685400
5489.685525
5490.685650
5491.685775
5492.685900
5493.686025
5494.686150
5495.686275
5496.686399
5497.686524
5498.686649
5499.686774
5500.686899
5501.687024
5502.687149
5503.687274
5504.687399
5505.687523
5506.687648
5507.687773
5508.687898
5509.688023
5510.688148
5511.688273
5512.688398
5513.688523
5514.688647
5515.688772
5516.688897
5517.689022
5518.689147
5519.689272
5520.689397
5521.689522
5522.689647
5523.689771
5524.689896
5525.690021
5526.690146
5527.690271
5528.690396
5529.690521
5530.690646
5531.690771
5532.690895
5533.691020
5534.691145
5535.691270
5536.691395
5537.691520
5538.691645
5539.691770
5540.691895
5541.692019
5542.692144
5543.692269
5544.692394
5545.692519
5546.692644
5547.692769
5548.692894
5549.693019
5550.693143
5551.693268
5552.693393
5553.693518
5554.693643
5555.693768
5556.693893
5557.694018
5558.694143
5559.694268
5560.694392
5561.694517
5562.694642
5563.694767
5564.694892
5565.695017
5566.695142
5567.695267
5568.695392
5569.695516
5570.695641
5571.695766
5572.695891
5573.696016
5574.696141
5575.696266
5576.696391
5577.696516
5578.696640
5579.696765
5580.696890
5581.697015
5582.697140
5583.697265
5584.697390
5585.697515
5586.697640
5587.697764
5588.697889
5589.698014
5590.698139
5591.698264
5592.698389
5593.698514
5594.698639
5595.698764
5596.698888
5597.699013
5598.699138
5599.699263
5600.699388
5601.699513
5602.699638
5603.699763
5604.699888
5605.700012
5606.700137
5607.700262
5608.700387
5609.700512
5610.700637
5611.700762
5612.700887
5613.701012
5614.701137
5615.701261
5616.701386
5617.701511
5618.701636
5619.701761
5620.701886
5621.702011
5622.702136
5623.702261
5624.702385
5625.702510
5626.702635
5627.702760
5628.702885
5629.703010
5630.703135
5631.703260
5632.703385
5633.703509
5634.703634
5635.703759
5636.703884
5637.704009
5638.704134
5639.704259
5640.704384
5641.704509
5642.704633
5643.704758
5644.704883
5645.705008
5646.705133
5647.705258
5648.705383
5649.705508
5650.705633
5651.705757
5652.705882
5653.706007
5654.706132
5655.706257
5656.706382
5657.706507
5658.706632
5659.706757
5660.706881
5661.707006
5662.707131
5663.707256
5664.707381
5665.707506
5666.707631
5667.707756
5668.707881
5669.708005
5670.708130
5671.708255
5672.708380
5673.708505
5674.708630
5675.708755
5676.708880
5677.709005
5678.709130
5679.709254
5680.709379
5681.709504
5682.709629
5683.709754
5684.709879
5685.710004
5686.710129
5687.710254
5688.710378
5689.710503
5690.710628
5691.710753
5692.710878
5693.711003
5694.711128
5695.711253
5696.711378
5697.711502
5698.711627
5699.711752
5700.711877
5701.712002
5702.712127
5703.712252
5704.712377
5705.712502
5706.712626
5707.712751
5708.712876
5709.713001
5710.713126
5711.713251
5712.713376
5713.713501
5714.713626
5715.713750
5716.713875
5717.714000
5718.714125
5719.714250
5720.714375
5721.714500
5722.714625
5723.714750
5724.714874
5725.714999
5726.715124
5727.715249
5728.715374
5729.715499
5730.715624
5731.715749
5732.715874
5733.715999
5734.716123
5735.716248
5736.716373
5737.716498
5738.716623
5739.716748
5740.716873
5741.716998
5742.717123
5743.717247
5744.717372
5745.717497
5746.717622
5747.717747
5748.717872
5749.717997
5750.718122
5751.718247
5752.718371
5753.718496
5754.718621
5755.718746
5756.718871
5757.718996
5758.719121
5759.719246
5760.719371
5761.719495
5762.719620
5763.719745
5764.719870
5765.719995
5766.720120
5767.720245
5768.720370
5769.720495
5770.720619
5771.720744
5772.720869
5773.720994
5774.721119
5775.721244
5776.721369
5777.721494
5778.721619
5779.721743
5780.721868
5781.721993
5782.722118
5783.722243
5784.722368
5785.722493
5786.722618
5787.722743
5788.722867
5789.722992
5790.723117
5791.723242
5792.723367
5793.723492
5794.723617
5795.723742
5796.723867
5797.723992
5798.724116
5799.724241
5800.724366
5801.724491
5802.724616
5803.724741
5804.724866
5805.724991
5806.725116
5807.725240
5808.725365
5809.725490
5810.725615
5811.725740
5812.725865
5813.725990
5814.726115
5815.726240
5816.726364
5817.726489
5818.726614
5819.726739
5820.726864
5821.726989
5822.727114
5823.727239
5824.727364
5825.727488
5826.727613
5827.727738
5828.727863
5829.727988
5830.728113
5831.728238
5832.728363
5833.728488
5834.728612
5835.728737
5836.728862
5837.728987
5838.729112
5839.729237
5840.729362
5841.729487
5842.729612
5843.729736
5844.729861
5845.729986
5846.730111
5847.730236
5848.730361
5849.730486
5850.730611
5851.730736
5852.730860
5853.730985
5854.731110
5855.731235
5856.731360
5857.731485
5858.731610
5859.731735
5860.731860
5861.731985
5862.732109
5863.732234
5864.732359
5865.732484
5866.732609
5867.732734
5868.732859
5869.732984
5870.733109
5871.733233
5872.733358
5873.733483
5874.733608
5875.733733
5876.733858
5877.733983
5878.734108
5879.734233
5880.734357
5881.734482
5882.734607
5883.734732
5884.734857
5885.734982
5886.735107
5887.735232
5888.735357
5889.735481
5890.735606
5891.735731
5892.735856
5893.735981
5894.736106
5895.736231
5896.736356
5897.736481
5898.736605
5899.736730
5900.736855
5901.736980
5902.737105
5903.737230
5904.737355
5905.737480
5906.737605
5907.737729
5908.737854
5909.737979
5910.738104
5911.738229
5912.738354
5913.738479
5914.738604
5915.738729
5916.738854
5917.738978
5918.739103
5919.739228
5920.739353
5921.739478
5922.739603
5923.739728
5924.739853
5925.739978
5926.740102
5927.740227
5928.740352
5929.740477
5930.740602
5931.740727
5932.740852
5933.740977
5934.741102
5935.741226
5936.741351
5937.741476
5938.741601
5939.741726
5940.741851
5941.741976
5942.742101
5943.742226
5944.742350
5945.742475
5946.742600
5947.742725
5948.742850
5949.742975
5950.743100
5951.743225
5952.743350
5953.743474
5954.743599
5955.743724
5956.743849
5957.743974
5958.744099
5959.744224
5960.744349
5961.744474
5962.744598
5963.744723
5964.744848
5965.744973
5966.745098
5967.745223
5968.745348
5969.745473
5970.745598
5971.745722
5972.745847
5973.745972
5974.746097
5975.746222
5976.746347
5977.746472
5978.746597
5979.746722
5980.746847
5981.746971
5982.747096
5983.747221
5984.747346
5985.747471
5986.747596
5987.747721
5988.747846
5989.747971
5990.748095
5991.748220
5992.748345
5993.748470
5994.748595
5995.748720
5996.748845
5997.748970
5998.749095
5999.749219
6000.749344
6001.749469
6002.749594
6003.749719
6004.749844
6005.749969
6006.750094
6007.750219
6008.750343
6009.750468
6010.750593
6011.750718
6012.750843
6013.750968
6014.751093
6015.751218
6016.751343
6017.751467
6018.751592
6019.751717
6020.751842
6021.751967
6022.752092
6023.752217
6024.752342
6025.752467
6026.752591
6027.752716
6028.752841
6029.752966
6030.753091
6031.753216
6032.753341
6033.753466
6034.753591
6035.753715
6036.753840
6037.753965
6038.754090
6039.754215
6040.754340
6041.754465
6042.754590
6043.754715
6044.754840
6045.754964
6046.755089
6047.755214
6048.755339
6049.755464
6050.755589
6051.755714
6052.755839
6053.755964
6054.756088
6055.756213
6056.756338
6057.756463
6058.756588
6059.756713
6060.756838
6061.756963
6062.757088
6063.757212
6064.757337
6065.757462
6066.757587
6067.757712
6068.757837
6069.757962
6070.758087
6071.758212
6072.758336
6073.758461
6074.758586
6075.758711
6076.758836
6077.758961
6078.759086
6079.759211
6080.759336
6081.759460
6082.759585
6083.759710
6084.759835
6085.759960
6086.760085
6087.760210
6088.760335
6089.760460
6090.760584
6091.760709
6092.760834
6093.760959
6094.761084
6095.761209
6096.761334
6097.761459
6098.761584
6099.761709
6100.761833
6101.761958
6102.762083
6103.762208
6104.762333
6105.762458
6106.762583
6107.762708
6108.762833
6109.762957
6110.763082
6111.763207
6112.763332
6113.763457
6114.763582
6115.763707
6116.763832
6117.763957
6118.764081
6119.764206
6120.764331
6121.764456
6122.764581
6123.764706
6124.764831
6125.764956
6126.765081
6127.765205
6128.765330
6129.765455
6130.765580
6131.765705
6132.765830
6133.765955
6134.766080
6135.766205
6136.766329
6137.766454
6138.766579
6139.766704
6140.766829
6141.766954
6142.767079
6143.767204
6144.767329
6145.767453
6146.767578
6147.767703
6148.767828
6149.767953
6150.768078
6151.768203
6152.768328
6153.768453
6154.768577
6155.768702
6156.768827
6157.768952
6158.769077
6159.769202
6160.769327
6161.769452
6162.769577
6163.769702
6164.769826
6165.769951
6166.770076
6167.770201
6168.770326
6169.770451
6170.770576
6171.770701
6172.770826
6173.770950
6174.771075
6175.771200
6176.771325
6177.771450
6178.771575
6179.771700
6180.771825
6181.771950
6182.772074
6183.772199
6184.772324
6185.772449
6186.772574
6187.772699
6188.772824
6189.772949
6190.773074
6191.773198
6192.773323
6193.773448
6194.773573
6195.773698
6196.773823
6197.773948
6198.774073
6199.774198
6200.774322
6201.774447
6202.774572
6203.774697
6204.774822
6205.774947
6206.775072
6207.775197
6208.775322
6209.775446
6210.775571
6211.775696
6212.775821
6213.775946
6214.776071
6215.776196
6216.776321
6217.776446
6218.776571
6219.776695
6220.776820
6221.776945
6222.777070
6223.777195
6224.777320
6225.777445
6226.777570
6227.777695
6228.777819
6229.777944
6230.778069
6231.778194
6232.778319
6233.778444
6234.778569
6235.778694
6236.778819
6237.778943
6238.779068
6239.779193
6240.779318
6241.779443
6242.779568
6243.779693
6244.779818
6245.779943
6246.780067
6247.780192
6248.780317
6249.780442
6250.780567
6251.780692
6252.780817
6253.780942
6254.781067
6255.781191
6256.781316
6257.781441
6258.781566
6259.781691
6260.781816
6261.781941
6262.782066
6263.782191
6264.782315
6265.782440
6266.782565
6267.782690
6268.782815
6269.782940
6270.783065
6271.783190
6272.783315
6273.783439
6274.783564
6275.783689
6276.783814
6277.783939
6278.784064
6279.784189
6280.784314
6281.784439
6282.784564
6283.784688
6284.784813
6285.784938
6286.785063
6287.785188
6288.785313
6289.785438
6290.785563
6291.785688
6292.785812
6293.785937
6294.786062
6295.786187
6296.786312
6297.786437
6298.786562
6299.786687
6300.786812
6301.786936
6302.787061
6303.787186
6304.787311
6305.787436
6306.787561
6307.787686
6308.787811
6309.787936
6310.788060
6311.788185
6312.788310
6313.788435
6314.788560
6315.788685
6316.788810
6317.788935
6318.789060
6319.789184
6320.789309
6321.789434
6322.789559
6323.789684
6324.789809
6325.789934
6326.790059
6327.790184
6328.790308
6329.790433
6330.790558
6331.790683
6332.790808
6333.790933
6334.791058
6335.791183
6336.791308
6337.791432
6338.791557
6339.791682
6340.791807
6341.791932
6342.792057
6343.792182
6344.792307
6345.792432
6346.792557
6347.792681
6348.792806
6349.792931
6350.793056
6351.793181
6352.793306
6353.793431
6354.793556
6355.793681
6356.793805
6357.793930
6358.794055
6359.794180
6360.794305
6361.794430
6362.794555
6363.794680
6364.794805
6365.794929
6366.795054
6367.795179
6368.795304
6369.795429
6370.795554
6371.795679
6372.795804
6373.795929
6374.796053
6375.796178
6376.796303
6377.796428
6378.796553
6379.796678
6380.796803
6381.796928
6382.797053
6383.797177
6384.797302
6385.797427
6386.797552
6387.797677
6388.797802
6389.797927
6390.798052
6391.798177
6392.798301
6393.798426
6394.798551
6395.798676
6396.798801
6397.798926
6398.799051
6399.799176
6400.799301
6401.799426
6402.799550
6403.799675
6404.799800
6405.799925
6406.800050
6407.800175
6408.800300
6409.800425
6410.800550
6411.800674
6412.800799
6413.800924
6414.801049
6415.801174
6416.801299
6417.801424
6418.801549
6419.801674
6420.801798
6421.801923
6422.802048
6423.802173
6424.802298
6425.802423
6426.802548
6427.802673
6428.802798
6429.802922
6430.803047
6431.803172
6432.803297
6433.803422
6434.803547
6435.803672
6436.803797
6437.803922
6438.804046
6439.804171
6440.804296
6441.804421
6442.804546
6443.804671
6444.804796
6445.804921
6446.805046
6447.805170
6448.805295
6449.805420
6450.805545
6451.805670
6452.805795
6453.805920
6454.806045
6455.806170
6456.806294
6457.806419
6458.806544
6459.806669
6460.806794
6461.806919
6462.807044
6463.807169
6464.807294
6465.807419
6466.807543
6467.807668
6468.807793
6469.807918
6470.808043
6471.808168
6472.808293
6473.808418
6474.808543
6475.808667
6476.808792
6477.808917
6478.809042
6479.809167
6480.809292
6481.809417
6482.809542
6483.809667
6484.809791
6485.809916
6486.810041
6487.810166
6488.810291
6489.810416
6490.810541
6491.810666
6492.810791
6493.810915
6494.811040
6495.811165
6496.811290
6497.811415
6498.811540
6499.811665
6500.811790
6501.811915
6502.812039
6503.812164
6504.812289
6505.812414
6506.812539
6507.812664
6508.812789
6509.812914
6510.813039
6511.813163
6512.813288
6513.813413
6514.813538
6515.813663
6516.813788
6517.813913
6518.814038
6519.814163
6520.814287
6521.814412
6522.814537
6523.814662
6524.814787
6525.814912
6526.815037
6527.815162
6528.815287
6529.815412
6530.815536
6531.815661
6532.815786
6533.815911
6534.816036
6535.816161
6536.816286
6537.816411
6538.816536
6539.816660
6540.816785
6541.816910
6542.817035
6543.817160
6544.817285
6545.817410
6546.817535
6547.817660
6548.817784
6549.817909
6550.818034
6551.818159
6552.818284
6553.818409
6554.818534
6555.818659
6556.818784
6557.818908
6558.819033
6559.819158
6560.819283
6561.819408
6562.819533
6563.819658
6564.819783
6565.819908
6566.820032
6567.820157
6568.820282
6569.820407
6570.820532
6571.820657
6572.820782
6573.820907
6574.821032
6575.821156
6576.821281
6577.821406
6578.821531
6579.821656
6580.821781
6581.821906
6582.822031
6583.822156
6584.822281
6585.822405
6586.822530
6587.822655
6588.822780
6589.822905
6590.823030
6591.823155
6592.823280
6593.823405
6594.823529
6595.823654
6596.823779
6597.823904
6598.824029
6599.824154
6600.824279
6601.824404
6602.824529
6603.824653
6604.824778
6605.824903
6606.825028
6607.825153
6608.825278
6609.825403
6610.825528
6611.825653
6612.825777
6613.825902
6614.826027
6615.826152
6616.826277
6617.826402
6618.826527
6619.826652
6620.826777
6621.826901
6622.827026
6623.827151
6624.827276
6625.827401
6626.827526
6627.827651
6628.827776
6629.827901
6630.828025
6631.828150
6632.828275
6633.828400
6634.828525
6635.828650
6636.828775
6637.828900
6638.829025
6639.829149
6640.829274
6641.829399
6642.829524
6643.829649
6644.829774
6645.829899
6646.830024
6647.830149
6648.830274
6649.830398
6650.830523
6651.830648
6652.830773
6653.830898
6654.831023
6655.831148
6656.831273
6657.831398
6658.831522
6659.831647
6660.831772
6661.831897
6662.832022
6663.832147
6664.832272
6665.832397
6666.832522
6667.832646
6668.832771
6669.832896
6670.833021
6671.833146
6672.833271
6673.833396
6674.833521
6675.833646
6676.833770
6677.833895
6678.834020
6679.834145
6680.834270
6681.834395
6682.834520
6683.834645
6684.834770
6685.834894
6686.835019
6687.835144
6688.835269
6689.835394
6690.835519
6691.835644
6692.835769
6693.835894
6694.836018
6695.836143
6696.836268
6697.836393
6698.836518
6699.836643
6700.836768
6701.836893
6702.837018
6703.837143
6704.837267
6705.837392
6706.837517
6707.837642
6708.837767
6709.837892
6710.838017
6711.838142
6712.838267
6713.838391
6714.838516
6715.838641
6716.838766
6717.838891
6718.839016
6719.839141
6720.839266
6721.839391
6722.839515
6723.839640
6724.839765
6725.839890
6726.840015
6727.840140
6728.840265
6729.840390
6730.840515
6731.840639
6732.840764
6733.840889
6734.841014
6735.841139
6736.841264
6737.841389
6738.841514
6739.841639
6740.841763
6741.841888
6742.842013
6743.842138
6744.842263
6745.842388
6746.842513
6747.842638
6748.842763
6749.842887
6750.843012
6751.843137
6752.843262
6753.843387
6754.843512
6755.843637
6756.843762
6757.843887
6758.844011
6759.844136
6760.844261
6761.844386
6762.844511
6763.844636
6764.844761
6765.844886
6766.845011
6767.845136
6768.845260
6769.845385
6770.845510
6771.845635
6772.845760
6773.845885
6774.846010
6775.846135
6776.846260
6777.846384
6778.846509
6779.846634
6780.846759
6781.846884
6782.847009
6783.847134
6784.847259
6785.847384
6786.847508
6787.847633
6788.847758
6789.847883
6790.848008
6791.848133
6792.848258
6793.848383
6794.848508
6795.848632
6796.848757
6797.848882
6798.849007
6799.849132
6800.849257
6801.849382
6802.849507
6803.849632
6804.849756
6805.849881
6806.850006
6807.850131
6808.850256
6809.850381
6810.850506
6811.850631
6812.850756
6813.850880
6814.851005
6815.851130
6816.851255
6817.851380
6818.851505
6819.851630
6820.851755
6821.851880
6822.852004
6823.852129
6824.852254
6825.852379
6826.852504
6827.852629
6828.852754
6829.852879
6830.853004
6831.853129
6832.853253
6833.853378
6834.853503
6835.853628
6836.853753
6837.853878
6838.854003
6839.854128
6840.854253
6841.854377
6842.854502
6843.854627
6844.854752
6845.854877
6846.855002
6847.855127
6848.855252
6849.855377
6850.855501
6851.855626
6852.855751
6853.855876
6854.856001
6855.856126
6856.856251
6857.856376
6858.856501
6859.856625
6860.856750
6861.856875
6862.857000
6863.857125
6864.857250
6865.857375
6866.857500
6867.857625
6868.857749
6869.857874
6870.857999
6871.858124
6872.858249
6873.858374
6874.858499
6875.858624
6876.858749
6877.858873
6878.858998
6879.859123
6880.859248
6881.859373
6882.859498
6883.859623
6884.859748
6885.859873
6886.859998
6887.860122
6888.860247
6889.860372
6890.860497
6891.860622
6892.860747
6893.860872
6894.860997
6895.861122
6896.861246
6897.861371
6898.861496
6899.861621
6900.861746
6901.861871
6902.861996
6903.862121
6904.862246
6905.862370
6906.862495
6907.862620
6908.862745
6909.862870
6910.862995
6911.863120
6912.863245
6913.863370
6914.863494
6915.863619
6916.863744
6917.863869
6918.863994
6919.864119
6920.864244
6921.864369
6922.864494
6923.864618
6924.864743
6925.864868
6926.864993
6927.865118
6928.865243
6929.865368
6930.865493
6931.865618
6932.865742
6933.865867
6934.865992
6935.866117
6936.866242
6937.866367
6938.866492
6939.866617
6940.866742
6941.866866
6942.866991
6943.867116
6944.867241
6945.867366
6946.867491
6947.867616
6948.867741
6949.867866
6950.867991
6951.868115
6952.868240
6953.868365
6954.868490
6955.868615
6956.868740
6957.868865
6958.868990
6959.869115
6960.869239
6961.869364
6962.869489
6963.869614
6964.869739
6965.869864
6966.869989
6967.870114
6968.870239
6969.870363
6970.870488
6971.870613
6972.870738
6973.870863
6974.870988
6975.871113
6976.871238
6977.871363
6978.871487
6979.871612
6980.871737
6981.871862
6982.871987
6983.872112
6984.872237
6985.872362
6986.872487
6987.872611
6988.872736
6989.872861
6990.872986
6991.873111
6992.873236
6993.873361
6994.873486
6995.873611
6996.873735
6997.873860
6998.873985
6999.874110
7000.874235
7001.874360
7002.874485
7003.874610
7004.874735
7005.874859
7006.874984
7007.875109
7008.875234
7009.875359
7010.875484
7011.875609
7012.875734
7013.875859
7014.875984
7015.876108
7016.876233
7017.876358
7018.876483
7019.876608
7020.876733
7021.876858
7022.876983
7023.877108
7024.877232
7025.877357
7026.877482
7027.877607
7028.877732
7029.877857
7030.877982
7031.878107
7032.878232
7033.878356
7034.878481
7035.878606
7036.878731
7037.878856
7038.878981
7039.879106
7040.879231
7041.879356
7042.879480
7043.879605
7044.879730
7045.879855
7046.879980
7047.880105
7048.880230
7049.880355
7050.880480
7051.880604
7052.880729
7053.880854
7054.880979
7055.881104
7056.881229
7057.881354
7058.881479
7059.881604
7060.881728
7061.881853
7062.881978
7063.882103
7064.882228
7065.882353
7066.882478
7067.882603
7068.882728
7069.882853
7070.882977
7071.883102
7072.883227
7073.883352
7074.883477
7075.883602
7076.883727
7077.883852
7078.883977
7079.884101
7080.884226
7081.884351
7082.884476
7083.884601
7084.884726
7085.884851
7086.884976
7087.885101
7088.885225
7089.885350
7090.885475
7091.885600
7092.885725
7093.885850
7094.885975
7095.886100
7096.886225
7097.886349
7098.886474
7099.886599
7100.886724
7101.886849
7102.886974
7103.887099
7104.887224
7105.887349
7106.887473
7107.887598
7108.887723
7109.887848
7110.887973
7111.888098
7112.888223
7113.888348
7114.888473
7115.888597
7116.888722
7117.888847
7118.888972
7119.889097
7120.889222
7121.889347
7122.889472
7123.889597
7124.889721
7125.889846
7126.889971
7127.890096
7128.890221
7129.890346
7130.890471
7131.890596
7132.890721
7133.890846
7134.890970
7135.891095
7136.891220
7137.891345
7138.891470
7139.891595
7140.891720
7141.891845
7142.891970
7143.892094
7144.892219
7145.892344
7146.892469
7147.892594
7148.892719
7149.892844
7150.892969
7151.893094
7152.893218
7153.893343
7154.893468
7155.893593
7156.893718
7157.893843
7158.893968
7159.894093
7160.894218
7161.894342
7162.894467
7163.894592
7164.894717
7165.894842
7166.894967
7167.895092
7168.895217
7169.895342
7170.895466
7171.895591
7172.895716
7173.895841
7174.895966
7175.896091
7176.896216
7177.896341
7178.896466
7179.896590
7180.896715
7181.896840
7182.896965
7183.897090
7184.897215
7185.897340
7186.897465
7187.897590
7188.897714
7189.897839
7190.897964
7191.898089
7192.898214
7193.898339
7194.898464
7195.898589
7196.898714
7197.898839
7198.898963
7199.899088
7200.899213
7201.899338
7202.899463
7203.899588
7204.899713
7205.899838
7206.899963
7207.900087
7208.900212
7209.900337
7210.900462
7211.900587
7212.900712
7213.900837
7214.900962
7215.901087
7216.901211
7217.901336
7218.901461
7219.901586
7220.901711
7221.901836
7222.901961
7223.902086
7224.902211
7225.902335
7226.902460
7227.902585
7228.902710
7229.902835
7230.902960
7231.903085
7232.903210
7233.903335
7234.903459
7235.903584
7236.903709
7237.903834
7238.903959
7239.904084
7240.904209
7241.904334
7242.904459
7243.904583
7244.904708
7245.904833
7246.904958
7247.905083
7248.905208
7249.905333
7250.905458
7251.905583
7252.905708
7253.905832
7254.905957
7255.906082
7256.906207
7257.906332
7258.906457
7259.906582
7260.906707
7261.906832
7262.906956
7263.907081
7264.907206
7265.907331
7266.907456
7267.907581
7268.907706
7269.907831
7270.907956
7271.908080
7272.908205
7273.908330
7274.908455
7275.908580
7276.908705
7277.908830
7278.908955
7279.909080
7280.909204
7281.909329
7282.909454
7283.909579
7284.909704
7285.909829
7286.909954
7287.910079
7288.910204
7289.910328
7290.910453
7291.910578
7292.910703
7293.910828
7294.910953
7295.911078
7296.911203
7297.911328
7298.911452
7299.911577
7300.911702
7301.911827
7302.911952
7303.912077
7304.912202
7305.912327
7306.912452
7307.912576
7308.912701
7309.912826
7310.912951
7311.913076
7312.913201
7313.913326
7314.913451
7315.913576
7316.913701
7317.913825
7318.913950
7319.914075
7320.914200
7321.914325
7322.914450
7323.914575
7324.914700
7325.914825
7326.914949
7327.915074
7328.915199
7329.915324
7330.915449
7331.915574
7332.915699
7333.915824
7334.915949
7335.916073
7336.916198
7337.916323
7338.916448
7339.916573
7340.916698
7341.916823
7342.916948
7343.917073
7344.917197
7345.917322
7346.917447
7347.917572
7348.917697
7349.917822
7350.917947
7351.918072
7352.918197
7353.918321
7354.918446
7355.918571
7356.918696
7357.918821
7358.918946
7359.919071
7360.919196
7361.919321
7362.919445
7363.919570
7364.919695
7365.919820
7366.919945
7367.920070
7368.920195
7369.920320
7370.920445
7371.920570
7372.920694
7373.920819
7374.920944
7375.921069
7376.921194
7377.921319
7378.921444
7379.921569
7380.921694
7381.921818
7382.921943
7383.922068
7384.922193
7385.922318
7386.922443
7387.922568
7388.922693
7389.922818
7390.922942
7391.923067
7392.923192
7393.923317
7394.923442
7395.923567
7396.923692
7397.923817
7398.923942
7399.924066
7400.924191
7401.924316
7402.924441
7403.924566
7404.924691
7405.924816
7406.924941
7407.925066
7408.925190
7409.925315
7410.925440
7411.925565
7412.925690
7413.925815
7414.925940
7415.926065
7416.926190
7417.926314
7418.926439
7419.926564
7420.926689
7421.926814
7422.926939
7423.927064
7424.927189
7425.927314
7426.927438
7427.927563
7428.927688
7429.927813
7430.927938
7431.928063
7432.928188
7433.928313
7434.928438
7435.928563
7436.928687
7437.928812
7438.928937
7439.929062
7440.929187
7441.929312
7442.929437
7443.929562
7444.929687
7445.929811
7446.929936
7447.930061
7448.930186
7449.930311
7450.930436
7451.930561
7452.930686
7453.930811
7454.930935
7455.931060
7456.931185
7457.931310
7458.931435
7459.931560
7460.931685
7461.931810
7462.931935
7463.932059
7464.932184
7465.932309
7466.932434
7467.932559
7468.932684
7469.932809
7470.932934
7471.933059
7472.933183
7473.933308
7474.933433
7475.933558
7476.933683
7477.933808
7478.933933
7479.934058
7480.934183
7481.934307
7482.934432
7483.934557
7484.934682
7485.934807
7486.934932
7487.935057
7488.935182
7489.935307
7490.935431
7491.935556
7492.935681
7493.935806
7494.935931
7495.936056
7496.936181
7497.936306
7498.936431
7499.936556
7500.936680
7501.936805
7502.936930
7503.937055
7504.937180
7505.937305
7506.937430
7507.937555
7508.937680
7509.937804
7510.937929
7511.938054
7512.938179
7513.938304
7514.938429
7515.938554
7516.938679
7517.938804
7518.938928
7519.939053
7520.939178
7521.939303
7522.939428
7523.939553
7524.939678
7525.939803
7526.939928
7527.940052
7528.940177
7529.940302
7530.940427
7531.940552
7532.940677
7533.940802
7534.940927
7535.941052
7536.941176
7537.941301
7538.941426
7539.941551
7540.941676
7541.941801
7542.941926
7543.942051
7544.942176
7545.942300
7546.942425
7547.942550
7548.942675
7549.942800
7550.942925
7551.943050
7552.943175
7553.943300
7554.943425
7555.943549
7556.943674
7557.943799
7558.943924
7559.944049
7560.944174
7561.944299
7562.944424
7563.944549
7564.944673
7565.944798
7566.944923
7567.945048
7568.945173
7569.945298
7570.945423
7571.945548
7572.945673
7573.945797
7574.945922
7575.946047
7576.946172
7577.946297
7578.946422
7579.946547
7580.946672
7581.946797
7582.946921
7583.947046
7584.947171
7585.947296
7586.947421
7587.947546
7588.947671
7589.947796
7590.947921
7591.948045
7592.948170
7593.948295
7594.948420
7595.948545
7596.948670
7597.948795
7598.948920
7599.949045
7600.949169
7601.949294
7602.949419
7603.949544
7604.949669
7605.949794
7606.949919
7607.950044
7608.950169
7609.950293
7610.950418
7611.950543
7612.950668
7613.950793
7614.950918
7615.951043
7616.951168
7617.951293
7618.951418
7619.951542
7620.951667
7621.951792
7622.951917
7623.952042
7624.952167
7625.952292
7626.952417
7627.952542
7628.952666
7629.952791
7630.952916
7631.953041
7632.953166
7633.953291
7634.953416
7635.953541
7636.953666
7637.953790
7638.953915
7639.954040
7640.954165
7641.954290
7642.954415
7643.954540
7644.954665
7645.954790
7646.954914
7647.955039
7648.955164
7649.955289
7650.955414
7651.955539
7652.955664
7653.955789
7654.955914
7655.956038
7656.956163
7657.956288
7658.956413
7659.956538
7660.956663
7661.956788
7662.956913
7663.957038
7664.957162
7665.957287
7666.957412
7667.957537
7668.957662
7669.957787
7670.957912
7671.958037
7672.958162
7673.958286
7674.958411
7675.958536
7676.958661
7677.958786
7678.958911
7679.959036
7680.959161
7681.959286
7682.959411
7683.959535
7684.959660
7685.959785
7686.959910
7687.960035
7688.960160
7689.960285
7690.960410
7691.960535
7692.960659
7693.960784
7694.960909
7695.961034
7696.961159
7697.961284
7698.961409
7699.961534
7700.961659
7701.961783
7702.961908
7703.962033
7704.962158
7705.962283
7706.962408
7707.962533
7708.962658
7709.962783
7710.962907
7711.963032
7712.963157
7713.963282
7714.963407
7715.963532
7716.963657
7717.963782
7718.963907
7719.964031
7720.964156
7721.964281
7722.964406
7723.964531
7724.964656
7725.964781
7726.964906
7727.965031
7728.965155
7729.965280
7730.965405
7731.965530
7732.965655
7733.965780
7734.965905
7735.966030
7736.966155
7737.966280
7738.966404
7739.966529
7740.966654
7741.966779
7742.966904
7743.967029
7744.967154
7745.967279
7746.967404
7747.967528
7748.967653
7749.967778
7750.967903
7751.968028
7752.968153
7753.968278
7754.968403
7755.968528
7756.968652
7757.968777
7758.968902
7759.969027
7760.969152
7761.969277
7762.969402
7763.969527
7764.969652
7765.969776
7766.969901
7767.970026
7768.970151
7769.970276
7770.970401
7771.970526
7772.970651
7773.970776
7774.970900
7775.971025
7776.971150
7777.971275
7778.971400
7779.971525
7780.971650
7781.971775
7782.971900
7783.972024
7784.972149
7785.972274
7786.972399
7787.972524
7788.972649
7789.972774
7790.972899
7791.973024
7792.973148
7793.973273
7794.973398
7795.973523
7796.973648
7797.973773
7798.973898
7799.974023
7800.974148
7801.974273
7802.974397
7803.974522
7804.974647
7805.974772
7806.974897
7807.975022
7808.975147
7809.975272
7810.975397
7811.975521
7812.975646
7813.975771
7814.975896
7815.976021
7816.976146
7817.976271
7818.976396
7819.976521
7820.976645
7821.976770
7822.976895
7823.977020
7824.977145
7825.977270
7826.977395
7827.977520
7828.977645
7829.977769
7830.977894
7831.978019
7832.978144
7833.978269
7834.978394
7835.978519
7836.978644
7837.978769
7838.978893
7839.979018
7840.979143
7841.979268
7842.979393
7843.979518
7844.979643
7845.979768
7846.979893
7847.980017
7848.980142
7849.980267
7850.980392
7851.980517
7852.980642
7853.980767
7854.980892
7855.981017
7856.981142
7857.981266
7858.981391
7859.981516
7860.981641
7861.981766
7862.981891
7863.982016
7864.982141
7865.982266
7866.982390
7867.982515
7868.982640
7869.982765
7870.982890
7871.983015
7872.983140
7873.983265
7874.983390
7875.983514
7876.983639
7877.983764
7878.983889
7879.984014
7880.984139
7881.984264
7882.984389
7883.984514
7884.984638
7885.984763
7886.984888
7887.985013
7888.985138
7889.985263
7890.985388
7891.985513
7892.985638
7893.985762
7894.985887
7895.986012
7896.986137
7897.986262
7898.986387
7899.986512
7900.986637
7901.986762
7902.986886
7903.987011
7904.987136
7905.987261
7906.987386
7907.987511
7908.987636
7909.987761
7910.987886
7911.988010
7912.988135
7913.988260
7914.988385
7915.988510
7916.988635
7917.988760
7918.988885
7919.989010
7920.989135
7921.989259
7922.989384
7923.989509
7924.989634
7925.989759
7926.989884
7927.990009
7928.990134
7929.990259
7930.990383
7931.990508
7932.990633
7933.990758
7934.990883
7935.991008
7936.991133
7937.991258
7938.991383
7939.991507
7940.991632
7941.991757
7942.991882
7943.992007
7944.992132
7945.992257
7946.992382
7947.992507
7948.992631
7949.992756
7950.992881
7951.993006
7952.993131
7953.993256
7954.993381
7955.993506
7956.993631
7957.993755
7958.993880
7959.994005
7960.994130
7961.994255
7962.994380
7963.994505
7964.994630
7965.994755
7966.994879
7967.995004
7968.995129
7969.995254
7970.995379
7971.995504
7972.995629
7973.995754
7974.995879
7975.996003
7976.996128
7977.996253
7978.996378
7979.996503
7980.996628
7981.996753
7982.996878
7983.997003
7984.997128
7985.997252
7986.997377
7987.997502
7988.997627
7989.997752
7990.997877
7991.998002
7992.998127
7993.998252
7994.998376
7995.998501
7996.998626
7997.998751
7998.998876
7999.999001
8000.999126
8001.999251
8002.999376
8003.999500
8004.999625
8005.999750
8006.999875
8008.000000
