IEC 61083-2 TDG Version 2.1.0
Data File Version  2.1.0
01 LI-A1
16 bits, 10000 samples at 10ns, 5 percent noise
1.000000e-008
-82569
-95634
-7253
-36872
-29946
-13393
-39377
-74759
-63183
-71075
2423
-78508
-23086
1997
-86302
-54948
-31027
-32680
-62201
-53556
-6123
-16700
-98696
-62119
-52033
-86203
-53278
-1195
-36119
-16504
-95159
1179
-100808
-99809
-82028
-85860
-47121
1359
-97599
-42275
-19255
-36855
-29570
-6566
-24789
-28473
-94374
-92163
-52442
-93670
-79376
-38444
-58042
-86400
-56765
-63445
-75823
-82323
-91295
-37134
-34661
-97615
-42750
-27621
-79163
-34727
-98909
-65754
-9611
-79098
-33712
-80620
-60711
-26950
-67080
-33286
-73122
-34088
-87579
-77919
-12493
-23217
-573
-25034
-32828
-65017
3537
-58812
-100219
-89069
2669
-74300
-55046
-32959
-67211
-35709
-9251
-72729
-26950
-67244
-36413
-21809
-82536
-95078
2669
-74120
-51919
-84271
-18731
-27687
-80424
-57240
-71992
-13966
-49561
-42193
-17617
-7548
-42406
-21498
-77117
1703
-91410
-39180
-71304
-1457
-40801
-100219
-89134
1605
-93146
-70060
-86695
-62135
-52410
-93015
-67866
-47449
-4437
-93866
-82945
-102282
-18714
-27163
-70993
-103379
-38427
-57829
-82732
-98647
-61120
-34269
-90559
-23970
-13868
-47924
-12885
-30454
-22496
-94767
-99154
-70207
-89134
1736
-91033
-32402
-57223
-71910
-12411
-21841
-83273
-851
-29979
-13950
-49299
-37478
-40687
-98074
-50936
-66802
-28342
-92016
-49774
-46057
-86646
-61317
-37740
-45517
-77084
2440
-78328
-19942
-49315
-37821
-46941
-102724
-26639
-61628
-43274
-37101
-34072
-87137
-70076
-86875
-65279
-1097
-34187
-89282
-966
-31878
-47956
-13393
-39344
-74218
-53785
-10446
-94112
-87481
-76052
-86302
-55144
-34678
-98090
-51116
-69929
-84304
-19238
-36593
-24854
-29651
-8006
-50429
-57551
-77624
-7106
-34269
-90690
-26082
-51542
-77395
-3127
-70420
-93129
-69912
-84059
-15047
-69094
-69225
-71746
-9431
-75790
-81881
-83453
-4224
-90117
-15980
-85647
-43405
-39508
-76969
-102953
-30912
-30683
-26639
-61742
-45353
-74251
-54113
-16209
-89887
-11969
-13982
-49856
-47432
-3930
-84976
-31207
-35955
-13491
-41276
-1424
-40163
-88709
-98139
-52050
-86678
-61644
-43519
-41293
-1572
-42799
-28505
-94881
-101054
3127
-66098
-15865
-83748
-9398
-75414
-75103
-69388
-74693
-62250
-54342
-20221
-54244
-18403
-21809
-82569
-95602
-6713
-27457
-76085
-87104
-69290
-72745
-27212
-71959
-13344
-38591
-60613
-25132
-34645
-97452
-39622
-78967
-31223
-36135
-16651
-97763
-45386
-74710
-62479
-58533
-95061
2996
-68390
-56699
-62430
-57502
-76740
-98712
-62348
-56208
-53703
-8891
-66409
-21252
-72712
-26606
-60956
-31256
-36692
-26573
-60514
-23397
-3799
-82569
-95634
-7253
-36872
-29946
-13393
-39377
-74759
-63183
-71075
2423
-78508
-23086
1997
-86302
-54948
-31027
-32680
-62201
-53556
-6123
-16700
-98696
-62119
-52033
-86203
-53278
-1195
-36119
-16504
-95159
1179
-100808
-99809
-82028
-85860
-47121
1359
-97599
-42275
-19255
-36855
-29570
-6566
-24789
-28473
-94374
-92163
-52442
-93670
-79376
-38444
-58042
-86400
-56765
-63445
-75823
-82323
-91295
-37134
-34661
-97615
-42750
-27621
-79163
-34727
-98909
-65754
-9611
-79098
-33712
-80620
-60711
-26950
-67080
-33286
-73122
-34088
-87579
-77919
-12493
-23217
-573
-25034
-32828
-65017
3537
-58812
-100219
-89069
2669
-74300
-55046
-32959
-67211
-35709
-9251
-72729
-26950
-67244
-36413
-21809
-82536
-95078
2669
-74120
-51919
-84271
-18731
-27687
-80424
-57240
-71992
-13966
-49561
-42193
-17617
-7548
-42406
-21498
-77117
1703
-91410
-39180
-71304
-1457
-40801
-100219
-89134
1605
-93146
-70060
-86695
-62135
-52410
-93015
-67866
-47449
-4437
-93866
-82945
-102282
-18714
-27163
-70993
-103379
-38427
-57829
-82732
-98647
-61120
-34269
-90559
-23970
-13868
-47924
-12885
-30454
-22496
-94767
-99154
-70207
-89134
1736
-91033
-32402
-57223
-71910
-12411
-21841
-83273
-851
-29979
-13950
-49299
-37478
-40687
-98074
-50936
-66802
-28342
-92016
-49774
-46057
-86646
-61317
-37740
-45517
-77084
2440
-78328
-19942
-49315
-37821
-46941
-102724
-26639
-61628
-43274
-37101
-34072
-87137
-70076
-86875
-65279
-1097
-34187
-89282
-966
-31878
-47956
-13393
-39344
-74218
-53785
-10446
-94112
-87481
-76052
-86302
-55144
-34678
-98090
-51116
-69929
-84304
-19238
-36593
-24854
-29651
-8006
-50429
-57551
-77624
-7106
-34269
-90690
-26082
-51542
-77395
-3127
-70420
-93129
-69912
-84059
-15047
-69094
-69225
-71746
-9431
-75790
-81881
-83453
-4224
-90117
-15980
-85647
-43405
-39508
-76969
-102953
-30912
-30683
-26639
-61742
-45353
-74251
-54113
-16209
-89887
-11969
-13982
-49856
-47432
-3930
-84976
-31207
-35955
-13491
-41276
-1424
-40163
-88709
-98139
-52050
-86678
-61644
-43519
-41293
-1572
-42799
-28505
-94881
-101054
3127
-66098
-15865
-83748
-9398
-75414
-75103
-69388
-74693
-62250
-54342
-20221
-54244
-18403
-21809
-82569
-95602
-6713
-27457
-76085
-87104
-69290
-72745
-27212
-71959
-13344
-38591
-60613
-25132
-34645
-97452
-39622
-78967
-31223
-36135
-16651
-97763
-45386
-74710
-62479
-58533
-95061
2996
-68390
-56699
-62430
-57502
-76740
-98712
-62348
-56208
-53703
-8891
-66409
-21252
-72712
-26606
-60956
-31256
-36692
-26573
-60514
-23397
-3799
-82569
-95634
-7253
-36872
-29946
-13393
-39377
-74759
-63183
-71075
2423
-78508
-23086
1997
-86302
-54948
-31027
-32680
-62201
-53556
-6123
-16700
-98696
-62119
-52033
-86203
-53278
-1195
-36119
-16504
-95159
1179
-100808
-99809
-82028
-85860
-47121
1359
-97599
-42275
-19255
-36855
-29570
-6566
-24789
-28473
-94374
-92163
-52442
-93670
-79376
-38444
-58042
-86400
-56765
-63445
-75823
-82323
-91295
-37134
-34661
-97615
-42750
-27621
-79163
-34727
-98909
-65754
-9611
-79098
-33712
-80620
-60711
-26950
-67080
-33286
-73122
-34088
-87579
-77919
-12493
-23217
-573
-25034
-32828
-65017
3537
-58812
-100219
-89069
2669
-74300
-55046
-32959
-67211
-35709
-9251
-72729
-26950
-67244
-36413
-21809
-82536
-95078
2669
-74120
-51919
-84271
-18731
-27687
-80424
-57240
-71992
-13966
-49561
-42193
-17617
-7548
-42406
-21498
-77117
1703
-91410
-39180
-71304
-1457
-40801
-100219
-89134
1605
-93146
-70060
-86695
-62135
-52410
-93015
-67866
-47449
-4437
-93866
-82945
-102282
-18714
-27163
-70993
-103379
-38427
-57829
-82732
-98647
-61120
-34269
-90559
-23970
-13868
-47924
-12885
-30454
-22496
-94767
-99154
-70207
-89134
1736
-91033
-32402
-57223
-71910
-12411
-21841
-83273
-851
-29979
-13950
-49299
-37478
-40687
-98074
-50936
-66802
-28342
-92016
-49774
-46057
-86646
-61317
-37740
-45517
-77084
2440
-78328
-19942
-49315
-37821
-46941
-102724
-26639
-61628
-43274
-37101
-34072
-87137
-70076
-86875
-65279
-1097
-34187
-89282
-966
-31878
-47956
-13393
-39344
-74218
-53785
-10446
-94112
-87481
-76052
-86302
-55144
-34678
-98090
-51116
-69929
-84304
-19238
-36593
-24854
-29651
-8006
-50429
-57551
-77624
-7106
-34269
-90690
-26082
-51542
-77395
-3127
-70420
-93129
-69912
-84059
-15047
-69094
-69225
-71746
-9431
-75790
-81881
-83453
-4224
-90117
-15980
-85647
-43405
-39508
-76969
-102953
-30912
-30683
-26639
-61742
-45353
-74251
-54113
-16209
-89887
-11969
-13982
-49856
-47432
-3930
-84976
-31207
-35955
-13491
-41276
-1424
-40163
-88709
-98139
-52050
-48415
13491
67195
103690
176467
167102
212128
175370
197736
329456
286756
362579
319370
417493
374400
396814
423813
439057
471295
498294
550802
534527
587444
600526
555648
557924
661581
655065
620141
622351
652903
661728
719099
685764
755365
740728
728906
774243
774210
720556
787210
756348
812277
815257
842322
768545
827979
805450
824230
834512
804058
907977
842240
859366
858875
868846
854470
837181
878064
888543
895239
944080
890458
939348
891506
941067
910057
942983
940641
953740
922664
962532
984799
908599
897990
988745
961402
970538
989203
965233
931816
945275
939184
1014434
935173
992200
1018822
932029
964808
990104
989760
961500
971373
1019984
1010521
929590
967214
978299
945078
978921
1031871
997799
1018216
940347
1037422
936139
937825
956261
953052
992380
1041449
943032
998880
1022408
1005282
1013026
1036456
1018642
1015351
949826
952413
992462
951562
966167
1007394
988074
959978
989875
983407
971259
964971
956196
1010537
1013206
950399
1005429
1020705
969294
1013861
949794
983063
1039305
969900
1015384
968541
988516
1022342
982278
1016104
976318
1015384
961926
971619
1037061
1026337
1048997
1024552
1016759
984570
1053107
990742
949335
960452
1052157
975172
994394
1016448
982163
1013615
1040025
976514
1022228
981885
1012666
1027221
966429
953821
1051502
974648
996784
964349
1029825
1020787
967984
991086
976252
1034213
998520
1005805
1030299
1040271
1005331
1026141
970440
1049177
955950
1008081
975876
1045624
1006182
946666
957653
1048293
953445
976416
959683
984128
993771
953052
978086
998405
1041318
951775
962597
943146
1026599
1018036
974091
941607
1006444
986928
961910
945881
983293
1010046
953625
1020115
1030103
995916
1030840
1013173
1021016
948615
944112
972961
953903
1044642
951758
1010292
985339
970538
1029923
1020361
958815
1041122
1011880
1027794
992314
1004021
1000697
943179
990202
974222
1012551
948762
990873
994492
953756
978970
1002433
994541
962843
1042252
961353
1019624
990120
1001499
992249
936352
1012322
977202
995441
1001483
1004397
951202
968148
951235
972699
1036767
1003546
948337
1036521
1005494
989302
1023734
997652
962663
982965
1026190
942393
948910
960223
949843
980870
1001221
937694
984537
965610
951104
1016055
998569
1010193
1005282
1026796
984242
977006
956818
1027205
999911
943376
1007868
982278
956294
1030447
963023
940183
963285
949008
1017905
963743
963481
960845
1023046
956539
950334
948631
1027745
941722
1015744
945946
988074
991856
954264
928149
1000075
1000173
1004103
968868
985143
956130
976138
1013910
940117
1017921
1015793
979789
982097
1025469
944309
997946
993067
1015416
987501
1027238
988368
939708
930146
976121
941378
966281
984291
986387
1025977
984635
998814
932307
926004
1030070
960714
1010832
942835
1017054
950923
951120
956703
951267
963596
971390
1005380
971242
1006952
1003431
942540
929393
1018151
997292
948533
937399
955099
951513
996915
952053
1010554
985176
963023
998389
988761
925840
983538
944080
991692
986666
1006018
924776
977055
947600
959699
963531
926888
1024814
953314
964873
959028
963825
944472
922369
958619
964628
967018
1011700
954083
999109
947534
993509
959028
988630
983063
993051
958995
995982
1015466
936581
923384
1011651
981901
988712
1005151
979036
943539
954984
946978
1020361
939299
994606
1019559
931145
962384
986174
984406
954755
963285
1010603
999878
917768
954231
964202
929901
962712
1014663
979625
999109
920339
1016563
914445
915329
932995
929033
967657
1016022
916950
972143
995048
977317
984488
1007361
989023
985225
919193
921288
960878
919537
933715
974517
954804
926331
955852
949024
936548
929917
920814
974861
977218
914133
968885
983899
932242
976547
912251
945291
1001303
931685
976973
929933
949712
983375
943114
976793
936826
975728
922123
931669
996980
986125
1008654
984079
976154
943850
1012273
949810
908288
919307
1010930
933846
952970
974959
940576
971946
998290
934698
980346
939937
970653
985143
924285
911628
1009260
932340
954427
921960
987370
978299
925447
948517
933634
991545
955819
963089
987533
997472
962499
983276
927543
1006264
913004
965119
932897
1002613
963138
903622
914576
1005200
910319
933290
916540
940969
950580
909844
934878
955180
998077
908534
919340
899873
983325
974746
930801
898301
963121
943605
918587
902558
939954
966707
910269
976760
986731
952561
987468
969785
977644
905243
900740
929573
910515
1001254
908370
966903
941951
927150
986535
976973
915427
997717
968492
984390
948926
960633
957293
899791
946797
930834
969163
905374
947485
951104
910384
935598
959044
951169
919471
998880
917981
976252
946765
958144
948893
893012
968966
933863
952086
958144
961058
907879
924825
907895
929377
993444
960223
905030
993215
962188
945995
980444
954362
919373
939675
982900
899119
905636
916950
906569
937612
957964
894437
941296
922353
907879
972814
955344
966969
962057
983571
941034
933797
913610
984013
956719
900184
964677
939102
913118
987271
919864
897024
920126
905865
974762
920601
920339
917719
979920
913429
907208
905521
984635
898628
972650
902869
944980
948779
911186
885088
957014
957112
961042
925824
942098
913086
933110
970882
897089
974893
972765
936777
939086
982458
901313
954951
950088
972421
944522
984259
945406
896745
887200
933159
898432
923335
941362
943457
983063
941722
955901
889394
883107
987173
917817
967935
899938
974173
908043
908239
913839
908403
920732
928525
962532
928394
964104
960600
899725
886561
975335
954493
905734
894601
912300
908730
954133
909271
967771
942410
920273
955639
945995
883090
940805
901330
948959
943932
963285
882059
934338
904883
916999
920830
884187
982130
910630
922189
916360
921157
901805
879718
915951
921992
924367
969065
911448
956474
904915
950891
916426
946012
940461
950449
916393
953396
972880
893995
880815
969081
939348
946159
962597
936483
901002
912447
904441
977824
896778
952086
977055
888641
919880
943687
941918
912267
920814
968115
957423
875297
911776
921747
887462
920273
972225
937187
956687
877917
974140
872039
872906
890589
886643
925251
973633
874560
929753
952675
934960
942131
965004
946666
942868
876836
878948
918554
877212
891391
932193
912496
884024
913544
906733
894240
887626
878539
932586
934943
871875
926626
941640
889983
934305
870008
903049
959077
889459
934747
887724
907502
941165
900921
934583
894633
933552
879947
889492
954804
943949
966478
941918
934010
901706
970145
907683
866161
877180
968803
891735
910859
932848
898465
929851
956196
892619
938267
897859
928574
943064
882223
869566
967214
890294
912382
879914
945340
936270
883418
906487
891621
949532
913822
921076
945537
955491
920519
941313
885579
964284
871056
923171
890933
960665
921207
861675
872644
963269
868404
891375
874626
899070
908681
867945
892996
913298
956196
866652
877458
858007
941460
932897
888952
856452
921288
901772
876754
860725
898137
924890
868469
934943
944931
910761
945684
928001
935860
863459
858957
887806
868764
959503
866619
925152
900200
885399
944800
935238
873709
955999
926773
942688
907224
918931
915607
858105
905128
889148
927494
863705
905832
909451
868731
893946
917408
909516
877835
957243
876361
934632
905145
916524
907290
851409
927379
892276
910515
916573
919487
866308
883254
866341
887822
951889
918685
863476
951693
920650
904473
938922
912840
877851
898170
941411
857614
864147
875477
865097
896140
916491
852981
899824
880913
866423
931374
913904
925529
920617
942148
899611
892374
872202
942606
915312
858793
923286
897711
871744
945897
878490
855666
878768
864507
933404
879259
878997
876377
938578
872088
865882
864212
943326
857319
931341
861560
903688
907486
869894
843795
915738
915853
919782
884564
900839
871842
891866
929639
855846
933666
931554
895550
897875
941247
860103
913757
908894
931243
903344
943081
904228
855567
846022
891997
857270
882190
900216
902312
941918
900593
914772
848282
841994
946061
876721
926839
858842
933077
866947
867160
872759
867340
879668
887478
921469
887347
923057
919553
858678
845531
934305
913462
864704
853586
871285
867733
913135
868273
926790
901428
879292
914657
905030
842125
899840
860381
908010
902983
922353
841127
893405
863967
876083
879930
843271
941214
869730
881306
875461
880274
860921
838834
875084
881126
883516
928214
870598
915623
864065
910057
875592
905194
899643
909631
875575
912578
932078
853193
840030
928296
898563
905374
921812
895714
860234
871695
863688
937088
856026
911350
936319
847905
879145
902967
901199
871547
880094
927428
916720
834610
871089
881060
846775
879603
931554
896533
916033
837263
933503
831385
832269
849952
846006
884629
933011
833939
889148
912070
894355
901526
924416
906094
902296
836264
838376
877982
836657
850836
891653
871940
843468
873005
866194
853717
847103
838016
892079
894437
831368
886136
901150
849493
893815
829535
862575
918603
849002
894289
847266
867045
900708
860479
894158
854209
893127
839522
849084
914395
903557
926086
901526
893618
861314
929753
867291
825785
836820
928443
851376
870516
892488
858122
889509
915869
852277
897941
857532
888264
902754
841912
829273
926921
850001
872104
839637
905063
895992
843157
866226
851360
909287
873578
880847
905308
915247
880291
901084
845351
924072
830844
882959
850737
920470
881011
821495
832465
923106
828225
851196
834463
858908
868535
827799
852850
873152
916065
826522
837344
817893
901346
892783
848838
816354
881191
861675
836657
820644
858056
884810
828405
894879
904883
870712
905636
887970
895812
823427
818925
847774
828749
919487
826620
885137
860201
845416
904801
895255
833726
916033
886807
902722
867258
878981
875657
818155
865178
849215
887560
823788
865899
869517
828814
854028
877507
869632
837950
917359
836477
894748
865277
876656
867421
811541
887511
852424
870663
876721
879652
826473
843435
826522
848003
912087
878883
823673
911890
880864
864687
899136
873070
838081
858400
901641
817861
824393
835723
825343
856403
876754
813243
860103
841176
826702
891653
874200
885825
880929
902460
859923
852686
832514
902918
875641
819121
883631
858056
832089
906258
838834
816027
839129
824885
893782
839637
839391
836771
898972
832498
826293
824623
903737
817746
891768
821987
864114
867913
830337
804255
876181
876312
880241
845023
861314
832318
852342
890131
816338
894158
892046
856059
858384
901756
820628
874265
869419
891768
863869
903622
864785
816125
806580
852571
817844
842764
860790
862903
902509
861167
875362
808872
802585
906667
837328
887446
819465
893700
827586
827799
833399
827979
840324
848118
882124
848003
883729
880225
819351
806219
894993
874151
825409
814291
831990
828438
873840
828994
887511
862149
840013
875395
865768
802863
860594
821135
868780
863754
883123
801897
854176
824737
836870
840717
804075
902017
830533
842109
836280
841094
821757
799670
835920
841962
844352
889050
831450
876492
824934
870925
836460
866063
860528
870516
836477
873479
892980
814111
800931
889214
859481
866308
882747
856648
821168
832629
824623
898039
816993
872317
897286
808888
840128
863934
862182
832547
841094
888412
877720
795626
832089
842076
807808
840619
892587
857565
877065
798311
894551
792450
793334
811017
807087
845711
894093
795020
850230
873152
855453
862624
885514
867192
863410
797394
799507
839113
797787
811966
852800
833087
804631
834168
827357
814881
808266
799195
853259
855633
792564
847316
862346
810689
855027
790747
823788
879832
810214
855518
808495
828290
861953
821725
855404
815454
854389
800800
810345
875673
864835
887364
862821
854913
822625
891064
828601
787096
798131
889771
812703
831843
853832
819465
850852
877212
813636
859301
818908
849624
864131
803305
790649
888297
811393
833497
801046
866472
857401
804566
827652
812785
870712
835003
842273
866750
876705
841749
862542
806809
885546
792302
844434
812212
881944
842502
782986
793956
884597
789732
812720
795970
820431
830058
789339
814390
834692
877605
788078
798884
779450
862919
854356
810411
777927
842764
823264
798246
782233
819662
846415
790010
856501
866488
832334
867258
849591
857450
785066
780579
809429
790387
881142
788275
846808
821872
807087
866488
856943
795413
877720
848494
864425
828961
840684
837377
779875
826898
810951
849297
785524
827652
831270
790567
815798
839260
831385
799719
879145
798262
856533
827062
838458
829223
773343
849329
814226
832482
838540
841470
788307
805270
788357
809854
873938
840734
785540
873741
842731
826555
861020
834938
799965
820300
863541
779761
786294
797624
787260
818319
838671
775160
822036
803125
788651
853603
836149
847774
842878
864425
821888
814668
794496
864900
837639
781120
845613
820055
794087
868257
800849
778042
801160
786899
855813
801668
801422
798803
861020
794546
788357
786687
865817
779810
853848
784067
826211
830009
792433
766351
838294
838409
842355
807153
823427
794447
814471
852260
778484
856304
854192
818204
820529
863918
782790
836444
831598
853947
826063
865817
826980
778320
768791
814766
780056
804975
823002
825114
864736
823411
837606
771116
764845
868911
799588
849706
781742
855977
789863
790076
795675
790272
802617
810427
844434
810313
846038
842535
781676
768545
857319
836493
787751
776634
794349
790780
836198
791353
849870
824524
802388
837770
828159
765254
822985
783527
831172
826162
845531
764321
816600
787161
799294
803141
766515
864458
792974
804566
798737
803551
784214
762127
798393
804435
806842
851540
793940
838982
787423
833431
798966
828585
823034
833038
798999
836018
855518
776650
763470
851753
822036
828863
845318
819220
783739
795200
787210
860610
779581
834905
859874
771476
802732
826555
824803
795168
803714
851049
840357
758263
794742
804730
770445
803272
855256
820235
839735
760981
857221
755136
756020
773719
769773
808397
856795
757739
812949
835871
818172
825359
848249
829927
826145
760130
762258
801864
760539
774734
815552
795855
767399
796936
790141
777665
771067
761996
816060
818434
755365
810133
825163
773523
817844
753564
786621
842666
773064
818368
771362
791156
824819
784591
818270
778336
817271
763683
773244
838572
827734
850279
825720
817812
785540
853979
791533
750028
761063
852702
775651
794791
816780
782430
813817
840177
776617
822281
781873
812605
827128
766286
753646
851294
774407
796510
764059
829485
820431
767596
790682
775815
833759
798049
805319
829796
839751
804811
825605
769888
848609
755382
807513
775307
845040
805597
746082
757068
847708
752860
775831
759098
783559
793187
752467
777534
797837
840766
751223
762045
742611
826080
817533
773588
741104
805958
786457
761456
745443
782855
809625
753220
819711
829715
795561
830484
812834
820693
748308
743822
772671
753646
844401
751534
810083
785148
770363
829764
820235
758705
841012
811803
827734
792270
803993
800685
743200
790223
774276
812638
748865
790993
794627
753924
779155
802634
794758
763093
842518
761636
819924
790452
801848
792614
736749
812736
777632
795888
801963
804893
751730
768693
751796
773294
837377
804173
748996
837213
806187
790010
824475
798426
763437
783772
827029
743249
749798
761128
750764
781824
802192
738681
785557
766646
752172
817140
799687
811328
806432
827963
785459
778222
758067
828470
801209
744690
809199
783641
757690
831859
764452
741645
764763
750519
819432
765304
765058
762438
824655
758181
751992
750322
829469
743462
817517
747735
789879
793678
756118
730036
801979
802110
806039
770838
787145
758149
778189
815978
742201
820022
817926
781938
784280
827668
746540
800194
795348
817713
789830
829584
790747
742103
732574
778566
743839
768775
786801
788930
828536
787227
801422
734948
728661
832744
763421
813555
745574
819825
753711
753924
759540
754137
766482
774292
808315
774194
809920
806432
745574
732443
821217
800391
751648
740548
758263
754710
800129
755283
813800
788471
766335
801733
792106
729218
786949
747490
795151
790141
809510
728301
780596
751157
763290
767154
730511
828470
756986
768578
762749
767579
748243
726172
762438
768480
770887
815601
758001
803043
751501
797493
763044
792663
787129
797132
763093
800112
819613
740744
727580
815879
786146
792974
809429
783346
747883
759344
751354
824770
743724
799064
824033
735652
766908
790731
788979
759344
767907
815241
804549
722456
758934
768938
734670
767497
819465
784443
803960
725223
821463
719361
720262
737961
734031
772655
821053
721997
777223
800145
782446
789634
812539
794218
790436
724437
726549
766171
724862
739058
779875
760195
731739
761276
754481
742021
735407
726336
780416
782790
719738
774505
789535
737895
782233
717953
751010
807054
737470
782773
735767
755562
789241
749012
782708
742774
781693
728121
737682
803010
792171
814733
790174
782282
749995
818450
756004
714515
725550
817189
740138
759278
781283
746933
778336
804697
741121
786801
746409
777141
791664
730822
718182
815847
738959
761063
728612
794038
785000
732165
755251
740400
798344
762635
769921
794398
804353
769413
790223
734506
813227
720016
772147
739942
809674
770232
710733
721719
812359
717511
740499
723765
748227
757854
717151
742201
762520
805450
715923
726745
707311
790780
782233
738305
705821
770674
751174
726172
710176
747604
774374
717969
784460
794480
760310
795250
777600
785459
713090
708604
737470
718444
809199
716332
774882
749946
735177
794578
785049
723536
805843
776634
792564
757117
768840
765533
708047
755087
739140
777501
713729
755873
759507
718804
744035
767514
759655
727990
807415
726549
784836
755365
766761
757543
701678
777665
742578
760834
766908
769855
716676
733655
716758
738255
802339
769151
713974
802192
771181
755005
789470
763421
728448
748783
792041
708260
714809
726156
715792
746851
767219
703725
750601
731690
717233
782200
764747
776388
771509
793039
750535
743315
723143
793563
766302
709799
774309
748750
722799
796969
729578
706770
729889
715644
784574
730429
730200
727597
789814
723340
717151
715497
794627
708637
782692
712927
755070
758869
721309
695227
767186
767317
771263
736061
752353
723372
743413
781218
707442
785278
783166
747195
749536
792925
711797
765467
760621
782986
755103
794857
756036
707392
697863
743855
709144
734080
752107
754235
793858
752549
766744
700270
693999
798082
728759
778893
710929
785180
719066
719296
724911
719508
731854
739680
773703
739582
775324
771820
710978
697847
786637
765811
717069
705968
723684
720147
765565
720720
779253
753908
731788
767186
757575
694687
752418
712976
760621
755611
774996
693787
746082
716660
728792
732656
696030
793989
722505
734097
728284
733114
713778
691707
727973
734031
736438
781153
723553
768611
717069
763077
728612
758230
752713
762717
728677
765696
785213
706345
693197
781480
751763
758607
775062
748980
713516
724977
716987
790403
709374
764714
789699
701302
732574
756397
754645
725026
733589
780923
770232
688154
724633
734637
700368
733196
785180
750175
769691
690938
787194
685109
686009
703709
699779
738419
786818
687761
742987
765909
748227
755414
778320
760015
756233
690217
692346
731968
690659
704855
745689
726008
697552
727105
720311
707851
701253
692182
746245
748636
685584
740368
755398
703758
748096
683832
716889
772950
703348
748652
701662
721457
755136
714908
748620
708686
747621
694032
703610
768938
758116
780661
756118
748227
715956
784411
721964
680475
691511
783166
706115
725272
747261
712910
744313
770690
707130
752795
712419
743151
757674
696848
684208
781873
704986
727089
694654
760097
751043
698224
721309
706459
764403
728710
735996
760474
770445
735488
756298
700598
779335
686108
738255
706050
775782
736356
676857
687843
778500
683635
706639
689906
714367
724011
683308
708358
728694
771623
682096
692919
673500
756970
748423
704494
672027
736880
717380
692378
676382
713811
740580
684192
750699
760703
726549
761489
743839
751714
679329
674859
703725
684700
775471
682604
741153
716234
701465
760866
751337
689824
772147
742938
758869
723422
735161
731854
674368
721408
705460
743839
680066
722210
725845
685158
710389
733867
726008
694360
773785
692919
751206
721752
733147
723929
668065
744068
708981
727236
733327
736258
683095
700074
683177
704691
768775
735587
680410
768627
737633
721457
755938
729889
694916
715251
758509
674745
681294
692640
682276
713352
733720
670226
717102
698207
683750
748718
731264
742922
738026
759573
717069
709848
689693
760113
732852
676349
740875
715317
689366
763552
696161
673353
696472
682244
751157
697028
696799
694196
756429
689955
683783
682113
761259
675269
749324
679558
721702
725517
687958
661876
733835
733982
737928
702726
719034
690054
710094
747899
674123
751960
749864
713893
716234
759638
678511
732181
727335
749700
721833
761587
722767
674123
664610
710602
675891
700827
718870
720998
760637
719312
733524
667050
660779
764878
695555
745689
677725
751976
685878
686108
691724
686321
698682
706508
740531
706426
742169
738665
677823
664692
753482
732672
683930
672846
690561
687008
732443
687614
746131
720802
698682
734080
724469
661581
719328
679886
727548
722537
741923
660713
713008
683603
695735
699599
662973
760948
689464
701073
695244
700090
680754
658683
694965
701007
703430
748145
690545
735603
684061
730085
695637
725255
719721
729742
695719
732738
752254
673386
660238
748538
718821
725648
742119
716037
680574
692051
684077
757494
676464
731805
756790
668409
699664
723503
721752
692133
700696
748046
737355
655277
691773
701777
667508
700352
752336
717314
736847
658094
754350
652265
653182
670881
666951
705591
753990
654950
710176
733114
715415
722619
745525
727220
723438
657439
659584
699206
657897
672092
712927
693246
664806
694360
687565
675105
668507
659453
713532
715923
652871
707654
722685
671061
715399
651135
684192
740253
670668
715972
668965
688776
722472
682244
715939
676022
714957
661385
670963
736307
725468
748030
723487
715595
683324
751779
689349
647860
658912
750552
673500
692657
714678
680328
711731
738108
674548
720229
679837
710585
725108
664283
651659
749324
672436
694556
662105
727548
718510
665691
688793
673943
731886
696193
703479
727973
737928
703005
723815
668097
746835
653624
705772
673566
743315
703889
644389
655376
746033
651184
674188
657455
681933
691576
650873
675940
696259
739189
649678
660500
641082
724568
716021
672092
639625
704478
684994
660009
643996
681441
708211
651823
718330
728350
694196
729136
711486
719361
646993
642523
671388
652379
743151
650284
708833
683914
669145
728563
719034
657521
739844
710651
726582
691134
702874
699583
642097
689153
673206
711568
647811
689955
693606
652903
678150
701646
693787
662121
741563
660697
719001
689530
700942
691724
635876
711862
676775
695047
701138
704085
650922
667901
651020
672518
736618
703430
648253
736487
705477
689317
723798
697749
662776
683128
726385
642621
649187
660517
650169
681245
701629
638135
685011
666116
651659
716627
699190
710847
705968
727515
685011
677790
657635
728071
700811
644308
708833
683275
657340
731526
664135
641328
664463
650218
719148
665036
664806
662203
724420
657963
651790
650136
729283
643292
717347
647582
689742
693557
655998
629932
701891
702022
705984
670799
687106
658126
678167
715972
642212
720049
717953
681982
684323
727728
646616
700287
695457
717822
689955
729725
690889
642261
632748
678740
644046
668982
687025
689153
728792
687483
701678
635221
628950
733049
663742
713876
645912
720180
654066
654311
659927
654524
666886
674712
708751
674647
710389
706901
646059
632928
721735
700909
652183
641082
658814
655277
700712
655883
714416
689071
666968
702366
692755
629883
687614
648188
695850
690839
710225
629032
681327
651921
664053
667934
631307
729283
657815
669407
663595
668441
649105
627050
663317
669375
671798
716512
658929
703987
652445
698469
664021
693656
688122
698142
664119
701138
720671
641803
628655
716954
687237
694081
710552
684487
649023
660500
652527
725943
644913
700254
725255
636874
668147
691969
690234
660615
669194
716529
705853
623776
660271
670275
636023
668867
720851
685846
705362
626625
722881
620812
621713
639428
635499
674155
722554
623514
678740
701678
683996
691200
714105
695800
692035
626035
628164
667803
626494
640706
681540
661859
633420
662973
656194
643735
637153
628082
682162
684552
621516
676300
691331
639707
684061
619797
652871
708915
639347
684650
637660
657471
691151
650939
684650
644717
683668
630096
639674
705018
694196
716758
692215
684323
652052
720524
658094
616605
627656
719312
642261
661434
683439
649088
680508
706885
643325
689006
648630
679378
693901
633092
620452
718133
641246
663366
630931
696373
687336
634517
657619
642769
700729
665036
672322
696816
706787
671863
692673
636972
715710
622499
674647
642457
712206
672780
613281
624267
714940
620092
643096
626363
650840
660484
619797
644864
665199
708129
618602
629441
610023
693508
684978
641049
608582
673451
653951
628966
612970
650415
677201
620812
687319
697339
663186
698142
680492
688367
615999
611545
640411
621402
712173
619322
677872
652952
638184
697601
688089
626576
708899
679706
695653
660206
671945
668654
611169
658225
642294
680655
616899
659043
662694
622008
647255
670750
662891
631242
710683
629818
688122
658667
670079
660877
605013
681016
645928
664201
670291
673239
620092
637071
620190
641704
705804
672616
617440
705673
674679
658519
693001
666951
631995
652347
695604
611840
618406
629752
619404
650480
670864
607370
654262
635368
620911
685895
668458
680099
675236
696783
654279
647075
626920
697356
670095
613592
678118
652576
626641
700827
633436
610645
633780
619552
688482
634353
634140
631537
693770
627312
621140
619486
698633
612659
686713
616948
659109
662940
625380
599315
671274
671421
675367
640182
656505
627525
647566
685387
611627
689464
687368
651413
653755
697159
616048
669735
664888
687270
659403
699173
660353
611725
602213
648204
613510
638446
656505
658650
698273
656964
671176
604718
598463
702562
633239
683390
615426
689693
623596
623825
629457
624071
636432
644258
678298
644193
679935
676464
615606
602491
691298
670488
621762
610661
628393
624857
670291
625462
684012
658683
636563
671978
662367
599495
657242
617800
665461
660468
679870
598676
650971
621566
633698
637578
600968
698928
627476
639068
633256
638102
618782
596728
633010
639068
641491
686206
628622
673681
622155
668179
633731
663366
657848
667868
633845
670881
690397
611545
598398
686697
656997
663840
680312
654246
618782
630260
622286
695719
614689
670046
695031
606666
637938
661761
660042
630423
639003
686337
675678
593601
630096
640100
605848
638692
690676
655687
675203
596482
692739
590653
591570
609286
605373
644013
692428
593388
648614
671568
653886
661090
683996
665707
661925
595942
598070
637709
596400
610628
651463
631782
603342
632912
626134
613674
607092
598038
652117
654508
591472
646256
661303
609679
654033
589769
622843
678904
609319
654639
607649
627460
661155
620943
654655
614738
653673
600117
609695
675040
664217
686779
662252
654361
622106
690561
628147
586658
597710
689382
612331
631488
653509
619175
650578
676972
613412
659092
618717
649465
664004
603195
590572
688236
611365
633485
601050
666493
657471
604652
627755
612904
670864
635188
642474
666968
676939
642015
662842
607141
685878
592684
644831
612626
682391
642965
583466
594468
685142
590293
613297
596580
621058
630702
590015
615082
635417
678363
588836
599691
580273
663759
655212
611300
578832
643702
624218
599233
583253
620681
647468
591079
657602
667623
633485
668441
650791
658667
586315
581845
610727
591718
682489
589638
648204
623285
608516
667950
658421
596924
679247
650054
666002
630571
642310
639019
581550
628606
612659
651037
587297
629441
633092
592405
617652
641148
633305
601656
681098
600232
658536
629081
640509
631307
575443
651446
616375
634648
640738
643685
590539
607534
590653
612167
676268
643096
587919
676153
645159
628999
663480
637447
602491
622843
666100
582352
588918
600264
589917
621009
641393
577899
624791
605897
591439
656424
639003
650660
645781
667344
624840
617636
597481
667917
640673
584170
648712
623170
597219
671421
604030
581239
604374
590146
659092
604963
604751
602147
664397
597939
591767
590113
669276
583302
657357
587608
629768
633583
596040
569974
641933
642081
646043
610858
627181
598201
618258
656080
582320
660157
658077
622106
624464
667868
586757
640444
635614
657995
630129
669898
631095
582451
572954
618962
584252
609204
627263
629408
669031
627738
641950
575492
569238
673337
604030
654180
586216
660484
594386
594632
600264
594878
607239
615066
649105
615016
650758
647287
586446
573331
662138
641328
592602
581517
599249
595713
641164
596335
654868
629539
607436
642850
633256
570367
628115
588689
636367
631373
650758
569582
621877
592471
604620
608500
571890
669866
598398
610006
604194
609040
589720
567666
603948
610023
612446
657177
599593
644651
593126
639150
604718
634353
628835
638855
604832
641868
661401
582549
569401
657717
628000
634860
651332
625266
589818
601296
593322
666755
585742
641082
666084
577719
608991
632830
631095
601492
610055
657422
646747
564670
601181
611185
576933
609777
661777
626772
646305
567584
663840
561772
562689
580404
576491
615147
663546
564522
619748
642703
625020
632224
655146
636858
633092
567093
569238
608877
567584
581796
622646
602966
574526
604096
597317
584874
578292
569238
623317
625724
562672
617472
632519
580895
625249
561002
594075
650136
580568
625888
578898
598709
632404
592193
625904
585987
624938
571383
580961
646321
635499
658061
633534
625659
593388
661859
599446
557957
569025
660680
583646
602819
624824
590490
621909
648303
584743
630440
590064
620812
635352
574543
561919
659600
582729
604849
572414
637873
628835
576032
599135
584301
642261
606568
613870
638364
648352
613428
634238
578554
657308
564097
616244
584055
653820
614394
554911
565914
656571
561739
584743
568026
592520
602164
561477
586560
606895
649825
560314
571170
551751
635237
626707
582794
550343
615213
595729
570744
554764
592209
618995
562607
629130
639150
605013
639969
622335
630210
557858
553389
582271
563262
654049
561199
619765
594861
580093
639527
629998
568501
650840
621647
637595
602164
613903
610628
553159
600215
584284
622663
558906
601067
604718
564031
589295
612790
604947
573298
652740
571890
630194
600739
612167
602966
547118
623121
588050
606322
612413
615377
562230
579225
562345
583859
647975
614787
559627
647860
616867
600723
635204
609171
574215
594567
637840
554093
560658
572005
561673
592749
613134
549656
596548
577670
563212
628197
610776
622433
617571
639117
596630
589425
569287
639723
612479
555976
620518
594976
569041
643243
575852
553061
576213
561984
630915
576802
576589
574002
636236
569794
563622
561968
641131
555157
629228
559479
601640
605471
567911
541862
613838
613985
617947
582762
599086
570122
590162
627984
554240
632077
629998
594043
596400
639805
558694
612380
607567
629949
602082
641852
603048
554420
544907
590915
556221
581174
599233
601378
641017
599724
613936
547478
541224
645339
576032
626183
558235
632503
566405
566651
572283
566896
579274
587101
621140
587051
622810
619339
558497
545382
634189
613379
564670
553585
571317
567797
613232
568419
626952
601640
579536
614935
605340
542468
600232
560806
608467
603490
622875
541698
594010
564604
576753
580633
544023
641999
570548
582156
576344
581206
561886
539832
576114
582189
584612
629343
571759
616834
565308
611332
576900
606535
601018
611054
577031
614083
633600
554764
541617
629932
600232
607076
623563
597497
562050
573527
565570
639003
557989
613330
638331
549967
581255
605094
603359
573757
582336
629687
619028
536950
573462
583482
549230
582090
634074
599086
618618
539897
636154
534085
535018
552734
548821
587477
635892
536852
592094
615049
597366
604587
627509
609204
605455
539455
541617
581255
539947
554175
595025
575345
546921
576491
569712
557269
550687
541633
595729
598136
535100
589884
604947
553323
597677
533430
566503
622581
553012
598332
551342
571170
604865
564653
598365
558464
597415
543843
553438
618799
607976
630554
606028
598152
565881
634369
571939
530467
541535
633190
556156
575328
597350
563016
594436
620829
557285
602966
562607
593355
607894
547085
534478
632159
555288
577408
544989
610432
601410
548608
571710
556876
614836
579160
586462
610972
620943
586020
606846
551162
629916
536705
588869
556680
626445
587019
527536
538538
629212
534380
557384
540683
565161
574821
534134
559217
579553
622499
532988
543843
524425
607927
599397
555484
523033
587903
568419
543450
527454
564915
591701
535313
601836
611873
577735
612691
595058
602950
530598
526128
555010
536017
626789
533954
592520
567617
552865
612282
602769
541273
623612
594419
610383
574952
586691
583417
525948
573003
557073
595467
531711
573871
577522
536852
562099
585611
577768
546119
625577
544727
603031
573593
585005
575820
519972
595975
560904
579192
585283
588247
535100
552095
535215
556745
620845
587674
532513
620763
589769
573626
608107
582074
547118
567486
610759
527012
533577
544940
534593
565685
586069
522591
569500
550605
536164
601149
583728
595385
590522
612086
569598
562394
542255
612691
585463
528960
593502
567961
542042
616228
548853
526062
549214
535002
603932
549819
549607
547020
609269
542812
536656
535018
614181
528207
602262
532530
574690
578521
540978
514912
586888
587051
591014
555845
572152
543188
563245
601083
527323
605176
603097
567142
569500
612921
531809
585496
580682
603064
575197
614984
576180
527552
518040
564064
529370
554322
572381
574526
614165
572872
587101
520643
514405
618504
549214
599364
531416
605684
539603
539848
545481
540094
552472
560314
594354
560265
596024
592553
531711
518596
607419
586609
537900
526815
544564
541027
586478
541666
600199
574886
552783
588198
578603
515747
573495
534069
581747
576769
596155
514978
567289
537884
550049
553929
517319
615311
543843
555468
549656
554518
535198
513160
549443
555517
557940
602688
545104
590179
538653
584677
550261
579896
574379
584415
550409
587444
606977
528142
514994
603310
573609
580470
596957
570891
535444
546938
538964
612413
531400
586757
611758
523393
554666
578521
576786
547183
555779
603130
592471
510393
546905
556925
522689
555534
607534
572545
592078
513357
609630
507561
508494
526210
522296
560953
609384
510344
565587
588541
570875
578095
601018
582729
578963
512980
515125
554780
513488
527700
568550
548886
520463
550032
543254
530810
524245
515191
569287
571694
508658
563458
578521
526897
571268
507004
540094
596171
526603
571923
524933
544760
578472
538260
571988
532071
571022
517466
527061
592422
581616
604178
579667
571792
539537
608009
545595
504123
515191
606846
529812
548984
571022
536688
568108
594501
530958
576655
536295
567044
581583
520790
508167
605848
528993
551113
518694
584153
575132
522329
545448
530614
588574
552897
560200
584710
594698
559774
580600
524900
603670
510475
562623
530450
600215
560789
501306
512325
602999
508167
531171
514470
538948
548624
507937
533021
553356
596302
506808
517663
498245
581747
573216
529320
496853
561739
542255
517286
501306
538751
565554
509165
575705
585725
551604
586560
568927
576818
504466
500013
528895
509902
600674
507839
566405
541502
526750
586184
576671
515174
597530
568337
584301
548870
560626
557335
499882
546938
531007
569401
505662
547822
551473
510803
536066
559561
551735
520086
599544
518694
577015
547560
558988
549787
493955
569958
534904
553176
559283
562246
509100
526095
509231
530761
594861
561706
506546
594779
563802
547658
582140
556107
521167
541535
584808
501061
507626
518989
508658
539750
560134
496673
543565
524687
510246
575230
557809
569483
564621
586184
543696
536492
516353
586806
559561
503075
567617
542091
516157
590359
522984
500193
523344
509133
578079
523967
523754
521167
583417
516975
510819
509165
588345
502371
576442
506693
548870
552701
515158
489109
561084
561231
565210
530041
546365
517401
537458
575279
501536
579389
577310
541355
543729
587150
506038
559725
554911
577293
549443
589229
550425
501798
492301
538326
503631
528584
546659
548804
588443
547151
561379
494937
488683
592798
523492
573658
505711
579995
513897
514159
519791
514405
526783
534625
568681
534593
570351
566880
506055
492940
581763
560953
512244
501175
518907
515387
560838
516026
574575
549263
527159
562574
552996
490124
547887
508461
556139
551162
570564
489387
541698
512293
524458
528338
491728
589720
518269
529894
524098
528944
509640
487586
523885
529959
532399
577129
519562
564637
513111
559152
524720
554355
548853
558890
524883
561919
581452
502616
489485
577801
548100
554960
571448
545399
509951
521445
513488
586920
505907
561280
586282
497917
529206
553045
551326
521723
530319
577686
567011
484950
521461
531498
497246
530106
582107
547118
566667
487946
584219
482150
483083
500799
496902
535559
583973
484950
540192
563147
545481
552701
575623
557351
553585
487602
489763
529402
488110
502338
543205
523541
495101
524671
517909
505481
498900
489862
543958
546365
483329
538129
553192
501585
545939
481692
514781
570859
501290
546627
499636
519464
553176
512980
546692
506791
545743
492187
501781
567142
556336
578914
554404
546528
514274
582745
520332
478875
489944
581616
504581
523754
545775
511458
542877
569287
505743
551440
511081
541829
556385
495576
482969
580650
503795
525931
493496
558972
549950
497148
520266
505432
563409
527732
535035
559545
569532
534609
555435
499751
578521
485326
537491
505301
575066
535657
476190
487193
577866
483051
506055
489354
513848
523508
482821
507905
528256
571202
481708
492563
473161
556663
548133
504237
471786
536656
517188
492219
476239
513684
540487
484115
550638
560675
526553
561526
543892
551784
479432
474979
503861
484868
575656
482821
541387
516500
501748
561182
551670
490173
572529
543336
559299
523868
535640
532349
474897
521969
506038
544433
480693
522853
526521
485834
511097
534609
526783
495134
574592
493742
552062
522624
534052
524867
469019
545038
509984
528256
534363
537327
484197
501192
484328
505858
569974
536803
481642
569893
538915
522771
557269
531236
496296
516664
559938
476190
482772
494135
483804
514896
535297
471819
518727
499849
485408
550392
532972
544646
539783
561362
518875
511670
491548
561984
534756
478270
542812
517286
491352
565570
498196
475421
498572
484344
553290
499194
498981
496395
558644
492203
486047
484410
563589
477615
551686
481954
524130
527962
490418
464369
536344
536508
540487
505318
521642
492678
512751
550573
476829
554682
552619
516664
519022
562443
481348
535051
530221
552619
524769
564555
525751
477140
467644
513652
478974
503926
522002
524147
563802
522509
536737
470296
464042
568157
498867
549033
481086
555370
489289
489534
495167
489796
502174
510017
544072
509984
545759
542288
481462
468348
557171
536377
487668
476600
494348
490811
536279
491466
550016
524703
502600
538031
528436
465581
523328
483918
531596
526619
546021
464844
517172
487766
499931
503828
467218
565210
493758
505383
499587
504450
485146
463092
499391
505465
507905
552652
495068
540159
488634
534674
500259
529894
524392
534429
500422
537474
557007
478171
465040
553356
523672
530532
547020
520954
485523
497017
489059
562508
481495
536852
561870
473505
504794
528649
526930
497328
505924
553290
542632
460571
497082
507119
472867
505727
557744
522755
542304
463583
559856
457787
458720
476452
472556
511212
559643
460620
515862
538817
521150
528371
551309
533021
529271
463288
465450
505105
463812
478040
518891
499243
470820
500390
493627
481184
474619
465581
519677
522084
459064
513864
528928
477320
521691
457443
490533
546610
477042
522378
475404
495232
528944
488748
522460
482559
521527
467971
477566
542926
532137
554715
530188
522329
490075
558563
496149
454676
465744
557416
480398
499571
521609
487275
518711
545104
481577
527274
486915
517679
532218
471426
458819
556516
479645
501781
469363
534838
525817
473014
496133
481315
539275
503615
510917
535428
545415
510508
531334
475650
554420
461225
513390
481217
550982
511572
452106
463108
553798
458982
481986
465286
489780
499440
458770
483853
504204
547167
457656
468528
449126
532628
524098
480202
447751
512636
493169
468200
452220
489682
516484
460112
526635
536672
502551
537523
519890
527781
455446
450992
479891
460882
551686
458851
517417
492530
477778
537212
527716
466219
548575
519382
535346
499931
511687
508412
450960
498032
482101
520495
456756
498932
502600
461929
487193
510704
502862
471229
550687
469854
528174
498736
510164
500979
445131
521150
486096
504384
510492
513455
460325
477320
460456
482003
546119
512948
457804
546054
515060
498932
533430
507397
472457
492825
536099
452368
458950
470312
459981
491073
511474
448012
494921
476043
461602
526603
509182
520856
515993
537572
495085
487897
467758
538211
510983
454496
519038
493529
467595
541813
474438
451664
474815
460603
529550
475454
475241
472670
534920
468479
462322
460685
539865
453907
527978
458246
500406
504254
466710
440661
512653
512817
516795
481626
497950
469003
489059
526897
453154
531007
528944
492989
495363
538784
457689
511392
506578
528960
501126
540913
502109
453497
444001
490025
455348
480300
498376
500520
540176
498900
513128
446686
440432
544547
475257
525424
457492
531776
465695
465941
471590
466219
478597
486440
520495
486423
522182
518711
457902
444787
533610
512817
464123
453039
470787
467267
512735
467922
526472
501159
479072
514503
504908
442053
499816
460407
508085
503107
522526
441349
493660
464271
476436
480333
443723
541731
470280
481904
476108
480971
461668
439630
475928
482003
484442
529189
471622
516697
465188
511228
476812
506447
500946
510999
476993
514045
533577
454742
441611
529943
500242
507119
523606
497557
462110
473620
465663
539111
458098
513471
538473
450125
481413
505269
503549
473964
482543
529910
519267
437206
473718
483755
449519
482379
534380
499407
518956
440235
536508
434456
435389
453121
449224
487881
536312
437288
492547
515502
497852
505072
527994
509722
505973
439990
442151
481806
440514
454758
495609
475961
447538
477107
470345
457918
451353
442315
496411
498834
435798
490615
505678
454070
498441
434194
467283
523361
453809
499145
452171
471999
505711
465515
499243
459343
498310
444754
454365
519726
508920
531514
507004
499129
466890
535362
472965
431492
442577
534249
457214
476403
498441
464123
495543
521953
458409
504123
463763
494528
509084
448291
435684
533365
456510
478646
446228
511703
502682
449895
473014
458196
516173
480496
487815
512325
522313
487406
508249
452564
531334
438140
490304
458131
527912
488503
429020
440039
530729
435913
458933
442233
466727
476387
435716
460800
481168
524114
434619
445475
426089
509591
501077
457181
424730
489616
470149
445180
429216
466661
493464
437108
503631
513668
479547
514519
496902
504794
432458
428005
456903
437910
528698
435880
494446
469559
454807
514257
504745
443264
525620
496427
512407
476993
488748
485474
428021
475093
459179
497573
433834
476010
479678
439007
464271
487782
479956
448324
527781
446948
505269
475830
487275
478090
422242
498261
463207
481512
487619
490582
437452
454463
437599
459130
523246
490091
434947
523197
492219
476076
510573
484557
449617
469985
513275
429544
436126
447489
437157
468266
488666
425189
472097
453235
438795
503795
486374
498065
493202
514781
472294
465106
444984
515436
488208
431721
496280
470754
444836
519038
451680
428905
452057
437845
506791
452695
452499
449912
512178
445737
439580
437960
517123
431165
505252
435520
477697
481544
444001
417952
489944
490107
494086
458917
475257
446310
466367
504204
430461
508330
506267
470312
472687
516108
435012
488716
483902
506300
478466
518252
479449
430837
421357
467382
432704
457656
475732
477893
517548
476256
490500
424059
417821
521936
452646
502813
434881
509165
443084
443346
448979
443625
456002
463861
497901
463829
499604
496133
435323
422225
511048
490255
441545
430477
448225
444705
490173
445360
503926
478614
456526
491957
482379
419507
477287
437878
485556
480578
499997
418820
471147
441758
453923
457820
421226
519218
447767
459392
453612
458475
439171
417133
453432
459523
461962
506709
449142
494217
442708
488748
454332
483984
478483
488536
454529
491581
511130
432294
419180
507495
477811
484671
501175
475126
439695
451189
443232
516681
435684
491057
516058
427710
458999
482870
481151
451565
460161
507528
496869
414808
451336
461373
427137
459997
512014
477025
496575
417870
514159
412090
413024
430755
426859
465532
513963
414939
470198
493169
475503
482739
505662
487389
483640
417673
419835
459490
418197
432442
473309
453645
425221
454807
448045
435618
429053
420015
474127
476534
413515
468331
483394
431787
476158
411927
445016
501110
431541
476878
429920
449748
483460
443264
476993
437108
476076
422520
432131
497491
486702
509280
484770
476911
444656
513144
450747
409291
420359
512047
435012
454201
476239
441922
473358
499751
436224
481937
441578
472343
486898
426106
413498
511196
434341
456477
424075
489551
480529
427743
450861
436044
494020
458360
465679
490189
500177
465270
486112
430428
509198
416020
468184
436011
505793
466383
406916
417935
508625
413809
436830
420129
444623
454300
413629
438713
459081
502043
412549
423404
404002
487520
479006
435111
402659
467545
448094
423126
407162
444623
471426
415054
481593
491630
457509
492498
474864
482772
410437
405983
434881
415889
506693
413859
472441
447554
432802
492252
482756
421276
503615
474438
490418
455004
466760
463485
406032
453121
437206
475601
411861
454038
457705
417051
442315
465826
458000
426367
505842
425009
483329
453890
465335
456150
400318
476338
441283
459588
465695
468675
415529
432540
415692
437223
501339
468184
413040
501290
470329
454185
488699
462666
427726
448111
491384
407653
414252
425614
415299
446392
466792
403331
450239
431378
416937
481954
464533
476207
471360
492940
450452
443281
423142
493611
466383
409896
474455
448929
423011
497230
429855
407097
430248
416036
484999
430903
430706
428119
490386
423961
417804
416167
495347
409389
483476
413744
455921
459768
422242
396192
468184
468348
472326
437174
453497
424550
444623
482461
408717
486587
484524
448586
450960
494381
413302
467005
462191
484590
456739
496542
457738
409127
399647
445671
410993
435962
454038
456199
495854
454578
468806
402381
396143
500259
430968
481151
413204
487504
421423
421685
427333
421963
434357
442200
476256
442184
477959
474504
413678
400580
489403
468626
419917
408848
426613
423093
468561
423748
482314
457001
434914
470345
460767
397911
455691
416282
463960
458999
478417
397240
449568
420179
432344
436240
399647
497655
426204
437829
432049
436912
417624
395586
431885
437976
440415
485163
427595
472687
421177
467218
432818
462470
456968
467021
433015
470067
489616
410780
397666
485998
456314
463174
479678
453628
418197
429708
421750
495199
414202
469576
494593
406245
437534
461389
459686
430101
438696
486063
475421
393360
429888
439924
405688
438549
490566
455593
475142
396438
492727
390674
391608
409340
405443
444116
492547
393540
448798
471753
454103
461324
484262
465990
462241
396274
398435
438091
396814
411059
451926
432262
403855
433441
426679
414252
407686
398648
452761
455184
392164
446981
462044
410453
454824
390593
423682
479760
410207
455560
408586
428430
462142
421947
455675
415791
454758
401202
410813
476190
465384
487979
463469
455610
423371
491859
429462
388006
399074
490762
413744
432933
454971
420653
452089
478499
414956
460669
420326
451091
465646
404853
392263
489960
413105
435242
402840
468315
459293
406507
429642
414825
472801
437141
444460
468970
478974
444067
464909
409225
487995
394817
446997
414825
484590
445196
385730
396749
487439
392623
415643
398959
423453
433130
392459
417559
437910
480873
391379
402250
382865
466367
457853
413957
381522
446408
426957
401988
386025
423486
450288
393933
460472
470509
436404
471377
453759
461668
389316
384878
413777
394800
485588
392770
451353
426466
411730
471164
461668
400187
482543
453366
469346
433932
445704
442429
384977
432065
416151
454545
390822
432982
436666
395996
421276
444787
436961
405345
484802
403969
462306
432868
444312
435127
379295
455331
420277
438565
444689
447669
394539
411550
394686
416233
480349
447194
392050
480316
449339
433211
467709
441693
406769
427137
470427
386696
393278
404657
394342
425434
445851
382390
429298
410437
395996
461013
443592
455282
450436
472015
429527
422356
402234
472687
445458
388988
453547
428021
402103
476321
408963
386188
409356
395144
464107
410011
409814
407244
469510
403069
396929
395292
474471
388530
462601
392885
435062
438909
401382
375333
447325
447505
451484
416331
432655
403724
423781
461635
387891
465761
463698
427759
430133
473571
392476
446179
441381
463780
435946
475732
436944
388333
378853
424878
390200
415185
433260
435422
475077
433801
448029
381604
375366
479498
410207
460374
392443
466743
400662
400924
406573
401219
413613
421456
455511
421456
457214
453759
392950
379852
468692
447898
399205
388137
405901
402381
447849
403036
461602
436306
414219
449650
440072
377216
434996
395586
443281
438303
457722
376561
428889
399500
411681
415578
378984
476993
405541
417182
411386
416265
396962
374940
411239
417330
419769
464533
406966
452057
400547
446588
412189
441840
436339
446392
412401
449453
469003
390183
377052
465384
435700
442577
459081
433031
397600
409110
401153
474619
393622
448995
474013
385664
416953
440825
439122
409520
418132
465499
454856
372812
409323
419376
385140
418001
470034
435045
454611
375890
472179
370126
371076
388808
384911
423600
472032
373008
428283
451254
433588
440825
463763
445491
441742
375775
377953
417608
376332
390560
431443
411779
383372
412958
406212
393785
387220
378182
432294
434718
371698
426515
441594
389987
434374
370143
403233
459326
389774
435111
388153
407981
441709
401513
435258
395357
434325
380785
390396
455773
444984
467562
443068
435209
402971
471459
409061
367605
378673
470362
393343
412532
434587
400269
431705
458115
394588
440301
399942
430723
445278
384502
371895
469592
392737
414890
382488
447963
438958
386172
409291
394473
452466
416806
424124
448635
458639
423731
444591
388906
467693
374498
426679
394506
464287
424894
365427
376446
467136
372337
395357
378673
403167
412843
372173
397273
417641
460603
371109
381980
362595
446097
437599
393703
361269
426155
406704
381735
365771
403249
430051
373696
440235
450272
416167
451140
433522
441431
369095
364658
393556
374580
465384
372550
431148
406245
391526
450960
441463
379999
462355
433179
449159
413744
425516
422242
364805
411877
395963
434374
370650
412827
416495
375841
401120
424632
416806
385190
464647
383831
442151
412729
424174
414988
359157
435192
400138
418443
424566
427546
374416
391428
374564
396110
460243
427088
371944
460210
429233
413105
447620
421603
386663
407047
450337
366606
373205
384567
374252
405361
425778
362317
409225
390363
375939
440939
423535
435225
430379
451958
409487
402299
382177
452646
425418
368948
433506
407981
382079
456297
388939
366164
389332
375137
444083
390003
389807
387236
449502
383061
376921
375300
454480
368522
442609
372893
415070
418918
381391
355358
427350
427530
431509
396356
412696
383749
403822
441660
367932
445802
443739
407801
410191
453628
372533
426236
421439
443837
416003
455806
417019
368407
358927
404952
370290
395259
413335
415496
455167
413891
428136
361694
355456
459588
390314
440481
372550
446850
380769
381047
386696
381326
393720
401579
435651
401579
437354
433899
373090
359992
448815
428038
379344
368276
386041
382537
428005
383192
441758
416462
394375
429806
420244
357388
415168
375759
423453
418492
437910
356750
409078
379688
391870
395766
359173
457181
385746
397371
391591
396471
377183
355145
391444
397535
399991
444754
387187
432278
380785
426826
392410
422078
416576
426629
392639
429691
449257
370421
357306
445638
415954
422831
439335
413286
377871
389381
381424
454889
373892
429265
454283
365951
397240
421112
419409
389823
398419
445802
435160
353099
389643
399680
365444
398321
450337
415365
434931
356209
452515
350463
351396
369144
365247
403920
452368
353361
408619
431590
413940
421177
444116
425844
422094
356144
358305
397960
356684
370929
411812
392148
363741
393327
386581
374154
367605
358567
412680
415119
352100
406916
421980
370388
414775
350544
383634
439728
370176
415529
368555
388415
422127
381948
415676
375792
414759
361220
370831
436208
425418
448012
423502
415643
383421
451909
389512
348056
359140
450829
373810
392999
415054
380736
412172
438582
375071
420784
380425
411206
425762
364985
352395
450092
373237
395390
362988
428463
419458
366672
389807
374989
432982
397322
404641
429167
439171
404264
425107
369439
448225
355031
407211
375055
444836
405443
345976
356995
447701
352886
375906
359222
383732
393409
352738
377838
398206
441169
351691
362562
343160
426679
418181
374285
341850
406753
387285
362333
346369
383847
410649
354294
420833
430886
396782
431754
414137
422045
349726
345289
374187
355211
446015
353180
411779
386892
372157
431607
422111
360647
443002
413826
429806
394391
406163
402905
345452
392541
376627
415037
351314
393491
397175
356521
381800
405312
397502
365870
445344
364511
422847
393425
404870
395685
339869
415889
380851
399156
405279
408259
355129
372140
355293
376839
440972
407817
352673
440939
409978
393851
428349
402348
367409
387793
431083
347368
353950
365329
355014
386123
406540
343078
390003
371125
356717
421718
404313
416003
411157
432737
390265
383094
362971
433441
406212
349742
414301
388792
362873
437092
369750
346975
370143
355948
424910
370814
370618
368063
430330
363905
357749
356128
435323
349366
423453
353737
395914
399778
362251
336218
408210
408374
412369
377216
393556
364609
384698
422536
348809
426679
424616
388693
391067
434505
353426
407129
402332
424730
396896
436699
397911
349316
339837
385861
351199
376168
394244
396421
436077
394800
409045
342620
336398
440514
371240
421423
353492
427792
361711
361989
367638
362284
374678
382537
416593
382537
418312
414857
354048
340950
429789
409012
360319
349251
367016
363512
408979
364183
422749
397453
375366
410813
401235
338396
396159
356766
404461
399500
418918
337757
390085
360712
372877
376790
340197
438205
366770
378411
372632
377511
358207
336185
372501
378591
381031
425794
368244
413335
361825
407882
373483
403134
397649
407702
373712
410764
430330
351494
338379
426728
397044
403920
420424
394375
358960
370470
362529
435978
354998
410371
435389
347057
378346
402217
400515
370929
379541
426924
416282
334237
370765
380802
346582
379459
431476
396503
416069
337364
433653
331601
332551
350299
346402
385091
433522
334515
389774
412762
395095
402348
425287
407015
403282
337315
339493
379148
337872
352116
392999
373352
344945
374531
367785
355358
348809
339771
393884
396323
333304
388120
403200
351609
395996
331765
364871
420964
351412
396765
349791
369652
403364
363184
396929
357028
396012
342473
352083
417461
406671
429265
404772
396913
364674
433179
370781
329325
340410
432098
355096
374285
396323
362022
393474
419884
356357
402070
361727
392508
407064
346287
333697
431394
354556
376708
344306
409782
400777
347990
371125
356324
414301
378640
385975
410502
420506
385599
406458
350790
429560
336382
388562
356406
426187
386794
327328
338363
429053
334253
357274
340590
365100
374776
334122
359222
379590
422553
333075
343946
324561
408079
399565
355686
323251
388153
368702
343750
327786
365247
392066
335711
402250
412303
378198
413187
395570
403478
331143
326722
355620
336644
427448
334630
393212
368342
353606
413056
403560
342096
424452
395292
411272
375857
387629
384371
326935
374023
358109
396520
332796
374973
378657
338003
363283
386810
378984
347368
426842
346009
404346
374924
386368
377200
321368
397404
362366
380671
386794
389774
336644
353672
336824
358371
422503
389348
334204
422471
391510
375382
409896
383896
348956
369341
412631
328916
335514
346893
336578
367687
388104
324642
371567
352706
338281
403298
385894
397584
392737
414333
371862
364674
344568
415037
387809
331339
395897
370388
344486
418705
351347
328588
351756
337561
406523
352444
352247
349677
411959
345534
339394
337774
416953
331012
405099
335367
377560
381424
343897
317864
389856
390036
394031
358878
375218
346287
366361
404215
330471
408357
406294
370372
372746
416184
335105
388808
384011
406425
378591
418394
379606
331012
321532
367572
332894
357880
375955
378133
417804
376528
390773
324348
318110
422242
352968
403151
335219
409520
343455
343717
349382
344028
356422
364281
398353
364281
400056
396618
335809
322727
411550
390773
342080
331028
348793
345289
390756
345960
404526
379230
357159
392590
383028
320189
377953
338559
386254
381293
400727
319567
371895
342522
354687
358600
322023
420031
348596
360237
354458
359337
340049
318011
354327
360417
362873
407637
350086
395177
343684
389725
355325
384993
379492
389561
355571
392623
412189
333369
320255
408586
378919
385795
402299
376266
340835
352345
344405
417870
336873
392263
417281
328949
360254
384125
382423
352837
361449
408832
398190
316145
352673
362726
328490
361367
413400
378428
397993
319289
415578
313542
314491
332240
328343
367032
415463
316456
371731
394702
377052
384289
407244
388972
385239
319289
321450
361121
319845
334090
374973
355325
326918
356504
349759
337348
330799
321761
375890
378313
315310
370126
385206
333615
378002
313771
346877
402971
333418
378771
331814
351658
385386
345207
378951
339067
378035
324511
334122
399500
388710
411304
386810
378968
346730
415234
352837
311380
322465
414170
337151
356357
378395
344094
375530
401955
338428
384158
343799
374596
389152
328375
315785
413482
336644
358796
326394
391870
382881
330095
353230
338428
396405
360761
368080
392607
402627
367720
388579
332911
411681
318519
370700
338543
408325
368931
309465
320500
411206
316391
339427
322743
347253
356930
316276
341376
361744
404722
315228
326116
306730
390249
381735
337855
305421
370323
350872
325920
309972
347434
374252
317897
384453
394506
360401
395390
377773
385681
313362
308924
337823
318846
409667
316849
375431
350561
335825
395275
385795
324315
406687
377527
393507
358092
369881
366623
309170
356259
340360
378771
315048
357225
360909
320255
345534
369079
361252
329636
409110
328294
386630
357208
368653
359484
303652
379688
344650
362955
369079
372075
318945
335973
319125
340672
404804
371649
316521
404788
373827
357699
392214
366213
331290
351674
394964
311249
317831
329227
318912
350021
370438
306992
353901
335056
320631
385648
368244
379934
375087
396683
354212
347041
326918
397387
370176
313722
378280
352771
326853
401088
333729
310971
334139
319943
388906
334826
334646
332076
394342
327933
321794
320173
399352
313411
387498
317782
359975
363839
326313
300280
372288
372468
376446
341310
357650
328703
348793
386647
312919
390789
388742
352804
355194
398632
317553
371273
366475
388890
361056
400858
362071
313476
303996
350037
315375
340344
358436
360614
400269
359009
373254
306829
300607
404739
335465
385648
317717
392017
325952
326231
331879
326525
338936
346795
380867
346795
382586
379132
318323
305241
394080
373303
324610
313558
331323
327819
373286
328506
387072
361776
339706
375137
365575
302735
360516
321122
368817
363856
383290
302130
354458
325085
337266
341179
304586
402610
331175
342816
337037
341916
322629
300607
336922
343013
345469
390232
332682
377773
326280
372337
337937
367605
362120
372173
338183
375251
394800
315998
302883
391215
361547
368424
384928
358895
323480
334990
327049
400515
319534
374907
399942
311593
342898
366770
365084
335498
344110
391493
380851
298806
335350
345387
311168
344044
396078
361105
380671
301982
398272
296235
297185
314917
311037
349726
398173
299166
354425
377412
359762
366999
389954
371682
367949
301999
304176
343848
302572
316816
357699
338052
309645
339247
332501
320091
313542
304504
358633
361056
298053
352886
367949
316374
360761
296530
329636
385730
316194
361547
314589
334433
368162
327983
361727
321843
360827
307287
316898
382292
371502
394096
369603
361760
329522
398026
335629
294189
305273
396978
319960
339165
361203
326902
358354
384780
321253
366983
326640
357421
371977
311200
298610
396323
319485
341638
309236
374727
365722
312952
336087
321270
379263
343619
350954
375480
385484
350594
371436
315768
394555
301393
353573
321417
391198
351822
292355
303390
394096
299281
322318
305633
330144
339837
299183
324282
344650
387629
298151
309023
289637
373155
364658
320778
288344
353246
333795
308859
292895
330373
357192
300836
367392
377445
343340
378329
360712
368637
296301
291880
320778
301802
392623
299805
358403
333517
318797
378247
368768
307287
389659
360499
376479
341081
352853
349595
292159
339247
323349
361760
298036
340229
343913
303259
328539
352083
344257
312641
392115
311299
369635
340213
351674
342505
286674
362710
327671
345993
352116
355096
301982
319010
302162
323709
387842
354703
299559
387842
356881
340753
375268
349267
314344
334728
378018
294303
300902
312297
301982
333091
353508
290063
336988
318126
303718
368735
351330
363021
358191
379770
337315
330144
310021
380491
353279
296825
361383
335874
309972
384191
316849
294091
317258
303063
372042
317962
317766
315212
377478
311053
304929
303309
382504
296547
370650
300934
343128
346992
309465
283432
355440
355620
359615
324462
340819
311872
331961
369815
296088
373974
371911
335989
338379
381817
300738
354458
349660
372075
344241
384043
345272
296678
287198
333238
298577
323562
341638
343815
383487
342227
356471
290046
283825
387957
318683
368866
300951
375251
309186
309465
315113
309776
322170
330029
364101
330046
365820
362382
301573
288491
377331
356553
307877
296825
314589
311086
356570
311773
370339
345060
322989
358420
348858
286019
343799
304406
352100
347139
366574
285413
337757
308384
320566
324479
287902
385910
314475
326116
320353
325232
305945
283923
320238
326329
328801
373565
316014
361105
309612
355669
321270
350937
345452
355505
321532
358600
378149
299346
286232
374564
344896
351789
368293
342260
306845
318355
310414
383880
302899
358289
383307
294975
326280
350151
348465
318879
327491
374875
364249
282204
318748
328785
294565
327459
379475
344519
364085
285380
381686
279650
280599
298348
294467
333140
381588
282597
337855
360843
343193
350446
373385
355129
351396
285446
287623
327279
286019
300263
341146
321515
293108
322694
315965
303538
296989
287967
342096
344536
281516
336349
351429
299837
344224
280010
313116
369210
299674
345027
298069
317930
351658
311479
345223
305339
344323
290800
300411
365804
355014
377609
353115
345272
313050
381538
319158
277718
288802
380507
303489
322694
344748
310447
341900
368309
304798
350512
310185
340966
355538
294762
282171
379885
303030
325199
292797
358289
349284
296514
319649
304848
362841
327197
334515
359058
369062
334172
355031
299363
378149
284971
337168
305011
374793
335416
275949
286985
377691
282891
305928
289244
313754
323447
282793
307893
328277
371240
281762
292650
273264
356783
348285
304406
271987
336889
317438
292486
276539
314016
340835
284480
351036
361089
326984
361989
344372
352296
279961
275540
304455
285478
376283
283481
342080
317193
302474
361924
352444
290980
373352
344175
360172
324773
336546
333287
275851
322956
307042
345469
281745
323938
327622
286968
312265
335792
327983
296366
375841
295024
353361
323955
335399
326231
270415
346451
311413
329718
335858
338838
285724
302752
285904
307467
371600
338461
283317
371600
340639
324511
359042
333025
298102
318503
361793
278078
284676
296072
285757
316882
337299
273854
320778
301917
287509
352526
335121
346811
341981
363577
321106
313935
293829
364298
337086
280632
345190
319698
293796
368014
300672
277914
301082
286903
355866
301786
301606
299035
361318
294893
288769
287148
366344
280403
354490
284774
326967
330831
293321
267288
339296
339476
343471
308335
324675
295744
315834
353688
279961
357847
355800
319862
322252
365706
284627
338347
333549
355964
328130
367949
329161
280567
271103
317144
282482
307467
325559
327737
367409
326132
340393
273968
267747
371878
302605
352804
284873
359173
293125
293387
299052
293698
306108
313984
348056
313984
349775
346337
285528
272446
361285
340524
291831
280779
298544
295057
340524
295744
354310
329030
306960
342391
332829
269990
327786
288393
336087
331143
350561
269417
321744
292371
304569
