IEC 61083-2 TDG Version 2.1.0
Data File Version  2.1.0
17 LI-M5
16 bits, 8332 samples at 10ns
1.000000e-008
171.60
-8.71
94.07
29.62
20.91
42.68
-8.71
-60.97
81.01
-65.33
63.59
98.43
29.62
29.62
29.62
-0.87
41.81
68.81
3.48
55.75
-86.24
50.52
60.10
60.10
33.97
20.91
47.04
3.48
3.48
-22.65
-0.87
47.04
46.17
60.10
33.97
0.00
25.26
111.50
33.97
50.52
-20.91
98.43
21.78
20.91
64.46
64.46
17.42
16.55
42.68
42.68
128.92
12.19
71.43
47.91
122.82
42.68
-56.62
55.75
17.42
187.28
-84.49
-43.55
42.68
29.62
72.30
64.46
29.62
72.30
21.78
46.17
148.95
16.55
34.84
7.84
25.26
20.91
-13.07
37.46
50.52
25.26
128.05
-9.58
128.92
-12.19
79.27
42.68
-4.36
-22.65
29.62
-38.33
63.59
3.48
80.14
81.88
122.82
-63.59
81.01
55.75
106.27
99.30
-85.36
81.88
-13.07
12.19
55.75
42.68
38.33
12.19
-13.07
-89.72
169.86
33.97
7.84
20.91
3.48
41.81
-27.87
69.69
16.55
-110.63
125.43
54.88
98.43
-15.68
83.62
0.87
30.49
3.48
29.62
-81.01
147.21
-40.94
74.04
-5.23
3.48
-20.91
38.33
71.43
47.91
-22.65
41.81
16.55
43.55
54.88
39.20
106.27
42.68
33.97
7.84
-0.87
84.49
99.30
88.85
-48.78
31.36
-20.03
-30.49
-23.52
17.42
-135.89
103.66
6.97
0.87
61.85
31.36
20.91
-24.39
108.01
17.42
151.57
-40.94
42.68
50.52
0.87
-9.58
-0.87
11.32
30.49
-9.58
16.55
41.81
-3.48
80.14
-27.00
-50.52
104.53
32.23
-41.81
26.13
-0.87
63.59
46.17
30.49
116.72
79.27
63.59
25.26
42.68
55.75
64.46
-126.30
-13.94
29.62
67.94
51.39
21.78
34.84
24.39
51.39
-25.26
210.80
-13.94
37.46
13.07
-22.65
40.94
-56.62
10.45
-11.32
137.63
-123.69
85.36
44.42
153.31
76.65
0.00
104.53
-0.87
37.46
64.46
21.78
101.04
27.87
-18.29
-40.94
62.72
56.62
132.40
-13.07
95.82
86.24
49.65
68.81
67.94
18.29
20.91
15.68
-41.81
13.94
95.82
-82.75
28.75
55.75
-6.97
57.49
42.68
-41.81
47.04
20.91
20.91
20.91
15.68
36.58
-55.75
69.69
-19.16
53.13
16.55
42.68
109.75
-123.69
-39.20
-5.23
8.71
-0.87
20.91
107.14
81.88
30.49
20.91
63.59
8.71
93.20
11.32
71.43
0.87
72.30
-20.91
23.52
111.50
-81.01
9.58
29.62
100.17
13.07
-20.91
-126.30
53.13
11.32
4.36
125.43
19.16
58.36
27.87
47.04
0.00
77.52
33.97
82.75
11.32
-84.49
20.91
45.30
-13.94
64.46
23.52
-2.61
44.42
65.33
-38.33
144.60
74.04
4.36
2.61
37.46
189.02
-83.62
31.36
-5.23
51.39
-82.75
137.63
-46.17
37.46
61.85
-20.03
58.36
72.30
2.61
-45.30
123.69
-28.75
74.91
-44.42
60.97
2.61
0.87
67.07
36.58
130.66
-101.91
13.94
54.01
-25.26
23.52
105.40
-5.23
-73.17
33.10
-6.97
103.66
35.71
74.91
-40.94
-36.58
61.85
-17.42
6.97
107.14
71.43
-62.72
63.59
4.36
73.17
47.04
42.68
49.65
45.30
39.20
-64.46
-24.39
32.23
77.52
75.78
53.13
-20.03
-4.36
-13.94
36.58
-2.61
81.88
54.01
67.07
-25.26
-43.55
102.79
-28.75
27.00
47.91
53.13
-124.56
92.33
28.75
18.29
48.78
22.65
85.36
85.36
11.32
-27.00
186.41
-6.97
79.27
81.88
-2.61
-42.68
113.24
-48.78
27.00
13.94
-20.91
53.13
-0.87
-0.87
-16.55
-22.65
-14.81
60.97
92.33
64.46
1.74
-4.36
-13.94
84.49
18.29
123.69
-47.04
-33.10
33.10
-55.75
18.29
67.07
-13.94
-0.87
-49.65
-23.52
121.08
38.33
-18.29
-0.87
20.91
32.23
6.10
-32.23
75.78
2.61
156.79
-30.49
18.29
31.36
62.72
21.78
41.81
26.13
46.17
-40.94
-47.04
162.89
-12.19
10.45
0.00
35.71
36.58
-74.04
-81.01
141.98
-54.01
15.68
78.40
-56.62
99.30
54.01
6.97
8.71
-16.55
60.97
-33.10
73.17
27.00
31.36
-144.60
35.71
-7.84
74.91
51.39
-20.03
140.24
-50.52
97.56
-40.94
141.11
-22.65
-6.10
57.49
53.13
21.78
9.58
64.46
15.68
76.65
107.14
9.58
71.43
36.58
81.01
128.05
17.42
67.94
11.32
-44.42
18.29
35.71
-24.39
80.14
78.40
0.87
114.98
-56.62
-19.16
114.11
-14.81
74.04
66.20
28.75
36.58
41.81
20.91
44.42
61.85
26.13
82.75
20.91
36.58
-32.23
104.53
27.00
74.91
44.42
37.46
16.55
41.81
60.97
20.03
38.33
85.36
23.52
16.55
-98.43
18.29
27.87
22.65
27.87
9.58
-27.00
-11.32
81.01
13.07
47.04
13.94
42.68
-121.95
75.78
-54.88
47.04
-12.19
-2.61
-19.16
68.81
107.14
62.72
0.00
-15.68
51.39
21.78
91.46
24.39
81.88
56.62
66.20
-12.19
-23.52
34.84
92.33
-19.16
10.45
-19.16
70.56
83.62
66.20
-12.19
264.80
-38.33
38.33
8.71
53.13
124.56
144.60
6.97
44.42
-0.87
60.10
-23.52
17.42
35.71
53.13
41.81
-60.10
77.52
16.55
74.91
-15.68
9.58
33.10
13.07
26.13
40.94
-66.20
73.17
33.10
-43.55
141.11
54.01
-15.68
-19.16
-33.10
-23.52
166.37
-9.58
41.81
-66.20
13.94
50.52
-29.62
99.30
134.14
25.26
118.46
-119.34
-22.65
-6.10
-20.91
74.04
82.75
-0.87
47.91
-58.36
54.01
159.40
-2.61
27.00
-60.10
-8.71
26.13
39.20
41.81
20.91
62.72
-27.00
30.49
-11.32
80.14
60.97
57.49
26.13
-22.65
80.14
-40.94
131.53
25.26
15.68
-40.94
4.36
3.48
87.98
-27.87
59.23
16.55
76.65
-2.61
9.58
40.94
2.61
66.20
-27.87
4.36
-58.36
-39.20
69.69
-0.87
-48.78
-3.48
12.19
63.59
80.14
80.14
-17.42
93.20
-47.91
28.75
15.68
20.91
-40.07
-51.39
33.97
-58.36
54.01
-81.88
27.00
-43.55
84.49
-34.84
-88.85
-31.36
-47.04
4.36
-40.94
-3.48
-29.62
39.20
74.91
-139.37
39.20
35.71
-88.85
-87.11
-2.61
-52.26
-8.71
-29.62
63.59
-117.59
-70.56
-8.71
-29.62
-33.10
78.40
-0.87
-91.46
25.26
16.55
121.08
-42.68
55.75
-35.71
-65.33
-24.39
1.74
-85.36
3.48
-53.13
-86.24
-71.43
-137.63
-17.42
16.55
-22.65
-20.91
55.75
-32.23
-85.36
13.07
-31.36
-56.62
-81.88
8.71
-78.40
-114.11
-91.46
-2.61
-22.65
-183.79
-46.17
-72.30
-40.07
-80.14
-67.94
-12.19
-86.24
-63.59
-139.37
-30.49
-18.29
-30.49
-40.07
-80.14
-6.10
-187.28
-51.39
-49.65
-64.46
-167.24
-82.75
-65.33
-41.81
-38.33
-2.61
-99.30
-50.52
-53.13
-107.14
-7.84
-82.75
-20.91
-52.26
-71.43
-23.52
-31.36
-86.24
-155.92
-104.53
116.72
-55.75
-22.65
-87.98
-75.78
35.71
-114.11
-22.65
0.87
68.81
-35.71
-65.33
-35.71
-60.97
-17.42
-80.14
-18.29
-14.81
-54.88
-81.01
-46.17
-65.33
-42.68
-24.39
-27.87
-142.85
11.32
56.62
-12.19
-6.10
-182.05
-58.36
-87.11
-76.65
-20.91
-163.76
-78.40
48.78
-100.17
13.07
-97.56
-127.18
6.10
-125.43
-56.62
-40.94
127.18
-114.98
-20.03
-111.50
9.58
12.19
-72.30
-2.61
-3.48
-23.52
27.87
-57.49
-67.07
24.39
-56.62
-129.79
13.94
-49.65
60.97
-32.23
13.07
120.21
-27.87
-5.23
-102.79
13.94
27.87
-106.27
-39.20
38.33
-91.46
-101.04
-32.23
-84.49
73.17
-67.94
-57.49
-11.32
-37.46
-23.52
-50.52
20.91
12.19
-52.26
-86.24
128.05
-49.65
161.15
13.07
-3.48
-90.59
20.91
43.55
95.82
-33.97
108.01
-0.87
-27.00
55.75
-73.17
129.79
-0.87
-11.32
-6.10
60.10
-36.58
85.36
-43.55
50.52
-94.07
45.30
49.65
20.91
178.57
-144.60
-10.45
13.94
84.49
31.36
56.62
-53.13
6.97
0.87
-26.13
195.99
16.55
114.11
5.23
29.62
-15.68
93.20
-22.65
3.48
47.91
121.95
-69.69
21.78
23.52
32.23
101.04
-22.65
6.10
29.62
15.68
-118.46
74.91
85.36
-20.03
77.52
27.00
104.53
71.43
31.36
36.58
81.88
27.00
42.68
22.65
-4.36
117.59
11.32
-108.88
64.46
17.42
99.30
58.36
6.97
-22.65
8.71
0.87
-37.46
304.87
712.53
434.66
-1453.80
-3298.72
-5924.97
-7874.41
-8582.59
-8196.71
-6449.35
-5301.29
-4315.25
-3263.87
-2196.82
-1688.99
-1853.62
-2756.92
-4530.40
-6055.63
-7251.60
-7792.53
-7281.22
-6427.58
-4872.73
-4146.26
-2841.41
-1722.96
-1380.64
-1797.00
-2402.39
-3458.12
-3996.44
-4824.82
-5181.96
-5939.78
-6392.74
-6585.24
-6585.24
-5777.76
-5412.79
-5360.52
-5789.96
-5992.92
-6251.62
-6148.84
-6266.43
-6936.28
-8184.51
-9068.64
-9647.03
-10079.08
-9946.67
-10165.31
-9922.28
-10937.07
-9825.60
-10127.86
-9753.30
-10146.15
-10409.21
-10967.56
-11553.79
-11849.95
-12521.54
-12243.67
-12243.67
-12086.01
-12052.03
-12153.08
-12173.11
-12237.57
-11809.88
-11389.16
-10747.18
-10592.13
-10830.80
-11043.34
-11307.28
-11641.76
-12386.52
-13330.76
-14260.18
-15166.96
-15971.82
-16213.98
-16401.25
-16630.34
-16809.78
-16899.50
-16901.25
-17081.56
-17452.63
-17977.88
-18699.99
-19265.31
-19794.05
-19854.15
-19668.61
-19157.30
-18527.52
-18067.60
-17848.09
-17945.65
-18315.85
-18388.15
-18612.89
-18864.62
-19281.86
-19515.31
-19747.88
-19585.86
-19249.63
-18841.97
-18989.18
-19104.16
-19687.78
-20349.79
-21173.81
-22304.45
-23254.78
-24307.90
-24703.36
-24945.52
-25043.08
-24908.93
-24886.28
-25036.98
-25217.29
-25437.67
-25539.58
-25867.97
-26050.03
-26251.24
-26367.96
-26521.27
-26696.35
-26950.70
-27279.97
-27404.53
-27372.30
-27252.09
-26726.84
-26452.46
-26595.31
-26792.17
-27335.71
-27931.52
-28590.92
-29036.90
-29691.94
-30159.70
-30439.31
-30645.76
-31029.02
-31303.41
-31784.24
-32225.87
-32633.52
-32968.88
-33323.41
-33954.93
-34319.90
-34880.87
-35150.90
-35352.98
-35394.79
-35538.52
-35532.42
-35664.82
-35694.44
-35757.16
-35944.44
-36143.91
-36569.86
-36845.99
-37019.33
-36979.26
-36960.10
-37021.07
-37081.17
-37198.77
-37541.10
-37647.36
-37886.04
-38174.36
-38411.29
-38690.90
-39052.39
-39527.12
-39958.30
-40143.83
-40622.92
-40795.39
-41142.94
-41382.49
-41655.13
-41758.78
-42026.20
-42412.95
-42651.62
-42978.27
-43121.13
-43204.75
-43392.90
-43429.48
-43493.94
-43378.96
-43590.63
-43469.55
-43465.20
-43506.14
-43486.97
-43489.59
-43511.36
-43479.13
-43557.53
-43701.26
-43752.65
-43871.11
-44023.55
-44185.57
-44466.05
-44774.41
-45162.03
-45380.67
-45561.85
-45863.24
-45959.92
-46216.89
-46369.32
-46478.21
-46902.41
-47073.14
-47515.64
-47722.09
-47902.40
-48149.78
-48194.20
-48235.14
-48256.92
-48041.77
-48103.61
-48120.16
-48153.26
-48226.43
-48237.75
-48210.75
-48273.47
-48246.47
-48457.26
-48477.30
-48576.60
-48583.57
-48427.65
-48660.22
-48756.91
-48899.76
-49040.00
-49292.61
-49564.38
-49878.84
-50135.80
-50313.50
-50639.28
-50789.10
-50938.05
-51166.27
-51301.29
-51529.50
-51633.16
-51793.44
-51928.45
-52090.47
-52245.52
-52303.88
-52343.08
-52508.58
-52563.46
-52616.59
-52531.23
-52480.71
-52494.64
-52526.00
-52479.83
-52686.28
-52924.95
-53020.76
-53153.17
-53169.72
-53328.25
-53289.92
-53323.02
-53415.36
-53401.42
-53435.39
-53615.70
-53883.12
-54208.90
-54316.91
-54489.38
-54842.16
-54956.27
-55053.83
-55150.51
-55411.83
-55347.38
-55331.70
-55434.48
-55459.74
-55519.85
-55807.30
-55848.24
-55975.41
-55858.69
-56070.36
-55742.84
-55609.57
-55460.61
-55319.50
-55223.68
-55242.85
-55222.81
-55309.92
-55373.51
-55499.81
-55481.52
-55481.52
-55526.81
-55448.42
-55322.99
-55444.93
-55437.97
-55477.16
-55366.54
-55647.89
-55654.86
-55847.37
-56068.62
-56106.07
-56371.75
-56275.93
-56275.93
-56064.26
-56091.26
-55945.80
-55669.67
-55599.11
-55572.98
-55547.72
-55567.75
-55721.06
-55609.57
-55498.07
-55343.02
-55364.80
-55062.54
-54986.75
-54851.74
-54658.36
-54427.53
-54293.39
-54384.85
-54357.85
-54403.14
-54551.22
-54647.04
-54514.64
-54517.25
-54478.05
-54407.50
-54425.79
-54460.63
-54435.37
-54447.57
-54559.93
-54572.13
-54535.54
-54665.33
-54516.38
-54576.48
-54551.22
-54439.73
-54267.26
-54100.01
-54063.43
-53908.38
-53869.18
-53786.43
-53728.94
-53489.40
-53554.73
-53483.30
-53382.26
-53357.00
-53184.52
-53146.20
-52978.08
-52916.24
-52845.68
-52845.68
-52884.01
-52871.81
-52828.26
-52680.18
-52892.72
-52951.08
-52999.86
-53019.89
-53045.15
-53032.09
-53071.29
-53086.09
-52981.57
-52794.29
-52877.91
-52801.26
-52763.80
-52832.61
-52742.90
-52822.16
-52673.21
-52634.88
-52551.26
-52595.69
-52491.16
-52227.23
-52066.08
-52054.76
-51952.84
-51782.11
-51743.79
-51765.56
-51652.32
-51728.11
-51679.33
-51609.64
-51452.85
-51509.47
-51509.47
-51477.24
-51431.94
-51518.18
-51484.21
-51560.86
-51414.52
-51420.62
-51453.72
-51425.85
-51387.52
-51271.67
-51264.70
-51153.20
-51071.32
-50962.44
-50850.07
-50701.99
-50584.40
-50571.33
-50565.24
-50442.42
-50288.24
-50154.97
-50021.69
-49924.13
-49833.54
-49607.07
-49563.51
-49445.92
-49304.81
-49080.94
-49080.94
-49048.72
-48897.15
-48844.02
-48855.34
-48745.58
-48704.64
-48619.28
-48509.53
-48416.32
-48429.39
-48276.08
-48195.07
-48182.88
-48143.68
-48020.86
-48048.73
-47972.95
-47804.84
-47531.32
-47525.22
-47407.63
-47255.20
-46966.87
-47127.15
-46882.38
-46760.43
-46701.20
-46540.05
-46337.09
-46364.10
-46224.73
-45980.83
-45977.35
-45824.91
-45708.19
-45708.19
-45514.81
-45544.43
-45360.63
-45345.82
-45364.99
-45351.05
-45268.30
-45186.42
-45135.03
-45033.98
-45002.63
-44812.73
-44819.70
-44931.20
-44817.96
-44643.75
-44553.16
-44616.74
-44421.63
-44397.24
-44404.20
-44283.13
-44200.38
-44130.69
-44033.13
-43878.08
-43779.65
-43696.90
-43573.21
-43581.92
-43471.30
-43450.39
-43186.46
-43292.73
-43174.26
-43071.48
-43140.29
-43033.15
-42921.65
-42980.02
-42993.95
-42922.53
-42871.13
-42882.46
-42906.85
-42806.67
-42882.46
-42865.91
-42780.54
-42743.96
-42766.61
-42595.88
-42640.30
-42507.90
-42594.13
-42424.28
-42433.86
-42398.15
-42341.53
-42228.29
-42191.70
-42147.28
-41953.03
-41973.94
-41875.51
-41731.78
-41767.50
-41712.62
-41526.21
-41627.25
-41561.05
-41426.91
-41485.27
-41534.92
-41370.29
-41325.87
-41402.52
-41317.16
-41286.67
-41277.96
-41208.27
-41090.68
-41186.50
-41268.38
-41123.78
-41009.67
-41077.61
-40998.35
-40903.40
-40883.37
-40872.91
-40737.03
-40793.65
-40441.74
-40512.29
-40351.15
-40507.07
-40331.98
-40237.04
-40176.06
-40121.19
-40004.46
-39830.25
-39896.45
-39834.61
-39786.70
-39780.60
-39690.01
-39669.97
-39642.97
-39565.45
-39641.23
-39584.61
-39383.39
-39511.44
-39413.01
-39333.74
-39379.04
-39250.99
-39245.77
-39259.70
-39211.79
-39138.63
-39214.41
-39213.54
-39128.17
-39173.47
-39017.55
-38923.47
-38964.41
-38941.77
-38809.36
-38827.66
-38749.26
-38666.51
-38693.51
-38577.66
-38649.96
-38512.33
-38440.03
-38494.04
-38480.10
-38335.50
-38506.23
-38428.71
-38377.32
-38231.85
-38428.71
-38260.59
-38383.41
-38310.24
-38371.22
-38305.02
-38207.46
-38341.60
-38290.21
-38408.67
-38338.99
-38331.15
-38382.54
-38332.02
-38260.59
-38325.92
-38380.80
-38298.92
-38276.27
-38238.82
-38251.01
-38163.91
-38122.09
-38240.56
-38217.04
-37996.66
-38216.17
-38168.26
-38110.77
-38026.28
-38217.04
-38072.44
-38139.52
-38178.71
-38176.10
-38149.10
-38168.26
-38168.26
-38154.32
-38090.74
-38267.56
-38192.65
-38275.40
-38311.99
-38281.50
-38233.59
-38286.73
-38375.57
-38392.12
-38370.35
-38494.04
-38318.08
-38406.06
-38441.77
-38413.03
-38335.50
-38311.99
-38394.74
-38354.67
-38359.02
-38342.47
-38356.41
-38331.15
-38420.87
-38300.66
-38385.16
-38399.09
-38383.41
-38325.05
-38467.04
-38380.80
-38370.35
-38427.84
-38420.00
-38388.64
-38440.03
-38381.67
-38480.97
-38440.90
-38539.33
-38504.49
-38464.42
-38619.47
-38619.47
-38526.27
-38656.06
-38588.98
-38578.53
-38548.04
-38518.43
-38636.89
-38576.79
-38567.21
-38599.44
-38488.81
-38455.71
-38520.17
-38467.04
-38555.88
-38370.35
-38575.05
-38537.59
-38501.01
-38599.44
-38584.63
-38639.51
-38608.15
-38637.76
-38648.22
-38601.18
-38681.32
-38682.19
-38730.10
-38749.26
-38754.49
-38743.16
-38918.25
-38835.50
-38856.40
-38877.31
-38919.99
-38932.18
-39004.48
-38991.42
-39001.00
-38934.80
-39095.94
-38968.77
-38978.35
-39122.08
-39150.82
-39053.26
-39047.16
-39178.69
-39072.42
-39021.90
-39215.28
-39149.95
-39121.20
-39210.05
-39203.96
-39281.48
-39268.41
-39329.39
-39392.98
-39316.32
-39400.82
-39368.59
-39479.21
-39426.08
-39531.48
-39627.29
-39575.03
-39716.14
-39630.78
-39668.23
-39829.38
-39692.62
-39715.27
-39696.11
-39798.02
-39752.73
-39787.57
-39901.68
-39744.01
-39834.61
-39959.17
-39865.96
-39908.65
-40023.63
-40034.08
-39966.14
-39957.43
-40180.42
-40027.98
-40085.47
-40144.70
-40155.16
-40152.54
-40144.70
-40221.36
-40107.25
-40163.87
-40237.91
-40251.84
-40298.88
-40360.73
-40363.34
-40410.38
-40374.66
-40426.06
-40445.22
-40495.74
-40524.49
-40491.39
-40506.20
-40700.44
-40564.56
-40524.49
-40584.59
-40602.01
-40676.92
-40680.41
-40675.18
-40585.46
-40662.99
-40720.48
-40748.35
-40767.51
-40658.63
-40824.13
-40731.80
-40821.52
-40831.97
-40795.39
-40777.10
-40906.88
-40905.14
-40882.49
-40927.79
-40919.08
-40933.89
-41068.03
-41111.58
-40991.38
-41149.91
-41101.13
-41112.46
-41103.74
-41093.29
-41216.11
-41152.52
-41149.91
-41218.73
-41200.43
-41118.55
-41247.47
-41296.25
-41176.04
-41336.32
-41297.99
-41253.57
-41342.42
-41318.90
-41273.60
-41393.81
-41433.88
-41384.23
-41411.23
-41344.16
-41446.94
-41337.19
-41508.79
-41484.40
-41427.78
-41593.28
-41452.17
-41533.18
-41527.08
-41578.47
-41687.36
-41643.80
-41682.13
-41769.24
-41671.68
-41732.65
-41723.94
-41705.65
-41662.10
-41892.06
-41838.92
-41759.66
-41757.91
-41912.96
-41687.36
-41904.25
-41851.99
-41839.79
-41792.76
-42014.88
-41978.29
-41817.15
-42012.26
-41992.23
-41878.12
-41899.90
-42093.27
-41934.74
-41912.96
-42041.01
-42020.10
-42065.40
-42015.75
-42100.24
-42133.34
-41986.13
-42195.19
-42099.37
-42028.81
-42084.56
-42203.03
-42103.73
-42110.69
-42165.57
-42230.90
-42119.40
-42133.34
-42218.71
-42149.89
-42195.19
-42262.26
-42132.47
-42163.83
-42249.19
-42256.16
-42189.09
-42227.42
-42193.45
-42129.86
-42077.59
-42328.46
-42196.06
-42183.86
-42263.13
-42329.33
-42196.06
-42340.65
-42302.33
-42285.78
-42197.80
-42331.07
-42233.51
-42215.22
-42291.88
-42241.35
-42280.55
-42394.66
-42255.29
-42340.65
-42201.28
-42293.62
-42281.42
-42274.45
-42280.55
-42284.04
-42211.74
-42303.20
-42277.07
-42304.94
-42284.04
-42311.04
-42260.52
-42312.78
-42364.17
-42250.06
-42255.29
-42319.75
-42300.59
-42251.81
-42188.22
-42290.13
-42282.29
-42280.55
-42290.13
-42264.87
-42147.28
-42239.61
-42251.81
-42242.22
-42341.53
-42370.27
-42189.96
-42244.84
-42331.07
-42271.84
-42271.84
-42297.97
-42338.91
-42195.19
-42216.09
-42398.15
-42303.20
-42259.65
-42372.01
-42210.87
-42250.94
-42271.84
-42242.22
-42235.26
-42267.49
-42351.11
-42255.29
-42271.84
-42257.03
-42213.48
-42106.34
-42239.61
-42251.81
-42186.48
-42274.45
-42250.06
-42212.61
-42207.38
-42237.87
-42295.36
-42142.05
-42174.28
-42242.22
-42192.57
-42295.36
-42190.83
-42277.07
-42160.34
-42230.90
-42241.35
-42266.61
-42196.93
-42209.12
-42143.79
-42157.73
-42242.22
-42115.05
-42105.47
-42146.41
-42188.22
-42062.79
-42169.06
-42107.21
-42027.94
-42217.84
-42135.96
-42046.24
-42133.34
-42107.21
-42007.91
-42072.37
-42028.81
-42080.21
-41927.77
-42146.41
-42076.72
-42046.24
-42003.55
-42047.98
-42004.42
-41933.00
-42056.69
-42004.42
-41877.25
-41993.97
-42047.11
-41878.99
-41927.77
-41968.71
-41955.64
-41824.11
-41894.67
-41927.77
-41885.96
-41845.02
-41939.09
-41761.40
-41864.18
-41915.58
-41811.92
-41840.66
-41809.31
-41787.53
-41812.79
-41819.76
-41911.22
-41637.71
-41734.39
-41720.46
-41694.33
-41652.51
-41760.53
-41744.85
-41655.13
-41688.23
-41771.85
-41654.26
-41653.39
-41657.74
-41682.13
-41662.97
-41582.83
-41664.71
-41549.73
-41628.13
-41600.25
-41540.15
-41612.45
-41582.83
-41550.60
-41320.64
-41616.80
-41488.75
-41507.92
-41474.82
-41618.54
-41433.88
-41465.24
-41611.57
-41409.49
-41642.93
-41540.15
-41519.24
-41398.16
-41444.33
-41472.20
-41391.20
-41466.98
-41507.05
-41350.26
-41495.72
-41433.88
-41433.88
-41282.31
-41360.71
-41409.49
-41348.51
-41321.51
-41342.42
-41308.44
-41286.67
-41317.16
-41237.89
-41303.22
-41253.57
-41303.22
-41241.37
-41243.11
-41312.80
-41196.95
-41324.12
-41273.60
-41221.34
-41197.82
-41396.42
-41300.61
-41239.63
-41171.69
-41196.95
-41177.79
-41200.43
-41256.18
-41202.17
-41086.32
-41173.43
-41178.66
-41163.85
-41061.06
-41171.69
-41205.66
-40912.98
-41236.15
-41106.36
-41074.13
-41071.52
-41143.81
-40943.47
-41072.39
-41091.55
-41032.32
-41127.26
-41009.67
-41016.64
-41072.39
-41002.70
-41087.19
-41020.12
-41070.64
-40935.63
-40882.49
-40940.86
-40951.31
-40908.63
-40882.49
-40911.24
-41000.09
-40918.21
-40946.95
-40913.85
-40965.25
-40857.23
-40918.21
-40842.43
-40842.43
-40860.72
-40858.10
-40924.31
-40828.49
-40849.39
-40914.72
-40707.41
-40814.55
-40849.39
-40803.23
-40810.20
-40771.00
-40824.13
-40791.03
-40861.59
-40782.32
-40665.60
-40754.45
-40686.51
-40704.80
-40771.87
-40682.15
-40687.38
-40703.06
-40730.93
-40656.02
-40599.40
-40655.15
-40657.76
-40627.27
-40614.21
-40742.25
-40655.15
-40723.96
-40710.02
-40621.18
-40658.63
-40637.73
-40637.73
-40608.11
-40675.18
-40717.86
-40531.46
-40615.95
-40642.95
-40578.49
-40636.85
-40623.79
-40695.22
-40561.07
-40624.66
-40699.57
-40608.11
-40592.43
-40589.82
-40592.43
-40453.06
-40643.82
-40585.46
-40515.78
-40513.16
-40635.11
-40521.87
-40544.52
-40548.88
-40473.97
-40473.09
-40619.43
-40487.90
-40484.42
-40675.18
-40575.01
-40555.85
-40517.52
-40584.59
-40588.95
-40529.71
-40487.03
-40497.48
-40465.26
-40577.62
-40551.49
-40495.74
-40482.68
-40585.46
-40473.97
-40431.28
-40631.63
-40569.78
-40478.32
-40509.68
-40588.95
-40402.54
-40524.49
-40601.14
-40623.79
-40368.57
-40559.33
-40433.90
-40491.39
-40609.85
-40569.78
-40445.22
-40492.26
-40539.30
-40406.02
-40492.26
-40590.69
-40537.55
-40448.71
-40548.88
-40426.06
-40442.61
-40453.06
-40520.13
-40470.48
-40443.48
-40436.51
-40525.36
-40353.76
-40612.46
-40505.32
-40411.25
-40547.14
-40596.79
-40525.36
-40472.22
-40588.08
-40515.78
-40539.30
-40406.89
-40571.52
-40462.64
-40454.80
-40588.08
-40481.81
-40426.06
-40478.32
-40445.22
-40432.15
-40531.46
-40571.52
-40464.38
-40500.97
-40606.37
-40575.01
-40408.64
-40586.33
-40515.78
-40575.01
-40639.47
-40514.03
-40571.52
-40439.12
-40520.13
-40524.49
-40548.01
-40440.87
-40592.43
-40509.68
-40410.38
-40528.84
-40465.26
-40541.04
-40512.29
-40577.62
-40447.83
-40538.42
-40565.43
-40520.13
-40570.65
-40631.63
-40448.71
-40577.62
-40612.46
-40596.79
-40494.87
-40672.57
-40611.59
-40561.94
-40677.79
-40700.44
-40641.21
-40605.50
-40592.43
-40522.75
-40575.88
-40617.69
-40608.11
-40529.71
-40700.44
-40535.81
-40672.57
-40583.72
-40589.82
-40621.18
-40636.85
-40576.75
-40651.66
-40572.40
-40673.44
-40617.69
-40648.18
-40654.28
-40684.76
-40706.54
-40497.48
-40770.13
-40676.05
-40625.53
-40776.22
-40723.96
-40698.70
-40645.57
-40716.99
-40683.89
-40704.80
-40763.16
-40700.44
-40719.61
-40821.52
-40643.82
-40787.55
-40712.64
-40751.84
-40608.98
-40791.03
-40812.81
-40737.03
-40671.70
-40885.98
-40791.90
-40842.43
-40724.83
-40845.04
-40723.96
-40793.65
-40900.79
-40782.32
-40825.00
-40856.36
-40892.08
-40737.03
-40785.81
-40857.23
-40831.97
-40809.33
-40769.26
-40844.17
-40845.04
-40853.75
-40914.72
-40782.32
-40885.98
-40947.82
-40869.43
-40749.22
-40872.04
-40912.11
-40822.39
-40895.56
-40872.91
-40765.77
-40791.03
-40885.98
-40784.06
-40792.78
-40925.18
-40884.24
-40843.30
-40916.47
-40853.75
-40865.94
-40796.26
-40852.01
-40777.10
-40878.14
-40983.54
-40841.55
-40840.68
-40938.24
-40913.85
-40777.97
-40906.01
-40971.34
-40845.91
-40853.75
-40875.53
-40893.82
-40878.14
-40923.43
-40960.02
-40920.82
-41015.77
-40961.76
-40929.53
-40853.75
-40863.33
-40923.43
-40908.63
-40910.37
-41002.70
-40946.95
-40977.44
-41023.61
-40964.37
-40874.66
-40859.85
-40925.18
-40835.46
-41002.70
-40874.66
-40858.98
-40902.53
-40953.05
-40908.63
-40918.21
-40940.86
-40972.21
-40883.37
-40910.37
-40959.15
-40899.92
-41032.32
-40969.60
-40926.05
-40942.60
-41071.52
-40959.15
-40949.57
-41140.33
-41021.86
-40838.07
-40948.70
-41000.09
-40955.66
-41024.48
-40960.89
-40960.89
-40947.82
-40939.98
-41106.36
-40867.69
-40962.63
-40959.15
-40935.63
-40814.55
-41061.06
-40978.31
-40999.22
-40871.17
-40980.05
-40845.91
-40923.43
-41014.03
-40802.36
-40854.62
-40926.92
-40925.18
-40901.66
-40847.65
-40897.30
-40887.72
-40872.04
-40949.57
-40843.30
-40919.08
-40982.67
-40982.67
-40943.47
-40953.05
-40939.98
-40908.63
-40825.00
-40953.92
-40917.34
-40809.33
-40772.74
-40875.53
-40887.72
-40827.62
-40872.91
-40742.25
-40872.91
-40856.36
-40771.87
-40749.22
-40891.21
-40754.45
-40742.25
-40837.20
-40808.45
-40699.57
-40750.09
-40764.03
-40737.03
-40767.51
-40763.16
-40719.61
-40668.21
-40695.22
-40703.93
-40728.32
-40654.28
-40689.12
-40674.31
-40681.28
-40635.11
-40721.35
-40681.28
-40621.18
-40638.60
-40595.91
-40571.52
-40712.64
-40573.27
-40575.88
-40676.92
-40548.01
-40523.62
-40566.30
-40741.38
-40437.38
-40627.27
-40599.40
-40583.72
-40426.06
-40613.34
-40526.23
-40385.12
-40550.62
-40529.71
-40333.72
-40393.83
-40446.09
-40385.12
-40424.32
-40406.89
-40336.34
-40313.69
-40433.03
-40316.30
-40269.27
-40340.69
-40362.47
-40277.98
-40210.03
-40274.49
-40254.46
-40193.48
-40251.84
-40209.16
-40192.61
-40193.48
-40282.33
-40048.89
-40207.42
-40050.63
-40102.02
-40036.69
-40184.77
-40228.33
-39960.04
-40036.69
-40051.50
-39946.10
-40014.92
-39969.62
-40035.82
-39947.84
-39955.68
-39993.14
-39878.16
-39844.19
-39870.32
-39731.82
-39779.73
-39715.27
-39740.53
-39728.34
-39658.65
-39778.86
-39663.88
-39706.56
-39745.76
-39727.46
-39480.95
-39681.30
-39645.58
-39608.13
-39512.31
-39650.81
-39595.06
-39561.96
-39599.42
-39470.50
-39414.75
-39392.98
-39400.82
-39350.29
-39445.24
-39392.98
-39359.00
-39237.93
-39212.67
-39385.14
-39050.65
-39191.76
-39190.89
-39114.24
-39183.05
-39177.82
-39049.78
-39032.36
-39071.55
-39080.26
-39049.78
-39028.00
-38924.34
-38912.15
-38919.99
-38919.99
-38881.66
-38787.59
-38865.11
-38735.32
-38726.61
-38718.77
-38735.32
-38645.60
-38671.74
-38619.47
-38537.59
-38623.83
-38560.24
-38448.74
-38512.33
-38478.36
-38452.23
-38491.43
-38387.77
-38468.78
-38310.24
-38371.22
-38396.48
-38284.98
-38298.05
-38318.95
-38224.88
-38186.55
-38203.10
-38275.40
-38082.90
-38134.29
-38121.22
-38061.12
-37997.53
-38027.15
-37949.62
-37974.88
-37949.62
-37889.52
-37812.87
-37778.02
-37791.09
-37713.57
-37697.02
-37868.61
-37722.28
-37631.69
-37717.05
-37652.59
-37580.29
-37580.29
-37670.88
-37507.99
-37460.09
-37572.45
-37494.06
-37417.40
-37528.03
-37417.40
-37474.02
-37386.92
-37386.92
-37335.52
-37331.17
-37235.35
-37271.07
-37180.47
-37155.21
-37266.71
-37124.73
-37150.86
-37163.05
-37061.14
-37138.66
-37133.44
-37074.21
-37047.20
-36971.42
-37051.56
-36887.80
-36992.33
-36940.06
-36786.75
-36987.10
-36684.84
-36832.92
-36717.07
-36869.51
-36686.58
-36759.75
-36699.65
-36686.58
-36601.22
-36643.90
-36553.31
-36520.21
-36440.94
-36527.18
-36643.03
-36360.80
-36411.33
-36463.59
-36428.75
-36322.48
-36237.11
-36335.54
-36256.28
-36368.64
-36300.70
-36262.37
-36218.82
-36307.67
-36139.55
-36150.01
-36264.99
-36197.92
-36055.06
-36080.32
-36128.23
-35948.79
-36014.99
-36094.26
-35889.56
-36106.45
-35873.88
-35919.17
-35929.63
-35931.37
-35892.17
-35819.87
-35826.84
-35930.50
-35786.77
-35976.66
-35762.38
-35806.81
-35665.70
-35850.36
-35764.13
-35559.43
-35732.77
-35720.57
-35643.05
-35569.88
-35678.76
-35565.52
-35616.04
-35558.55
-35612.56
-35579.46
-35476.67
-35524.58
-35511.52
-35292.01
-35648.27
-35493.22
-35428.77
-35402.63
-35440.96
-35341.66
-35401.76
-35428.77
-35352.11
-35376.50
-35390.44
-35312.91
-35260.65
-35353.85
-35333.82
-35274.59
-35221.45
-35298.11
-35265.88
-35119.54
-35217.97
-35208.39
-35146.54
-35177.90
-35247.58
-35021.98
-35170.06
-35170.93
-35009.78
-35010.66
-35173.54
-35090.79
-35095.15
-34982.78
-35075.11
-35060.31
-35023.72
-35075.99
-34974.07
-35010.66
-35062.92
-35030.69
-34925.29
-35127.38
-35034.17
-34948.81
-34911.35
-35015.01
-34965.36
-34840.80
-35138.70
-35008.04
-34955.78
-35031.56
-34968.84
-34908.74
-34959.26
-35011.53
-34910.48
-34925.29
-34999.33
-34906.13
-34901.77
-35048.11
-34969.72
-34910.48
-34873.03
-34950.55
-34884.35
-34882.61
-35077.73
-34981.91
-34918.32
-34983.65
-34968.84
-34948.81
-34927.03
-35008.04
-34872.16
-34860.83
-34970.59
-34899.16
-34887.84
-35012.40
-35033.30
-34836.44
-34900.90
-35021.11
-34961.00
-34947.07
-34912.23
-34930.52
-34853.86
-34968.84
-35075.11
-34873.03
-34917.45
-34940.97
-34817.28
-35029.82
-34909.61
-34991.49
-34913.10
-34988.01
-34990.62
-34908.74
-34950.55
-35052.47
-34913.10
-34902.64
-35103.86
-34983.65
-34891.32
-35049.85
-35034.17
-34913.10
-35012.40
-35121.28
-34962.75
-35030.69
-35077.73
-34973.20
-34947.07
-35081.21
-35034.17
-35028.08
-35019.37
-35080.34
-35156.99
-34971.46
-35095.15
-35117.80
-34987.14
-35136.09
-35119.54
-35039.40
-35034.17
-35152.64
-35111.70
-35118.67
-35170.06
-35155.25
-35038.53
-35228.42
-35143.06
-35224.07
-35093.41
-35177.03
-35156.99
-35204.03
-35143.93
-35202.29
-35119.54
-35245.84
-35206.64
-35232.78
-35177.90
-35304.20
-35243.23
-35310.30
-35223.20
-35287.65
-35235.39
-35276.33
-35311.17
-35312.04
-35279.81
-35312.91
-35326.85
-35375.63
-35444.45
-35421.80
-35318.14
-35440.96
-35315.53
-35359.08
-35368.66
-35441.83
-35405.25
-35565.52
-35399.15
-35505.42
-35394.79
-35494.97
-35421.80
-35487.13
-35479.29
-35550.71
-35421.80
-35376.50
-35583.82
-35531.55
-35455.77
-35486.26
-35609.95
-35555.07
-35564.65
-35685.73
-35627.37
-35613.43
-35581.20
-35626.50
-35613.43
-35645.66
-35656.11
-35609.08
-35697.05
-35784.16
-35687.47
-35677.02
-35773.71
-35719.70
-35719.70
-35786.77
-35785.03
-35795.48
-35776.32
-35840.78
-35794.61
-35763.25
-35764.13
-35839.04
-35772.84
-35879.98
-35871.27
-35798.97
-35809.42
-35916.56
-35855.59
-35786.77
-35938.34
-35924.40
-35932.24
-35879.11
-35891.30
-35891.30
-35905.24
-35984.50
-35907.85
-35933.98
-35941.82
-35954.02
-35926.14
-36017.60
-36021.96
-35892.17
-35982.76
-36041.99
-35825.10
-36140.42
-35938.34
-36024.57
-35968.83
-36061.16
-36106.45
-36017.60
-36075.10
-36069.87
-35974.05
-36081.19
-36192.69
-36053.32
-35999.31
-36131.71
-36067.26
-36110.81
-36088.16
-36082.06
-35996.70
-36144.78
-36039.38
-36128.23
-36067.26
-36153.49
-36192.69
-36082.06
-36147.39
-36167.43
-36130.84
-36043.74
-36332.93
-36198.79
-36112.55
-36116.91
-36337.29
-35970.57
-36098.61
-36241.47
-36064.64
-36187.46
-36242.34
-36130.84
-36137.81
-36093.39
-36251.92
-36146.52
-36224.05
-36276.31
-36177.01
-36150.88
-36314.64
-36215.34
-36130.84
-36100.36
-36294.60
-36102.97
-36209.24
-36235.37
-36186.59
-36129.10
-36235.37
-36243.21
-36220.56
-36291.99
-36196.17
-36332.93
-36135.20
-36282.41
-36151.75
-36294.60
-36260.63
-36235.37
-36160.46
-36251.05
-36381.71
-36041.12
-36304.18
-36337.29
-36267.60
-36194.43
-36188.33
-36306.80
-36195.30
-36247.57
-36278.05
-36178.75
-36269.34
-36352.09
-36195.30
-36254.53
-36253.66
-36288.51
-36168.30
-36280.67
-36342.51
-36238.86
-36241.47
-36298.96
-36250.18
-36297.22
-36328.57
-36285.89
-36283.28
-36255.41
-36380.84
-36163.07
-36251.92
-36314.64
-36179.62
-36377.35
-36278.05
-36294.60
-36212.72
-36210.98
-36277.18
-36202.27
-36250.18
-36284.15
-36223.18
-36150.88
-36156.98
-36184.85
-36183.11
-36159.59
-36232.76
-36096.00
-36204.01
-36299.83
-36087.29
-36270.21
-36048.09
-36138.68
-36054.19
-36194.43
-36277.18
-36023.70
-36173.53
-36226.66
-36121.26
-36085.55
-36129.97
-36171.78
-36069.00
-36204.88
-36111.68
-36024.57
-36081.19
-36077.71
-36069.87
-36106.45
-35947.92
-36081.19
-35987.99
-36141.30
-36047.22
-35956.63
-35940.95
-35961.86
-35999.31
-35978.41
-36065.51
-35964.47
-36038.51
-36019.35
-36041.12
-35825.97
-35950.53
-35977.54
-35913.08
-35892.17
-35971.44
-35927.01
-35865.17
-35893.04
-35913.95
-35776.32
-35832.94
-35950.53
-35852.10
-35784.16
-35910.46
-35868.65
-35804.19
-35817.26
-35931.37
-35711.86
-35807.68
-35873.88
-35793.74
-35805.07
-35733.64
-35744.09
-35670.05
-35747.58
-35742.35
-35647.40
-35681.37
-35672.66
-35638.69
-35613.43
-35797.23
-35626.50
-35600.37
-35607.33
-35633.47
-35643.92
-35578.59
-35689.21
-35548.10
-35526.33
-35515.00
-35577.72
-35436.61
-35588.17
-35532.42
-35548.97
-35464.48
-35467.96
-35461.00
-35337.30
-35573.36
-35385.21
-35380.86
-35414.83
-35523.71
-35355.60
-35393.92
-35439.22
-35290.27
-35289.40
-35429.64
-35422.67
-35324.24
-35349.50
-35251.94
-35318.14
-35249.33
-35278.94
-35172.67
-35264.14
-35225.81
-35225.81
-35154.38
-35258.91
-35188.35
-35210.13
-35149.15
-35217.10
-35161.35
-35119.54
-34965.36
-35197.06
-35001.94
-35060.31
-35157.87
-34917.45
-35012.40
-35019.37
-34957.52
-34885.22
-35026.33
-35004.56
-34890.45
-34985.39
-34889.58
-34907.00
-34873.03
-34988.01
-34855.61
-34695.33
-35013.27
-34866.06
-34761.53
-34845.15
-34820.76
-34786.79
-34724.95
-34792.89
-34651.78
-34766.76
-34589.06
-34708.40
-34649.16
-34684.01
-34648.29
-34658.75
-34739.75
-34658.75
-34597.77
-34705.78
-34374.78
-34569.03
-34435.75
-34555.09
-34582.09
-34413.98
-34545.51
-34528.96
-34426.17
-34326.87
-34535.93
-34464.50
-34391.33
-34457.53
-34393.07
-34287.67
-34324.26
-34382.62
-34270.25
-34257.19
-34467.98
-34378.26
-34328.61
-34222.34
-34358.23
-34183.15
-34305.97
-34301.61
-34259.80
-34157.88
-34094.30
-34214.50
-34107.36
-34151.79
-34193.60
-34023.74
-34114.33
-34103.88
-34103.88
-34026.35
-34179.66
-34080.36
-34042.90
-34007.19
-34144.82
-34010.67
-33831.24
-33967.12
-33981.06
-33815.56
-34149.17
-33956.67
-33873.05
-33920.96
-33855.63
-33839.08
-33916.60
-33947.09
-33857.37
-33850.40
-33723.22
-33859.11
-33744.13
-33860.85
-33896.57
-33725.84
-33773.75
-33806.85
-33835.59
-33688.38
-33717.13
-33748.48
-33671.83
-33621.31
-33757.20
-33680.54
-33657.02
-33626.54
-33732.81
-33684.03
-33522.88
-33655.28
-33498.49
-33555.98
-33654.41
-33612.60
-33593.44
-33593.44
-33514.17
-33526.36
-33535.95
-33512.43
-33400.06
-33576.01
-33555.11
-33403.54
-33374.80
-33576.01
-33424.45
-33377.41
-33573.40
-33399.19
-33291.18
-33495.01
-33449.71
-33348.67
-33345.18
-33432.29
-33326.02
-33333.86
-33178.81
-33212.78
-33135.26
-33355.63
-33279.85
-33211.04
-33196.23
-33355.63
-33177.07
-33080.38
-33210.17
-33199.71
-33096.06
-33184.04
-33268.53
-33103.03
-33158.77
-33217.14
-33063.83
-33155.29
-33244.14
-33140.48
-33095.19
-33132.64
-33141.35
-33042.05
-33022.89
-33140.48
-33057.73
-33015.05
-33084.73
-33099.54
-33056.86
-32945.36
-33049.02
-32959.30
-32973.24
-33061.22
-32960.17
-32928.81
-33056.86
-32997.63
-32978.46
-33104.77
-32959.30
-32962.79
-32813.83
-32919.23
-32949.72
-32827.77
-32961.91
-32891.36
-32898.33
-32991.53
-32872.19
-32959.30
-32900.07
-32974.98
-32903.55
-32701.47
-32974.98
-32841.71
-32799.03
-32735.44
-32874.81
-32765.92
-32735.44
-32819.93
-32693.63
-32750.25
-33006.34
-32792.06
-32699.72
-32828.64
-32783.35
-32732.82
-32643.10
-32732.82
-32760.70
-32717.15
-32647.46
-32763.31
-32688.40
-32727.60
-32735.44
-32677.95
-32707.56
-32846.06
-32708.43
-32670.98
-32713.66
-32720.63
-32664.88
-32700.60
-32774.64
-32640.49
-32634.39
-32688.40
-32632.65
-32607.39
-32571.68
-32656.17
-32597.81
-32656.17
-32733.70
-32578.65
-32598.68
-32678.82
-32538.58
-32598.68
-32776.38
-32627.43
-32604.78
-32647.46
-32690.14
-32685.79
-32626.55
-32642.23
-32644.85
-32385.27
-32771.15
-32583.87
-32538.58
-32514.19
-32700.60
-32551.64
-32519.41
-32616.97
-32533.35
-32719.76
-32578.65
-32548.16
-32540.32
-32519.41
-32700.60
-32568.19
-32563.84
-32708.43
-32554.26
-32500.25
-32464.54
-32597.81
-32535.96
-32574.29
-32542.93
-32508.96
-32563.84
-32705.82
-32558.61
-32541.19
-32675.33
-32512.45
-32607.39
-32684.04
-32569.06
-32528.12
-32519.41
-32657.04
-32516.80
-32577.78
-32451.47
-32670.11
-32538.58
-32639.62
-32651.82
-32522.03
-32548.16
-32596.94
-32485.44
-32494.15
-32611.75
-32591.71
-32476.73
-32680.56
-32656.17
-32549.03
-32648.33
-32643.98
-32547.29
-32541.19
-32583.87
-32590.84
-32537.71
-32570.81
-32685.79
-32461.05
-32548.16
-32614.36
-32583.87
-32464.54
-32654.43
-32634.39
-32542.93
-32625.68
-32628.30
-32576.03
-32569.94
-32636.14
-32621.33
-32607.39
-32704.95
-32714.53
-32552.51
-32719.76
-32697.11
-32538.58
-32656.17
-32671.85
-32556.87
-32538.58
-32779.86
-32656.17
-32658.78
-32649.20
-32649.20
-32699.72
-32619.59
-32637.88
-32627.43
-32567.32
-32643.10
-32678.82
-32610.88
-32613.49
-32724.11
-32549.03
-32683.17
-32751.99
-32608.26
-32704.08
-32667.49
-32649.20
-32738.92
-32617.84
-32700.60
-32727.60
-32561.22
-32683.17
-32665.75
-32628.30
-32616.10
-32813.83
-32688.40
-32689.27
-32792.93
-32662.27
-32676.21
-32775.51
-32688.40
-32650.07
-32745.02
-32792.93
-32689.27
-32789.44
-32722.37
-32643.98
-32703.21
-32805.12
-32682.30
-32690.14
-32636.14
-32786.83
-32650.07
-32654.43
-32649.20
-32765.05
-32725.86
-32751.99
-32670.11
-32610.88
-32819.93
-32792.93
-32745.89
-32818.19
-32841.71
-32731.95
-32740.66
-32820.80
-32811.22
-32640.49
-32899.20
-32813.83
-32711.92
-32887.00
-32832.13
-32793.80
-32776.38
-32775.51
-32796.41
-32700.60
-32959.30
-32733.70
-32743.28
-32728.47
-32893.10
-32736.31
-32927.07
-32937.52
-32829.51
-32858.26
-32916.62
-32915.75
-32823.42
-32884.39
-33003.73
-32817.32
-32861.74
-32958.43
-32850.42
-32880.03
-32835.61
-32887.00
-32923.59
-32923.59
-32922.72
-32910.52
-32853.03
-33001.98
-32914.88
-32905.30
-33020.28
-32913.13
-32916.62
-32890.49
-32884.39
-32853.90
-32866.97
-32836.48
-32986.30
-32715.40
-33039.44
-32907.04
-32884.39
-33079.51
-32986.30
-32965.40
-32941.88
-33003.73
-32912.26
-32942.75
-33070.80
-33014.18
-32991.53
-32986.30
-33130.90
-32929.68
-33024.63
-33174.45
-33040.31
-33012.44
-32996.76
-33049.02
-33067.31
-33026.37
-33073.41
-32995.01
-33062.09
-33075.15
-33054.25
-32920.10
-33085.61
-33115.22
-33078.64
-33099.54
-33000.24
-33132.64
-33001.11
-33138.74
-33035.08
-33095.19
-33121.32
-33079.51
-33048.15
-33145.71
-33184.04
-32999.37
-33084.73
-33153.55
-33117.83
-33021.15
-33014.18
-33165.74
-33032.47
-33071.67
-33200.59
-33066.44
-33177.07
-33260.69
-33088.22
-33171.84
-33159.65
-33148.32
-33163.13
-33167.49
-33185.78
-33166.61
-33185.78
-33218.88
-33235.43
-33189.26
-33250.24
-33216.26
-33153.55
-33072.54
-33212.78
-33137.87
-33133.51
-33196.23
-33201.46
-33089.09
-33324.28
-33208.43
-33152.68
-33250.24
-33234.56
-33130.90
-33254.59
-33335.60
-33207.55
-33223.23
-33312.95
-33252.85
-33164.87
-33347.80
-33245.01
-33190.13
-33235.43
-33305.11
-33174.45
-33218.01
-33291.18
-33264.17
-33283.34
-33284.21
-33389.61
-33151.81
-33295.53
-33377.41
-33253.72
-33287.69
-33314.69
-33294.66
-33272.88
-33232.81
-33423.58
-33240.65
-33335.60
-33325.15
-33329.50
-33257.20
-33384.38
-33374.80
-33304.24
-33381.77
-33380.02
-33295.53
-33367.83
-33464.52
-33306.86
-33348.67
-33306.86
-33388.74
-33380.02
-33352.15
-33393.09
-33258.95
-33356.51
-33422.71
-33336.47
-33410.51
-33390.48
-33466.26
-33366.96
-33421.84
-33406.16
-33400.06
-33427.06
-33464.52
-33366.96
-33414.00
-33471.49
-33456.68
-33369.57
-33519.39
-33589.95
-33326.02
-33495.01
-33559.46
-33434.90
-33265.04
-33593.44
-33495.01
-33348.67
-33452.32
-33484.55
-33378.28
-33425.32
-33496.75
-33449.71
-33404.41
-33549.01
-33469.74
-33379.15
-33422.71
-33519.39
-33415.74
-33523.75
-33497.62
-33468.87
-33481.94
-33490.65
-33522.88
-33464.52
-33542.91
-33476.71
-33395.70
-33430.55
-33528.11
-33449.71
-33541.17
-33484.55
-33579.50
-33367.83
-33623.05
-33549.01
-33404.41
-33515.91
-33582.11
-33456.68
-33599.53
-33508.07
-33622.18
-33432.29
-33542.91
-33535.95
-33439.26
-33505.46
-33635.25
-33483.68
-33562.08
-33471.49
-33489.78
-33422.71
-33579.50
-33558.59
-33490.65
-33496.75
-33530.72
-33531.59
-33524.62
-33610.86
-33552.50
-33464.52
-33542.91
-33574.27
-33433.16
-33535.95
-33528.98
-33508.07
-33488.04
-33650.05
-33572.53
-33529.85
-33652.67
-33586.47
-33413.13
-33509.81
-33562.08
-33508.07
-33481.94
-33561.21
-33625.66
-33508.07
-33540.30
-33572.53
-33462.78
-33462.78
-33540.30
-33526.36
-33546.40
-33550.75
-33531.59
-33497.62
-33552.50
-33552.50
-33499.36
-33486.29
-33625.66
-33585.60
-33534.20
-33373.93
-33522.88
-33518.52
-33604.76
-33636.12
-33471.49
-33522.88
-33561.21
-33599.53
-33555.11
-33477.58
-33555.11
-33465.39
-33630.02
-33584.72
-33544.66
-33506.33
-33550.75
-33506.33
-33486.29
-33591.69
-33578.63
-33540.30
-33427.06
-33555.11
-33516.78
-33465.39
-33572.53
-33439.26
-33459.29
-33692.74
-33550.75
-33464.52
-33633.50
-33447.10
-33521.14
-33475.84
-33550.75
-33446.23
-33420.09
-33501.10
-33553.37
-33378.28
-33474.97
-33604.76
-33402.67
-33454.07
-33508.07
-33456.68
-33386.12
-33474.97
-33501.97
-33400.06
-33465.39
-33483.68
-33361.73
-33413.13
-33517.65
-33339.96
-33480.20
-33482.81
-33588.21
-33326.02
-33481.94
-33477.58
-33383.51
-33422.71
-33442.74
-33346.05
-33331.25
-33447.10
-33428.80
-33357.38
-33376.54
-33493.26
-33326.02
-33342.57
-33551.62
-33366.96
-33314.69
-33417.48
-33359.99
-33261.56
-33296.40
-33413.13
-33207.55
-33414.87
-33326.02
-33265.04
-33348.67
-33230.20
-33382.64
-33249.37
-33270.27
-33366.09
-33263.30
-33204.94
-33292.05
-33157.90
-33251.98
-33272.01
-33240.65
-33164.87
-33267.66
-33333.86
-33088.22
-33191.87
-33259.82
-33224.98
-33224.10
-33170.10
-33171.84
-33056.86
-33182.29
-33247.62
-33110.87
-33177.94
-33141.35
-33109.99
-33095.19
-33246.75
-33195.36
-33079.51
-33066.44
-33196.23
-33060.34
-33130.90
-33133.51
-33027.24
-32937.52
-33199.71
-33083.86
-33023.76
-33101.28
-33063.83
-32995.89
-33041.18
-33067.31
-33033.34
-32975.85
-32945.36
-33021.15
-32851.29
-33031.60
-33039.44
-32910.52
-32930.56
-32927.07
-32896.58
-32863.48
-32968.88
-32906.17
-32851.29
-32891.36
-32866.10
-32904.42
-32730.21
-32959.30
-32844.32
-32738.92
-32927.94
-32840.84
-32679.69
-32750.25
-32927.94
-32715.40
-32772.02
-32811.22
-32697.11
-32574.29
-32800.77
-32739.79
-32615.23
-32751.12
-32738.92
-32585.61
-32636.14
-32702.34
-32632.65
-32548.16
-32670.11
-32639.62
-32583.87
-32473.25
-32680.56
-32476.73
-32514.19
-32563.84
-32623.07
-32440.15
-32485.44
-32553.39
-32487.18
-32483.70
-32495.90
-32510.70
-32425.34
-32475.86
-32395.72
-32348.69
-32441.02
-32482.83
-32349.56
-32363.49
-32409.66
-32369.59
-32369.59
-32338.23
-32290.32
-32303.39
-32231.96
-32345.20
-32283.36
-32342.59
-32331.26
-32242.42
-32255.48
-32272.03
-32217.15
-32176.21
-32220.64
-32191.89
-32110.01
-32139.63
-32229.35
-31996.78
-32172.73
-32167.50
-32111.76
-31996.78
-32177.96
-32124.82
-31960.19
-32085.62
-32133.53
-32008.10
-32077.78
-32050.78
-31998.52
-31968.90
-32047.30
-32022.91
-31941.03
-31961.93
-31944.51
-31969.77
-31860.02
-31982.84
-31866.12
-31887.02
-31957.58
-31863.50
-31766.82
-31957.58
-31835.63
-31815.59
-31869.60
-31823.43
-31745.91
-31743.30
-31887.89
-31771.17
-31735.46
-31688.42
-31832.14
-31644.00
-31691.03
-31671.87
-31623.09
-31653.58
-31608.28
-31716.29
-31628.32
-31661.42
-31663.16
-31590.86
-31580.41
-31630.93
-31538.60
-31588.25
-31652.71
-31547.31
-31459.33
-31482.85
-31550.79
-31400.97
-31417.52
-31509.85
-31466.30
-31369.61
-31606.54
-31436.68
-31308.64
-31398.36
-31429.71
-31437.55
-31367.87
-31425.36
-31373.97
-31208.46
-31376.58
-31317.35
-31326.93
-31294.70
-31387.90
-31247.66
-31253.76
-31342.61
-31295.57
-31241.56
-31334.77
-31235.47
-31172.75
-31201.49
-31223.27
-31090.00
-31198.01
-31177.11
-31144.00
-31029.02
-31188.43
-31164.04
-31112.65
-31109.16
-31102.19
-30985.47
-31115.26
-31130.07
-31086.51
-30941.05
-31222.40
-31063.87
-31001.15
-31029.90
-31014.22
-30872.23
-30945.40
-30961.08
-30921.88
-30887.04
-31094.35
-31012.47
-30977.63
-30858.30
-30976.76
-30884.43
-30880.07
-30973.28
-30930.59
-30833.03
-30934.08
-30925.37
-30822.58
-30873.10
-30906.20
-30783.38
-30840.87
-30877.46
-30851.33
-30750.28
-30922.75
-30823.45
-30741.57
-30809.52
-30811.26
-30769.45
-30677.11
-30791.22
-30708.47
-30653.60
-30801.68
-30725.02
-30634.43
-30744.19
-30793.84
-30693.66
-30699.76
-30765.96
-30650.11
-30772.06
-30729.38
-30630.08
-30619.62
-30709.34
-30645.76
-30501.16
-30576.94
-30749.41
-30657.95
-30610.91
-30614.40
-30652.72
-30563.88
-30701.50
-30664.05
-30470.67
-30610.04
-30550.81
-30594.36
-30511.61
-30530.78
-30586.52
-30475.03
-30586.52
-30664.05
-30568.23
-30613.53
-30619.62
-30507.26
-30495.93
-30454.12
-30612.66
-30454.12
-30536.87
-30618.75
-30433.22
-30475.03
-30623.11
-30457.61
-30528.16
-30456.74
-30435.83
-30426.25
-30543.84
-30551.68
-30401.86
-30510.74
-30509.00
-30500.29
-30310.40
-30501.16
-30471.54
-30414.05
-30421.89
-30545.58
-30319.98
-30476.77
-30475.03
-30357.43
-30470.67
-30556.91
-30413.18
-30380.95
-30487.22
-30410.57
-30434.96
-30421.02
-30466.32
-30357.43
-30473.29
-30461.96
-30493.32
-30454.99
-30529.90
-30450.64
-30433.22
-30411.44
-30457.61
-30487.22
-30370.50
-30581.30
-30443.67
-30356.56
-30435.83
-30454.99
-30376.60
-30401.86
-30347.85
-30250.29
-30346.98
-30459.35
-30421.89
-30394.89
-30343.50
-30448.90
-30384.44
-30288.62
-30414.92
-30314.75
-30339.14
-30400.12
-30421.02
-30260.75
-30500.29
-30362.66
-30434.96
-30391.41
-30369.63
-30314.75
-30376.60
-30437.57
-30423.64
-30279.04
-30392.28
-30441.93
-30326.08
-30337.40
-30459.35
-30350.47
-30456.74
-30355.69
-30390.53
-30334.79
-30486.35
-30391.41
-30302.56
-30289.49
-30389.66
-30357.43
-30374.86
-30377.47
-30440.19
-30333.92
-30335.66
-30447.15
-30272.07
-30393.15
-30393.15
-30407.96
-30359.18
-30459.35
-30439.31
-30339.14
-30506.39
-30494.19
-30273.81
-30392.28
-30408.83
-30358.31
-30267.71
-30541.23
-30466.32
-30321.72
-30363.53
-30470.67
-30247.68
-30362.66
-30437.57
-30315.62
-30301.69
-30496.80
-30385.31
-30312.14
-30450.64
-30441.93
-30292.10
-30387.92
-30451.51
-30387.92
-30419.28
-30400.12
-30488.96
-30383.57
-30400.12
-30507.26
-30375.73
-30430.60
-30434.09
-30373.11
-30402.73
-30377.47
-30434.96
-30333.04
-30441.06
-30392.28
-30354.82
-30425.38
-30413.18
-30365.27
-30514.23
-30358.31
-30455.86
-30437.57
-30367.02
-30413.18
-30417.54
-30491.58
-30517.71
-30408.83
-30430.60
-30376.60
-30441.06
-30413.18
-30351.34
-30529.90
-30328.69
-30428.86
-30568.23
-30294.72
-30483.74
-30418.41
-30468.06
-30435.83
-30394.02
-30427.12
-30406.21
-30292.98
-30435.83
-30394.02
-30298.20
-30379.21
-30439.31
-30362.66
-30352.21
-30452.38
-30270.33
-30404.47
-30491.58
-30339.14
-30339.14
-30456.74
-30392.28
-30323.46
-30407.96
-30507.26
-30354.82
-30463.70
-30495.06
-30380.08
-30350.47
-30313.88
-30414.05
-30360.05
-30344.37
-30347.85
-30309.53
-30312.14
-30326.95
-30394.89
-30259.00
-30351.34
-30366.14
-30301.69
-30354.82
-30414.92
-30389.66
-30356.56
-30455.86
-30367.02
-30252.04
-30271.20
-30365.27
-30344.37
-30428.86
-30418.41
-30350.47
-30327.82
-30342.63
-30310.40
-30316.49
-30391.41
-30322.59
-30311.27
-30351.34
-30346.98
-30290.36
-30339.14
-30311.27
-30225.90
-30227.65
-30408.83
-30297.33
-30279.91
-30306.04
-30222.42
-30240.71
-30243.32
-30342.63
-30307.78
-30215.45
-30244.20
-30259.88
-30281.65
-30245.07
-30346.98
-30241.58
-30265.10
-30345.24
-30230.26
-30254.65
-30306.04
-30259.88
-30165.80
-30225.03
-30252.04
-30239.84
-30167.54
-30193.67
-30208.48
-30233.74
-30365.27
-30215.45
-30155.35
-30234.61
-30301.69
-30094.37
-30167.54
-30245.07
-30221.55
-30203.26
-30116.15
-30167.54
-30209.35
-30165.80
-30208.48
-30035.14
-30140.54
-30076.95
-30065.63
-30028.17
-30259.88
-30157.09
-30147.51
-30122.25
-30132.70
-30110.92
-30039.50
-30167.54
-30147.51
-30163.19
-29912.32
-30140.54
-29934.97
-30150.12
-30103.08
-30086.53
-30011.62
-30124.86
-30007.27
-30061.27
-30095.24
-30097.86
-30055.18
-29957.62
-30051.69
-29880.96
-30043.85
-30131.83
-29998.56
-29826.96
-29887.93
-30012.49
-29808.66
-29995.07
-30035.14
-29944.55
-29942.81
-29918.42
-29967.20
-29738.98
-30044.72
-29936.71
-29889.67
-29936.71
-29936.71
-29817.37
-29888.80
-29923.64
-29867.90
-29828.70
-29782.53
-29954.13
-29730.27
-29966.33
-29867.03
-29812.15
-29792.11
-29856.57
-29787.76
-29894.90
-29792.99
-29807.79
-29782.53
-29839.15
-29804.31
-29725.04
-29700.65
-29803.44
-29709.36
-29754.66
-29748.56
-29727.66
-29670.17
-29737.24
-29777.31
-29724.17
-29673.65
-29742.46
-29691.94
-29757.27
-29642.29
-29652.74
-29610.93
-29598.74
-29671.91
-29657.10
-29543.86
-29679.75
-29562.15
-29561.28
-29640.55
-29577.83
-29495.95
-29624.00
-29590.90
-29489.86
-29510.76
-29657.97
-29542.99
-29549.09
-29613.55
-29443.69
-29474.18
-29520.34
-29512.50
-29464.59
-29387.94
-29563.02
-29461.11
-29510.76
-29470.69
-29476.79
-29353.10
-29464.59
-29480.27
-29381.84
-29376.62
-29461.11
-29368.78
-29347.87
-29407.10
-29391.42
-29297.35
-29363.55
-29503.79
-29213.73
-29297.35
-29343.52
-29292.12
-29367.91
-29156.24
-29357.45
-29286.03
-29257.28
-29251.18
-29085.68
-29194.56
-29312.16
-29207.63
-29042.13
-29235.50
-29282.54
-29167.56
-29151.88
-29208.50
-29064.78
-29179.76
-29202.40
-29135.33
-29158.85
-29151.01
-29212.86
-29090.91
-29155.37
-29214.60
-28998.58
-29059.55
-29133.59
-29034.29
-29109.20
-28981.15
-29122.27
-29031.68
-29005.54
-29105.72
-28954.15
-28959.38
-28957.64
-29015.13
-29007.29
-28896.66
-29021.22
-28891.43
-28975.93
-28975.93
-28909.73
-28878.37
-28930.63
-28913.21
-28835.69
-28827.85
-28885.34
-28821.75
-28747.71
-28956.76
-28743.35
-28857.46
-28899.27
-28775.58
-28732.90
-28762.52
-28779.07
-28724.19
-28828.72
-28850.49
-28637.95
-28789.52
-28740.74
-28703.28
-28596.14
-28862.69
-28660.60
-28638.83
-28715.48
-28739.87
-28589.18
-28634.47
-28725.93
-28612.69
-28517.75
-28655.38
-28662.34
-28472.45
-28569.14
-28577.85
-28567.40
-28557.82
-28552.59
-28521.23
-28607.47
-28422.80
-28570.01
-28420.19
-28586.56
-28534.30
-28459.39
-28443.71
-28460.26
-28406.25
-28392.32
-28335.70
-28429.77
-28349.63
-28401.90
-28470.71
-28350.50
-28318.27
-28399.28
-28387.96
-28341.79
-28393.19
-28319.15
-28288.66
-28283.43
-28331.34
-28288.66
-28276.46
-28347.02
-28260.78
-28198.94
-28288.66
-28272.98
-28224.20
-28197.20
-28270.37
-28056.96
-28239.88
-28224.20
-28143.19
-28131.00
-28243.36
-28119.67
-28034.31
-28190.23
-28138.84
-28137.96
-28111.83
-28104.86
-28144.06
-28087.44
-28094.41
-28084.83
-28070.89
-28094.41
-28149.29
-28029.95
-28027.34
-28104.86
-27990.75
-27983.79
-28136.22
-28034.31
-27901.91
-27995.98
-27962.88
-27901.04
-27894.94
-27972.46
-27955.91
-27905.39
-28089.18
-27879.26
-27898.42
-27904.52
-27944.59
-27775.60
-27881.00
-27881.00
-27867.06
-27806.09
-27881.00
-27857.48
-27763.41
-27783.44
-27786.93
-27794.77
-27820.90
-27847.03
-27738.15
-27737.28
-27897.55
-27715.50
-27674.56
-27713.76
-27836.58
-27665.85
-27705.05
-27763.41
-27678.91
-27633.62
-27626.65
-27740.76
-27631.88
-27663.23
-27712.01
-27603.13
-27704.17
-27705.05
-27543.03
-27518.64
-27538.67
-27626.65
-27521.25
-27611.84
-27644.07
-27495.99
-27605.74
-27576.13
-27475.09
-27539.54
-27683.27
-27522.12
-27481.18
-27547.38
-27509.06
-27452.44
-27541.29
-27494.25
-27475.09
-27461.15
-27344.43
-27421.95
-27444.60
-27421.08
-27518.64
-27323.52
-27401.04
-27487.28
-27349.65
-27395.82
-27450.70
-27443.73
-27339.20
-27315.68
-27394.08
-27340.07
-27231.19
-27382.75
-27313.94
-27257.32
-27364.46
-27278.22
-27246.87
-27300.87
-27360.10
-27320.04
-27228.57
-27306.10
-27263.42
-27144.08
-27324.39
-27378.40
-27164.99
-27174.57
-27238.16
-27192.86
-27199.83
-27282.58
-27204.18
-27101.40
-27258.19
-27250.35
-27141.47
-27155.40
-27277.35
-27108.37
-27178.92
-27183.28
-27057.85
-27059.59
-27173.70
-27191.12
-27019.52
-27173.70
-27125.79
-26935.90
-27053.49
-27186.76
-27092.69
-27167.60
-27043.91
-27111.85
-27005.58
-27055.23
-27117.08
-27104.88
-26987.29
-27144.95
-26974.22
-26962.90
-27083.11
-26952.45
-26953.32
-27017.78
-26989.90
-26935.90
-26980.32
-26986.42
-26979.45
-26914.12
-26957.67
-26959.42
-26865.34
-26946.35
-27003.84
-26829.63
-26982.93
-26999.48
-26881.02
-26912.38
-26956.80
-26937.64
-26844.44
-26925.44
-26858.37
-26827.88
-26851.40
-26908.02
-26884.50
-26715.52
-26914.12
-26886.25
-26839.21
-26874.92
-26884.50
-26763.43
-26781.72
-26813.95
-26737.29
-26773.88
-26742.52
-26775.62
-26724.23
-26765.17
-26859.24
-26719.87
-26687.64
-26819.17
-26705.94
-26759.07
-26975.97
-26794.78
-26685.90
-26791.30
-26813.95
-26657.16
-26721.62
-26815.69
-26696.35
-26771.27
-26869.70
-26735.55
-26643.22
-26761.68
-26810.46
-26612.73
-26617.09
-26776.49
-26684.16
-26827.88
-26721.62
-26817.43
-26609.25
-26786.94
-26732.94
-26611.86
-26563.95
-26680.68
-26642.35
-26582.25
-26742.52
-26725.10
-26567.44
-26617.09
-26678.93
-26549.14
-26593.57
-26704.19
-26702.45
-26554.37
-26635.38
-26704.19
-26536.95
-26613.60
-26595.31
-26655.41
-26573.53
-26730.33
-26631.02
-26550.89
-26635.38
-26692.00
-26514.30
-26566.57
-26591.83
-26442.87
-26616.22
-26565.69
-26539.56
-26435.91
-26657.16
-26655.41
-26386.26
-26606.63
-26558.73
-26505.59
-26467.26
-26510.82
-26549.14
-26513.43
-26613.60
-26605.76
-26455.07
-26583.99
-26529.11
-26548.27
-26470.75
-26473.36
-26496.01
-26496.88
-26634.51
-26569.18
-26457.68
-26550.89
-26652.80
-26441.13
-26489.91
-26600.54
-26495.14
-26472.49
-26462.91
-26581.37
-26489.04
-26540.43
-26583.99
-26356.64
-26545.66
-26577.89
-26448.97
-26502.98
-26569.18
-26505.59
-26435.91
-26477.72
-26535.21
-26355.77
-26430.68
-26582.25
-26414.13
-26232.95
-26526.50
-26469.88
-26404.55
-26441.13
-26571.79
-26270.40
-26557.86
-26539.56
-26371.45
-26347.06
-26441.13
-26470.75
-26384.51
-26385.38
-26523.88
-26376.67
-26343.57
-26497.75
-26379.29
-26356.64
-26398.45
-26457.68
-26390.61
-26492.53
-26422.84
-26419.36
-26331.38
-26483.81
-26394.10
-26403.68
-26355.77
-26482.94
-26347.06
-26423.71
-26510.82
-26269.53
-26381.03
-26423.71
-26372.32
-26347.06
-26441.13
-26508.20
-26312.22
-26428.94
-26462.04
-26376.67
-26317.44
-26428.94
-26350.54
-26326.15
-26462.04
-26453.33
-26360.12
-26372.32
-26442.00
-26376.67
-26376.67
-26402.81
-26337.48
-26356.64
-26419.36
-26394.10
-26291.31
-26381.03
-26441.13
-26291.31
-26428.94
-26488.17
-26333.99
-26360.12
-26483.81
-26363.61
-26244.27
-26347.06
-26398.45
-26441.13
-26304.38
-26389.74
-26338.35
-26303.50
-26483.81
-26320.93
-26286.95
-26312.22
-26381.03
-26269.53
-26299.15
-26368.83
-26355.77
-26347.06
-26248.63
-26428.07
-26307.86
-26410.65
-26480.33
-26269.53
-26341.83
-26333.99
-26346.19
-26329.64
-26376.67
-26346.19
-26329.64
-26355.77
-26320.93
-26376.67
-26273.89
-26402.81
-26261.69
-26279.11
-26441.13
-26367.96
-26256.47
-26320.93
-26423.71
-26142.36
-26273.02
-26471.62
-26381.03
-26312.22
-26291.31
-26458.55
-26269.53
-26347.06
-26484.69
-26227.72
-26260.82
-26433.29
-26291.31
-26265.18
-26397.58
-26367.96
-26317.44
-26316.57
-26437.65
-26249.50
-26398.45
-26415.00
-26351.41
-26291.31
-26291.31
-26411.52
-26273.89
-26299.15
-26333.99
-26333.99
-26398.45
-26372.32
-26423.71
-26244.27
-26375.80
-26506.46
-26273.02
-26350.54
-26410.65
-26227.72
-26376.67
-26402.81
-26325.28
-26265.18
-26226.85
-26420.23
-26238.17
-26279.11
-26363.61
-26249.50
-26317.44
-26349.67
-26377.55
-26376.67
-26292.18
-26455.07
-26306.99
-26347.06
-26415.00
-26164.13
-26462.04
-26437.65
-26347.06
-26312.22
-26312.22
-26399.32
-26268.66
-26307.86
-26291.31
-26397.58
-26207.69
-26424.58
-26321.80
-26381.03
-26227.72
-26411.52
-26282.60
-26358.38
-26350.54
-26355.77
-26368.83
-26306.99
-26360.12
-26299.15
-26397.58
-26368.83
-26256.47
-26459.43
-26472.49
-26313.09
-26398.45
-26407.16
-26356.64
-26329.64
-26397.58
-26512.56
-26260.82
-26374.93
-26445.49
-26377.55
-26350.54
-26401.06
-26416.74
-26304.38
-26503.85
-26425.45
-26294.79
-26421.97
-26415.87
-26334.86
-26290.44
-26394.10
-26267.79
-26247.76
-26502.98
-26482.94
-26322.67
-26468.14
-26492.53
-26420.23
-26254.73
-26454.20
-26340.09
-26371.45
-26419.36
-26469.01
-26354.90
-26407.16
-26398.45
-26271.28
-26323.54
-26420.23
-26304.38
-26320.93
-26291.31
-26455.94
-26281.73
-26421.97
-26399.32
-26292.18
-26374.93
-26497.75
-26293.92
-26374.93
-26482.94
-26451.59
-26354.90
-26407.16
-26517.79
-26252.98
-26348.80
-26472.49
-26407.16
-26364.48
-26376.67
-26433.29
-26381.03
-26405.42
-26475.10
-26293.92
-26278.24
-26387.13
-26430.68
-26292.18
-26502.11
-26478.59
-26294.79
-26408.90
-26496.01
-26336.61
-26288.70
-26454.20
-26290.44
-26387.13
-26293.92
-26443.75
-26327.89
-26545.66
-26431.55
-26250.37
-26284.34
-26466.39
-26405.42
-26333.99
-26375.80
-26509.95
-26281.73
-26383.64
-26402.81
-26313.09
-26344.44
-26483.81
-26383.64
-26346.19
-26502.98
-26444.62
-26269.53
-26381.90
-26428.94
-26356.64
-26326.15
-26340.09
-26320.05
-26298.28
-26481.20
-26475.10
-26231.21
-26430.68
-26421.97
-26313.09
-26294.79
-26386.26
-26342.70
-26395.84
-26441.13
-26439.39
-26308.73
-26432.42
-26464.65
-26293.92
-26321.80
-26335.73
-26354.03
-26223.37
-26498.62
-26413.26
-26315.70
-26417.61
-26462.04
-26357.51
-26349.67
-26403.68
-26313.96
-26302.63
-26417.61
-26360.99
-26217.27
-26247.76
-26388.87
-26272.15
-26378.42
-26347.93
-26279.99
-26246.89
-26374.06
-26376.67
-26216.40
-26306.99
-26350.54
-26229.46
-26351.41
-26333.99
-26284.34
-26180.68
-26476.85
-26307.86
-26232.95
-26252.98
-26367.96
-26334.86
-26252.11
-26388.87
-26194.62
-26258.21
-26333.12
-26296.54
-26225.98
-26263.44
-26340.96
-26187.65
-26233.82
-26301.76
-26206.82
-26198.11
-26331.38
-26312.22
-26159.78
-26326.15
-26331.38
-26144.97
-26265.18
-26272.15
-26200.72
-26185.91
-26246.89
-26351.41
-26165.01
-26254.73
-26291.31
-26144.10
-26157.17
-26349.67
-26178.94
-26050.03
-26305.25
-26259.95
-26118.84
-26205.95
-26269.53
-26122.32
-26242.53
-26143.23
-26071.80
-26141.49
-26246.89
-26231.21
-26104.03
-26109.26
-26138.87
-26183.30
-26139.74
-26268.66
-26138.00
-26018.67
-26178.07
-26174.59
-26041.31
-26129.29
-26166.75
-26057.86
-26084.87
-26201.59
-26112.74
-26042.19
-26011.70
-26158.04
-26067.45
-26021.28
-26109.26
-26077.03
-26113.61
-26046.54
-26090.97
-25903.69
-26194.62
-26036.96
-26030.86
-26088.35
-26028.25
-25989.92
-25997.76
-26025.64
-25937.66
-25932.43
-26050.90
-26145.84
-25985.57
-26011.70
-26077.90
-25868.84
-25948.98
-26078.77
-26033.48
-25968.15
-25989.92
-26032.60
-25925.46
-25962.92
-25973.37
-25989.92
-25901.07
-26006.47
-25959.43
-25970.76
-26094.45
-25943.76
-25861.00
-25852.29
-26042.19
-25784.35
-25872.33
-25866.23
-25897.59
-25961.18
-25802.64
-25879.30
-25853.16
-25852.29
-25944.63
-25802.64
-25867.10
-25877.55
-25864.49
-25753.86
-25879.30
-25850.55
-25773.03
-25915.88
-25904.56
-25840.97
-25817.45
-25782.61
-25781.74
-25689.40
-25876.68
-25888.01
-25675.47
-25760.83
-25881.91
-25634.53
-25684.18
-25896.72
-25653.69
-25643.24
-25792.19
-25771.28
-25694.63
-25775.64
-25775.64
-25671.11
-25689.40
-25737.31
-25732.96
-25618.85
-25748.64
-25721.63
-25584.88
-25710.31
-25791.32
-25548.29
-25657.18
-25734.70
-25653.69
-25577.04
-25851.42
-25667.63
-25560.49
-25670.24
-25704.21
-25605.78
-25671.11
-25614.49
-25595.33
-25522.16
-25704.21
-25681.57
-25523.03
-25581.39
-25712.05
-25380.18
-25550.03
-25551.78
-25561.36
-25463.80
-25618.85
-25692.89
-25443.77
-25503.00
-25557.00
-25457.70
-25428.96
-25517.81
-25505.61
-25446.38
-25452.48
-25514.32
-25448.99
-25440.28
-25595.33
-25335.75
-25446.38
-25561.36
-25404.57
-25318.33
-25386.27
-25539.58
-25368.85
-25477.74
-25465.54
-25286.10
-25442.02
-25455.96
-25364.50
-25362.76
-25490.80
-25471.64
-25337.50
-25385.40
-25464.67
-25412.41
-25281.75
-25373.21
-25308.75
-25314.85
-25386.27
-25386.27
-25252.13
-25382.79
-25397.60
-25285.23
-25233.84
-25415.89
-25267.81
-25239.94
-25239.94
-25346.21
-25201.61
-25276.52
-25387.15
-25225.13
-25212.93
-25439.41
-25302.65
-25171.12
-25233.84
-25289.59
-25132.80
-25282.62
-25252.13
-25113.63
-25144.99
-25217.29
-25192.90
-25173.74
-25235.58
-25300.04
-25081.40
-25170.25
-25232.97
-25094.47
-25192.03
-25205.09
-25175.48
-25060.50
-25333.14
-25196.38
-25011.72
-25198.13
-25204.22
-25050.92
-25144.99
-25217.29
-25156.31
-25109.28
-25130.18
-25131.05
-25131.05
-25095.34
-25165.02
-25092.73
-25127.57
-25132.80
-25065.72
-25063.11
-25129.31
-25124.08
-25035.24
-25131.05
-25179.83
-25051.79
-25084.02
-25129.31
-25117.99
-25039.59
-25188.54
-25053.53
-24988.20
-25085.76
-25086.63
-25045.69
-24987.33
-25046.56
-24992.55
-25015.20
-25106.66
-25042.20
-24916.77
-24988.20
-25110.15
-24966.42
-24997.78
-25088.37
-24956.84
-24966.42
-24941.16
-25050.04
-24867.99
-24954.23
-25067.47
-24903.71
-24922.00
-25012.59
-24928.10
-24987.33
-24879.32
-24996.91
-24828.79
-24882.80
-24991.68
-24838.38
-24941.16
-24982.97
-24952.49
-24861.89
-24913.29
-25015.20
-24867.12
-24966.42
-24925.48
-24751.27
-24942.90
-24874.96
-24856.67
-24841.86
-25016.07
-24910.67
-24780.89
-24868.86
-24883.67
-24852.31
-24895.87
-24840.99
-24807.02
-24832.28
-24914.16
-24892.38
-24773.92
-24822.70
-24933.32
-24836.63
-24878.44
-24840.99
-24842.73
-24862.77
-24854.06
-24886.28
-24776.53
-24908.93
-24840.12
-24911.55
-24726.01
-24835.76
-24907.19
-24798.31
-24929.84
-24791.34
-24793.95
-24730.36
-24847.96
-24650.23
-24736.46
-24969.04
-24854.06
-24807.89
-24603.19
-24868.86
-24685.07
-24840.99
-24893.25
-24791.34
-24818.34
-24698.13
-24785.24
-24733.85
-24824.44
-24820.08
-24758.24
-24780.01
-24874.09
-24752.14
-24718.17
-24816.60
-24735.59
-24772.18
-24787.85
-24802.66
-24758.24
-24744.30
-24809.63
-24748.66
-24708.59
-24881.06
-24740.82
-24680.71
-24762.59
-24827.05
-24639.77
-24919.38
-24818.34
-24744.30
-24683.33
-24724.27
-24719.04
-24680.71
-24761.72
-24756.50
-24739.07
-24867.99
-24754.75
-24762.59
-24657.19
-24865.38
-24738.20
-24760.85
-24665.03
-24762.59
-24729.49
-24819.21
-24851.44
-24688.55
-24756.50
-24724.27
-24706.85
-24691.17
-24843.60
-24766.08
-24750.40
-24734.72
-24808.76
-24728.62
-24645.87
-24877.57
-24719.04
-24744.30
-24645.00
-24786.98
-24674.62
-24723.40
-24744.30
-24720.78
-24683.33
-24708.59
-24711.20
-24636.29
-24737.33
-24780.01
-24623.22
-24672.00
-24813.99
-24628.45
-24659.81
-24841.86
-24690.30
-24647.61
-24799.18
-24646.74
-24701.62
-24807.02
-24766.08
-24662.42
-24799.18
-24759.98
-24705.10
-24636.29
-24759.11
-24706.85
-24630.19
-24728.62
-24786.98
-24544.83
-24568.35
-24856.67
-24756.50
-24637.16
-24553.54
-24771.30
-24665.03
-24730.36
-24712.07
-24699.88
-24695.52
-24749.53
-24632.80
-24625.84
-24859.28
-24780.89
-24652.84
-24629.32
-24727.75
-24645.87
-24628.45
-24815.73
-24718.17
-24754.75
-24726.88
-24820.95
-24651.97
-24738.20
-24786.98
-24665.91
-24689.42
-24623.22
-24624.97
-24615.38
-24877.57
-24750.40
-24695.52
-24672.87
-24705.97
-24684.20
-24612.77
-24714.68
-24701.62
-24685.94
-24598.83
-24820.95
-24651.97
-24692.04
-24797.44
-24568.35
-24633.68
-24707.72
-24684.20
-24643.26
-24635.42
-24704.23
-24638.03
-24676.36
-24621.48
-24655.45
-24606.67
-24694.65
-24642.39
-24620.61
-24657.19
-24665.03
-24601.45
-24658.07
-24658.07
-24557.89
-24631.06
-24630.19
-24631.93
-24620.61
-24737.33
-24735.59
-24565.73
-24674.62
-24760.85
-24464.69
-24689.42
-24651.97
-24653.71
-24546.57
-24730.36
-24667.65
-24557.02
-24636.29
-24654.58
-24515.21
-24707.72
-24615.38
-24603.19
-24450.75
-24922.87
-24695.52
-24644.13
-24535.25
-24608.42
-24577.93
-24569.22
-24758.24
-24600.58
-24518.70
-24648.48
-24597.09
-24537.86
-24648.48
-24594.48
-24592.74
-24507.37
-24615.38
-24549.18
-24418.52
-24840.99
-24570.09
-24543.96
-24541.34
-24535.25
-24589.25
-24468.17
-24501.27
-24495.18
-24544.83
-24491.69
-24601.45
-24422.88
-24599.70
-24536.99
-24546.57
-24514.34
-24550.92
-24505.63
-24481.24
-24607.54
-24533.50
-24450.75
-24508.24
-24587.51
-24455.98
-24412.43
-24522.18
-24479.50
-24395.00
-24520.44
-24548.31
-24478.63
-24494.31
-24562.25
-24431.59
-24446.40
-24472.53
-24486.47
-24423.75
-24520.44
-24577.06
-24428.98
-24471.66
-24429.85
-24378.45
-24487.34
-24422.88
-24448.14
-24421.14
-24623.22
-24435.07
-24350.58
-24430.72
-24456.85
-24382.81
-24382.81
-24415.04
-24387.17
-24335.77
-24396.75
-24406.33
-24378.45
-24329.67
-24415.91
-24282.64
-24368.87
-24458.59
-24441.17
-24321.84
-24333.16
-24427.23
-24314.87
-24371.49
-24453.37
-24305.29
-24312.25
-24328.80
-24332.29
-24224.28
-24246.92
-24349.71
-24314.87
-24368.87
-24378.45
-24299.19
-24380.20
-24279.15
-24359.29
-24221.66
-24344.48
-24294.83
-24200.76
-24351.45
-24422.88
-24163.30
-24327.93
-24286.12
-24314.87
-24236.47
-24366.26
-24300.93
-24207.73
-24298.32
-24395.00
-24162.43
-24245.18
-24257.38
-24300.93
-24219.05
-24426.36
-24218.18
-24229.50
-24178.98
-24297.45
-24115.39
-24175.50
-24257.38
-24158.95
-24089.26
-24239.08
-24205.11
-24172.01
-24165.91
-24201.63
-24147.62
-24070.97
-24199.89
-24204.24
-24111.04
-24159.82
-24258.25
-24172.01
-24118.01
-24166.79
-24049.19
-24049.19
-24143.27
-24064.00
-24070.97
-24219.05
-24037.87
-23969.93
-24167.66
-24181.59
-24064.87
-24035.26
-24077.94
-24063.13
-24080.55
-24101.46
-24077.94
-24057.90
-24036.13
-24072.71
-24038.74
-23939.44
-24035.26
-24011.74
-23949.89
-24049.19
-24035.26
-23944.66
-23902.85
-23910.69
-23982.99
-23907.21
-24022.19
-23972.54
-23836.65
-24035.26
-23949.89
-23847.98
-23994.32
-24097.97
-23705.99
-23899.37
-24087.52
-23926.37
-23838.40
-24077.94
-23995.19
-23790.49
-23938.57
-23928.11
-23888.05
-23786.13
-23957.73
-23851.46
-23789.62
-23856.69
-23823.59
-23828.81
-23820.97
-23841.88
-23782.65
-23855.82
-23841.01
-23815.75
-23760.00
-23797.46
-23724.29
-23634.57
-23684.22
-23756.52
-23736.48
-23718.19
-23879.33
-23809.65
-23675.51
-23844.49
-23867.14
-23727.77
-23679.86
-23804.42
-23568.37
-23739.96
-23668.54
-23723.41
-23645.89
-23785.26
-23797.46
-23655.47
-23724.29
-23734.74
-23557.04
-23591.88
-23634.57
-23617.14
-23580.56
-23582.30
-23708.61
-23568.37
-23658.96
-23695.54
-23496.94
-23710.35
-23692.06
-23603.21
-23613.66
-23629.34
-23617.14
-23561.40
-23617.14
-23611.92
-23527.43
-23557.91
-23575.33
-23536.14
-23499.55
-23560.53
-23602.34
-23446.42
-23454.26
-23422.90
-23532.65
-23423.77
-23437.71
-23549.20
-23430.74
-23609.31
-23483.00
-23369.76
-23381.09
-23530.91
-23388.06
-23361.05
-23483.00
-23442.06
-23332.31
-23347.12
-23489.97
-23296.59
-23369.76
-23509.13
-23307.92
-23298.34
-23392.41
-23348.86
-23302.69
-23460.35
-23367.15
-23341.89
-23337.53
-23395.02
-23294.85
-23258.27
-23363.67
-23260.88
-23234.75
-23496.07
-23219.07
-23219.07
-23329.69
-23341.89
-23422.90
-23231.26
-23181.61
-23273.95
-23166.81
-23268.72
-23203.39
-23219.94
-23219.94
-23215.58
-23178.13
-23216.46
-23218.20
-23239.97
-23080.57
-23280.91
-23159.84
-23164.19
-23111.93
-23071.86
-23066.63
-22996.08
-23221.68
-23067.50
-23097.12
-23172.90
-23104.09
-23033.53
-23026.56
-23109.31
-23094.51
-22933.36
-23054.44
-23069.25
-22946.43
-23033.53
-23043.11
-22963.85
-22929.88
-22983.01
-23002.17
-22958.62
-22994.33
-22969.94
-22986.49
-22910.71
-23080.57
-22833.19
-22986.49
-22963.85
-22936.84
-22864.55
-22974.30
-22949.04
-22869.77
-23012.63
-22951.65
-22821.86
-22879.35
-22924.65
-22875.87
-22756.53
-22846.25
-22832.32
-22790.51
-22887.19
-22904.61
-22783.54
-22767.86
-22890.68
-22803.57
-22732.14
-22809.67
-22766.99
-22759.15
-22848.00
-22727.79
-22760.02
-22734.76
-22728.66
-22629.36
-22667.69
-22863.67
-22713.85
-22592.77
-22730.40
-22752.18
-22624.13
-22672.91
-22703.40
-22645.91
-22685.11
-22730.40
-22658.98
-22592.77
-22676.40
-22638.07
-22472.57
-22618.91
-22750.44
-22515.25
-22570.13
-22684.24
-22574.48
-22464.73
-22679.88
-22631.97
-22535.28
-22533.54
-22587.55
-22516.12
-22415.08
-22616.29
-22478.66
-22458.63
-22523.96
-22498.70
-22402.88
-22457.76
-22510.02
-22491.73
-22423.79
-22583.19
-22466.47
-22472.57
-22452.53
-22562.29
-22341.04
-22532.67
-22407.24
-22416.82
-22381.11
-22527.44
-22435.11
-22402.88
-22441.21
-22461.24
-22356.72
-22350.62
-22415.95
-22267.87
-22321.00
-22439.47
-22253.06
-22259.16
-22368.91
-22433.37
-22217.35
-22370.65
-22435.98
-22273.96
-22322.74
-22247.83
-22252.19
-22184.25
-22287.03
-22218.22
-22263.51
-22264.38
-22339.29
-22125.88
-22313.16
-22261.77
-22231.28
-22139.82
-22354.10
-22273.09
-22106.72
-22232.15
-22326.23
-22048.36
-22209.51
-22255.67
-22263.51
-22181.63
-22246.09
-22156.37
-22079.72
-22242.61
-22269.61
-22154.63
-22065.78
-22137.21
-22102.37
-22053.59
-22291.39
-22190.34
-22056.20
-22124.14
-22163.34
-22130.24
-21942.09
-22192.08
-22059.68
-22017.00
-22073.62
-22035.29
-22017.00
-22006.55
-22070.14
-22006.55
-22012.65
-22038.78
-22102.37
-22030.94
-22038.78
-22117.17
-21866.31
-22026.58
-22052.71
-22014.39
-21894.18
-21965.61
-21930.77
-21956.90
-21898.54
-22029.20
-21919.44
-21855.85
-21986.51
-21864.57
-21860.21
-22091.04
-21908.99
-21876.76
-21960.38
-21846.27
-21860.21
-21898.54
-21876.76
-21864.57
-21901.15
-21823.63
-21834.08
-21844.53
-21882.86
-21855.85
-21855.85
-21800.98
-21898.54
-21789.65
-21801.85
-21801.85
-21812.30
-21732.16
-21732.16
-21775.72
-21737.39
-21811.43
-21827.98
-21706.03
-21791.40
-21855.85
-21716.48
-21741.75
-21799.24
-21848.89
-21687.74
-21758.30
-21875.02
-21676.42
-21700.81
-21630.25
-21694.71
-21683.38
-21734.78
-21713.87
-21675.54
-21651.15
-21702.55
-21638.96
-21584.95
-21616.31
-21652.03
-21596.28
-21646.80
-21715.61
-21684.25
-21523.98
-21646.80
-21603.25
-21560.56
-21709.52
-21631.12
-21565.79
-21622.41
-21676.42
-21539.66
-21544.88
-21638.09
-21563.18
-21491.75
-21614.57
-21618.93
-21564.05
-21582.34
-21619.80
-21523.11
-21553.60
-21602.37
-21397.68
-21555.34
-21483.91
-21501.33
-21518.75
-21639.83
-21587.57
-21399.42
-21447.33
-21509.17
-21408.13
-21569.27
-21437.74
-21481.30
-21385.48
-21544.01
-21473.46
-21389.84
-21392.45
-21547.50
-21376.77
-21475.20
-21493.49
-21439.49
-21377.64
-21512.66
-21473.46
-21440.36
-21458.65
-21429.90
-21341.06
-21396.80
-21284.44
-21362.83
-21375.90
-21434.26
-21498.72
-21277.47
-21391.58
-21375.03
-21272.24
-21224.33
-21420.32
-21360.22
-21229.56
-21404.64
-21375.90
-21364.57
-21338.44
-21391.58
-21258.30
-21219.98
-21421.19
-21384.61
-21284.44
-21226.95
-21385.48
-21276.60
-21284.44
-21327.12
-21173.81
-21192.98
-21335.83
-21287.92
-21222.59
-21393.32
-21272.24
-21294.89
-21262.66
-21282.69
-21186.88
-21219.11
-21250.47
-21256.56
-21195.59
-21202.56
-21202.56
-21172.07
-21196.46
-21246.98
-21162.49
-21180.78
-21218.24
-21223.46
-21059.70
-21234.79
-21232.17
-21101.51
-21144.20
-21236.53
-21186.88
-21023.12
-21321.89
-21103.26
-21114.58
-21171.20
-21174.68
-21111.10
-21143.32
-21169.46
-21135.48
-21094.54
-21120.68
-21094.54
-21005.70
-21213.01
-21200.81
-20998.73
-21132.87
-21199.07
-21140.71
-21008.31
-21206.04
-21051.86
-21089.32
-21154.65
-21154.65
-20930.79
-21090.19
-21149.42
-20965.63
-21089.32
-21081.48
-21105.00
-21109.35
-21059.70
-21105.00
-21013.54
-21111.97
-21066.67
-21159.00
-20992.63
-21096.29
-21043.15
-20980.44
-21120.68
-21080.61
-20961.27
-21017.02
-21102.38
-20946.46
-21005.70
-21016.15
-20989.15
-20966.50
-21063.19
-21071.90
-20890.72
-21049.25
-21056.22
-20898.56
-20978.69
-21098.90
-20944.72
-20966.50
-20912.49
-21055.35
-20890.72
-21023.99
-21151.16
-20817.55
-20949.95
-21028.34
-20945.59
-20871.55
-20990.89
-20989.15
-20985.66
-20970.85
-20968.24
-20920.33
-20942.98
-21003.95
-20971.73
-20932.53
-20949.95
-20976.95
-20883.75
-20909.88
-20949.95
-20907.27
-20812.32
-20998.73
-20983.05
-20859.36
-20921.20
-20996.11
-20866.33
-20834.97
-20952.56
-20799.25
-20821.03
-20911.62
-20891.59
-20791.41
-21016.15
-20858.49
-20902.04
-20892.46
-20915.98
-20775.74
-20791.41
-20974.34
-20834.97
-20878.52
-20767.90
-20836.71
-20838.45
-20833.23
-20907.27
-20789.67
-20672.95
-20986.53
-20827.13
-20829.74
-20819.29
-20850.65
-20794.90
-20846.29
-20878.52
-20805.35
-20780.96
-20911.62
-20881.13
-20769.64
-20824.52
-20851.52
-20816.68
-20909.01
-20840.19
-20829.74
-20735.67
-20823.64
-20782.70
-20741.76
-20727.83
-20820.16
-20659.88
-20849.78
-20875.04
-20719.99
-20814.06
-20814.06
-20742.64
-20735.67
-20882.88
-20784.45
-20690.37
-20807.97
-20848.91
-20739.15
-20790.54
-20788.80
-20743.51
-20656.40
-20663.37
-20784.45
-20726.09
-20814.93
-20806.22
-20794.90
-20753.96
-20795.77
-20719.12
-20728.70
-20805.35
-20755.70
-20601.52
-20815.80
-20839.32
-20695.60
-20720.86
-20677.31
-20740.89
-20706.92
-20725.21
-20721.73
-20611.98
-20726.96
-20767.90
-20685.15
-20666.85
-20729.57
-20680.79
-20701.70
-20827.13
-20758.31
-20634.62
-20707.79
-20757.44
-20623.30
-20666.85
-20723.47
-20689.50
-20714.76
-20658.14
-20756.57
-20642.46
-20762.67
-20793.16
-20611.10
-20584.97
-20702.57
-20658.14
-20613.72
-20697.34
-20698.21
-20593.68
-20678.18
-20676.43
-20545.77
-20602.39
-20653.79
-20624.17
-20613.72
-20510.93
-20753.96
-20552.74
-20629.40
-20720.86
-20599.78
-20556.23
-20578.88
-20621.56
-20555.36
-20683.40
-20637.24
-20542.29
-20549.26
-20648.56
-20585.84
-20617.20
-20589.33
-20619.82
-20562.33
-20665.11
-20652.92
-20501.35
-20551.00
-20713.89
-20506.58
-20466.51
-20677.31
-20578.88
-20511.80
-20659.01
-20558.84
-20564.07
-20510.06
-20584.10
-20468.25
-20537.06
-20577.13
-20567.55
-20511.80
-20546.65
-20498.74
-20552.74
-20477.83
-20620.69
-20403.79
-20588.46
-20670.34
-20493.51
-20469.99
-20674.69
-20544.90
-20434.28
-20563.20
-20548.39
-20456.93
-20421.21
-20422.08
-20551.87
-20477.83
-20565.81
-20461.28
-20358.50
-20495.25
-20511.80
-20395.95
-20544.03
-20429.92
-20505.71
-20419.47
-20406.40
-20501.35
-20347.17
-20462.15
-20448.22
-20421.21
-20371.56
-20473.48
-20387.24
-20384.63
-20480.45
-20503.09
-20402.92
-20472.61
-20512.67
-20408.15
-20406.40
-20399.44
-20414.24
-20361.98
-20486.54
-20428.18
-20425.57
-20382.89
-20449.09
-20340.20
-20365.46
-20422.95
-20410.76
-20355.01
-20325.40
-20482.19
-20312.33
-20282.71
-20355.01
-20491.77
-20183.41
-20401.18
-20388.98
-20305.36
-20372.43
-20337.59
-20300.14
-20313.20
-20397.69
-20303.62
-20184.28
-20406.40
-20296.65
-20255.71
-20316.69
-20395.95
-20232.19
-20247.87
-20383.76
-20220.87
-20272.26
-20263.55
-20336.72
-20240.90
-20288.81
-20284.46
-20123.31
-20213.90
-20262.68
-20261.81
-20300.14
-20314.07
-20268.78
-20247.87
-20255.71
-20273.13
-20212.16
-20232.19
-20298.39
-20245.26
-20138.12
-20285.33
-20200.83
-20198.22
-20208.67
-20307.97
-20120.70
-20133.76
-20254.84
-20187.77
-20203.45
-20112.86
-20216.51
-20084.11
-20261.81
-20229.58
-20152.93
-20133.76
-20169.48
-20077.14
-20140.73
-20079.76
-20083.24
-19969.13
-20233.93
-20186.03
-20098.92
-20142.47
-20198.22
-20117.21
-20150.31
-20191.25
-20152.05
-20019.65
-20233.06
-20068.43
-20124.18
-20056.24
-20154.67
-20058.85
-19973.49
-20226.97
-20053.62
-20033.59
-20168.60
-20138.99
-20003.10
-20028.36
-20111.99
-19928.19
-20007.46
-20147.70
-20044.04
-20068.43
-20068.43
-19929.93
-19879.41
-19950.84
-20011.81
-19927.32
-19936.90
-19991.78
-19936.90
-19861.99
-20049.27
-20039.69
-19979.58
-19956.94
-20005.72
-19939.51
-19919.48
-20017.91
-19925.58
-19833.25
-19969.13
-19989.17
-19853.28
-19927.32
-19997.88
-19851.54
-19905.54
-19854.15
-19920.35
-19854.15
-19942.13
-20072.79
-19862.86
-19889.86
-19934.29
-19761.82
-19912.51
-19910.77
-19925.58
-19905.54
-19792.31
-19865.47
-19803.63
-19823.66
-19861.12
-19777.50
-19832.37
-19937.77
-19880.28
-19812.34
-19837.60
-19785.34
-19787.08
-19772.27
-19848.05
-19861.99
-19645.97
-19878.54
-19750.49
-19730.46
-19855.89
-19821.05
-19728.72
-19764.43
-19861.12
-19631.16
-19927.32
-19835.86
-19801.02
-19733.07
-19776.63
-19853.28
-19605.90
-19688.65
-19794.05
-19704.33
-19801.89
-19755.72
-19720.01
-19654.68
-19686.91
-19755.72
-19653.81
-19692.13
-19767.04
-19618.09
-19647.71
-19856.76
-19651.19
-19661.65
-19762.69
-19714.78
-19637.26
-19676.45
-19796.66
-19476.98
-19654.68
-19691.26
-19701.71
-19556.25
-19611.99
-19786.21
-19510.08
-19699.10
-19646.84
-19613.74
-19418.62
-19809.73
-19619.83
-19595.44
-19504.85
-19604.16
-19497.89
-19613.74
-19739.17
-19543.18
-19617.22
-19750.49
-19591.09
-19549.28
-19563.22
-19670.36
-19589.35
-19663.39
-19605.03
-19531.86
-19531.86
-19665.13
-19623.32
-19513.56
-19697.36
-19586.73
-19492.66
-19443.88
-19517.92
-19433.43
-19485.69
-19567.57
-19469.14
-19449.11
-19528.37
-19621.58
-19412.52
-19545.79
-19598.06
-19441.27
-19462.17
-19508.34
-19439.52
-19470.88
-19545.79
-19557.12
-19384.65
-19545.79
-19518.79
-19485.69
-19442.14
-19497.89
-19463.04
-19452.59
-19423.85
-19475.24
-19368.97
-19472.62
-19530.11
-19368.97
-19540.57
-19422.97
-19429.07
-19389.87
-19537.08
-19454.33
-19341.97
-19422.10
-19440.40
-19400.33
-19419.49
-19470.88
-19399.46
-19391.62
-19406.42
-19430.81
-19282.73
-19379.42
-19439.52
-19312.35
-19416.01
-19384.65
-19361.13
-19372.45
-19345.45
-19374.19
-19363.74
-19310.61
-19285.35
-19277.51
-19295.80
-19412.52
-19321.93
-19296.67
-19342.84
-19347.19
-19266.18
-19462.17
-19477.85
-19384.65
-19278.38
-19120.72
-19294.06
-19301.03
-19422.10
-19328.90
-19246.15
-19266.18
-19361.13
-19263.57
-19198.24
-19516.18
-19327.16
-19347.19
-19132.91
-19410.78
-19234.82
-19278.38
-19319.32
-19216.53
-19303.64
-19196.50
-19234.82
-19096.33
-19416.01
-19348.06
-19255.73
-19249.63
-19254.86
-19277.51
-19111.13
-19456.07
-19299.28
-19271.41
-19058.00
-19448.23
-19175.59
-19242.66
-19363.74
-19166.01
-19158.17
-19138.14
-19221.76
-19066.71
-19272.28
-19246.15
-19252.25
-19118.10
-19147.72
-19260.09
-19167.75
-19348.93
-19267.05
-19280.99
-19162.53
-19240.92
-19117.23
-19220.02
-19298.41
-19213.92
-19242.66
-19176.46
-19131.17
-19081.52
-19307.12
-19223.50
-19197.37
-19097.20
-19112.00
-19181.69
-19045.80
-19381.16
-19239.18
-19243.54
-19016.19
-19183.43
-19172.11
-19196.50
-19314.96
-19119.84
-19220.89
-19132.04
-19162.53
-19097.20
-19234.82
-19301.90
-19105.04
-19146.85
-19210.43
-19091.97
-19089.36
-19442.14
-19226.98
-19189.53
-19145.98
-19160.78
-19119.84
-19091.10
-19241.79
-19220.89
-19111.13
-19031.87
-19198.24
-19025.77
-19313.22
-19260.96
-19115.49
-19059.74
-19148.59
-18967.41
-19042.32
-19297.54
-19145.10
-19153.82
-18941.28
-19115.49
-19078.90
-19151.20
-19306.25
-19156.43
-19197.37
-19042.32
-19009.22
-18968.28
-19266.18
-19093.71
-19082.39
-19107.65
-19105.04
-19142.49
-19156.43
-19092.84
-19131.17
-19145.98
-19028.38
-19095.45
-19044.93
-19037.96
-19163.40
-19064.10
-19031.87
-19078.03
-19105.04
-19112.88
-19106.78
-19216.53
-18981.34
-19151.20
-19159.91
-19056.26
-19112.00
-19042.32
-19168.62
-19009.22
-19223.50
-19051.90
-19055.39
-19045.80
-19073.68
-19017.06
-18976.99
-19274.89
-19123.33
-19046.67
-18924.73
-19112.88
-18987.44
-19117.23
-19152.94
-19162.53
-18880.30
-18898.59
-19003.12
-19007.48
-19226.11
-19154.69
-18993.54
-19000.51
-19069.32
-19010.09
-19037.09
-19199.11
-19071.06
-19077.16
-18814.97
-19113.75
-18959.57
-19014.45
-19119.84
-19027.51
-18949.12
-19075.42
-19009.22
-19131.17
-18901.21
-19072.81
-19045.80
-19058.00
-19090.23
-18925.60
-19016.19
-19213.05
-18984.83
-19004.86
-18981.34
-19030.12
-18997.90
-19021.41
-19064.10
-19006.61
-19023.16
-18847.20
-19003.99
-18786.23
-19119.84
-19031.00
-18986.57
-18864.62
-18983.09
-18942.15
-19049.29
-18970.02
-19024.90
-18987.44
-19112.00
-18985.70
-18923.85
-19005.73
-19076.29
-18910.79
-19071.94
-19003.12
-19006.61
-18904.69
-19003.99
-18943.89
-18943.02
-18982.22
-18944.76
-18909.05
-18970.02
-19066.71
-18957.83
-18931.69
-19030.12
-19029.25
-18940.40
-19004.86
-19062.35
-18924.73
-18903.82
-19007.48
-19010.09
-18949.99
-18913.40
-19006.61
-18885.53
-18920.37
-18864.62
-18887.27
-18903.82
-18997.90
-18976.12
-18875.08
-19017.93
-18967.41
-18963.92
-18907.30
-18944.76
-18927.34
-18842.85
-18997.02
-18907.30
-18931.69
-18888.14
-19048.42
-18895.11
-18909.05
-18979.60
-18875.95
-19007.48
-18952.60
-18980.47
-18894.24
-19059.74
-18922.11
-18892.50
-18991.80
-18966.54
-18983.96
-18880.30
-18892.50
-18909.92
-18826.30
-18911.66
-18964.79
-18878.56
-18944.76
-18878.56
-18785.36
-18840.23
-18937.79
-18934.31
-18899.46
-18889.01
-18982.22
-18768.81
-18946.50
-18956.08
-18889.01
-18799.29
-18997.90
-18845.46
-18888.14
-18857.65
-18920.37
-18735.70
-18895.11
-18975.25
-18849.81
-18672.99
-19004.86
-18820.20
-18794.07
-18829.78
-18942.15
-18780.13
-18837.62
-18934.31
-18884.66
-18840.23
-18935.18
-18857.65
-18848.07
-18862.88
-18794.94
-18792.32
-18824.55
-18987.44
-18848.07
-18731.35
-18792.32
-18806.26
-18770.55
-18952.60
-18817.58
-18862.01
-18848.07
-18909.92
-18779.26
-18753.13
-18811.49
-18722.64
-18729.61
-18829.78
-18879.43
-18794.07
-18803.65
-18789.71
-18720.90
-18647.73
-18859.40
-18832.39
-18781.87
-18808.87
-18856.78
-18713.06
-18792.32
-18800.16
-18769.68
-18754.87
-18907.30
-18808.87
-18819.33
-18777.52
-18752.26
-18771.42
-18749.64
-18811.49
-18707.83
-18646.86
-18809.75
-18753.13
-18657.31
-18750.51
-18771.42
-18667.76
-18760.09
-18786.23
-18794.07
-18645.99
-18773.16
-18711.32
-18728.74
-18689.54
-18708.70
-18696.51
-18703.48
-18705.22
-18695.64
-18792.32
-18666.02
-18666.02
-18679.09
-18721.77
-18666.89
-18719.15
-18680.83
-18754.87
-18730.48
-18559.75
-18686.05
-18679.09
-18583.27
-18647.73
-18686.05
-18632.05
-18622.47
-18690.41
-18582.40
-18603.30
-18759.22
-18681.70
-18618.11
-18845.46
-18706.09
-18535.36
-18713.93
-18725.25
-18673.86
-18517.94
-18723.51
-18605.05
-18592.85
-18740.06
-18622.47
-18580.66
-18571.07
-18611.14
-18523.17
-18601.56
-18646.86
-18553.65
-18607.66
-18578.91
-18600.69
-18501.39
-18537.97
-18639.02
-18658.18
-18536.23
-18559.75
-18583.27
-18493.55
-18719.15
-18537.10
-18606.79
-18621.60
-18559.75
-18601.56
-18451.74
-18541.46
-18575.43
-18561.49
-18554.52
-18580.66
-18565.85
-18541.46
-18553.65
-18398.60
-18558.88
-18605.92
-18544.94
-18521.42
-18545.81
-18515.33
-18472.64
-18472.64
-18524.91
-18437.80
-18452.61
-18578.04
-18477.00
-18437.80
-18567.59
-18429.09
-18433.45
-18443.90
-18531.88
-18411.67
-18386.41
-18435.19
-18501.39
-18463.93
-18558.88
-18408.19
-18399.47
-18477.87
-18552.78
-18287.11
-18493.55
-18484.84
-18477.00
-18476.13
-18399.47
-18536.23
-18411.67
-18429.96
-18531.88
-18411.67
-18280.14
-18488.32
-18386.41
-18321.95
-18435.19
-18365.50
-18356.79
-18400.35
-18541.46
-18368.99
-18323.69
-18492.68
-18312.37
-18314.98
-18339.37
-18365.50
-18304.53
-18339.37
-18339.37
-18355.92
-18173.00
-18428.22
-18351.57
-18312.37
-18330.66
-18365.50
-18296.69
-18296.69
-18387.28
-18326.31
-18407.31
-18258.36
-18300.17
-18249.65
-18412.54
-18472.64
-18308.01
-18283.62
-18385.54
-18188.68
-18322.82
-18287.98
-18254.01
-18215.68
-18343.73
-18300.17
-18185.19
-18296.69
-18308.88
-18188.68
-18301.04
-18304.53
-18235.71
-18211.32
-18193.03
-18428.22
-18061.50
-18301.04
-18287.98
-18193.03
-18214.81
-18211.32
-18227.87
-18125.09
-18261.85
-18214.81
-18159.06
-18201.74
-18266.20
-18197.39
-18214.81
-18142.51
-18142.51
-18193.90
-18227.87
-18214.81
-18128.57
-18138.16
-18176.48
