IEC 61083-2 TDG Version 2.1.0
Data File Version  2.1.0
53 OLI-M2
16 bits, 10999 samples at 10ns
1.000000e-008
24.9
422.9
525.5
323.4
220.8
422.9
727.7
422.9
727.7
525.5
323.4
323.4
422.9
422.9
525.5
525.5
422.9
422.9
220.8
18.7
323.4
525.5
220.8
525.5
525.5
628.2
115.1
422.9
628.2
628.2
323.4
115.1
323.4
422.9
422.9
628.2
422.9
323.4
422.9
115.1
115.1
525.5
525.5
422.9
422.9
833.4
422.9
525.5
727.7
525.5
628.2
422.9
323.4
115.1
628.2
220.8
422.9
525.5
628.2
323.4
525.5
323.4
220.8
422.9
628.2
220.8
525.5
525.5
422.9
422.9
323.4
422.9
628.2
220.8
422.9
323.4
422.9
422.9
422.9
525.5
628.2
525.5
422.9
422.9
323.4
323.4
525.5
525.5
323.4
220.8
422.9
628.2
220.8
628.2
422.9
628.2
323.4
628.2
422.9
115.1
422.9
525.5
323.4
525.5
422.9
323.4
220.8
220.8
323.4
525.5
525.5
323.4
525.5
422.9
525.5
323.4
628.2
422.9
628.2
525.5
422.9
628.2
525.5
422.9
323.4
220.8
220.8
525.5
422.9
628.2
323.4
628.2
525.5
422.9
323.4
220.8
115.1
422.9
115.1
220.8
422.9
18.7
628.2
323.4
220.8
727.7
525.5
323.4
422.9
115.1
833.4
525.5
422.9
525.5
323.4
422.9
323.4
525.5
323.4
323.4
220.8
220.8
727.7
323.4
525.5
323.4
727.7
936.0
422.9
727.7
833.4
422.9
323.4
422.9
323.4
422.9
323.4
628.2
323.4
727.7
628.2
525.5
220.8
323.4
220.8
727.7
422.9
323.4
115.1
422.9
525.5
727.7
525.5
628.2
422.9
833.4
422.9
422.9
422.9
525.5
323.4
525.5
220.8
525.5
525.5
422.9
628.2
628.2
115.1
422.9
422.9
323.4
422.9
323.4
323.4
323.4
525.5
422.9
628.2
525.5
525.5
220.8
422.9
727.7
525.5
628.2
323.4
422.9
628.2
422.9
628.2
115.1
422.9
115.1
323.4
323.4
220.8
323.4
323.4
323.4
422.9
422.9
115.1
525.5
422.9
18.7
628.2
323.4
525.5
422.9
323.4
628.2
525.5
422.9
833.4
323.4
323.4
323.4
422.9
525.5
628.2
422.9
323.4
422.9
422.9
628.2
628.2
422.9
422.9
727.7
422.9
220.8
220.8
525.5
220.8
525.5
525.5
525.5
422.9
628.2
220.8
323.4
727.7
525.5
323.4
323.4
323.4
628.2
727.7
628.2
525.5
323.4
833.4
422.9
727.7
833.4
323.4
422.9
220.8
422.9
422.9
220.8
525.5
323.4
220.8
525.5
525.5
422.9
323.4
422.9
323.4
525.5
628.2
115.1
525.5
628.2
628.2
525.5
422.9
323.4
422.9
727.7
323.4
323.4
525.5
525.5
525.5
220.8
525.5
727.7
422.9
220.8
525.5
628.2
422.9
323.4
323.4
323.4
628.2
422.9
833.4
422.9
727.7
628.2
525.5
628.2
220.8
220.8
525.5
628.2
323.4
422.9
422.9
422.9
628.2
727.7
628.2
628.2
323.4
727.7
422.9
422.9
323.4
727.7
422.9
323.4
220.8
323.4
833.4
422.9
525.5
323.4
628.2
525.5
323.4
628.2
422.9
936.0
628.2
422.9
628.2
628.2
525.5
936.0
422.9
525.5
628.2
525.5
323.4
323.4
422.9
323.4
323.4
727.7
628.2
525.5
422.9
323.4
628.2
727.7
525.5
727.7
422.9
727.7
422.9
936.0
220.8
936.0
525.5
323.4
727.7
727.7
220.8
525.5
220.8
422.9
422.9
115.1
422.9
422.9
628.2
525.5
628.2
323.4
628.2
323.4
422.9
18.7
422.9
525.5
628.2
525.5
422.9
727.7
422.9
323.4
422.9
323.4
525.5
628.2
220.8
628.2
323.4
525.5
422.9
220.8
525.5
115.1
727.7
525.5
936.0
422.9
525.5
525.5
525.5
525.5
422.9
628.2
727.7
323.4
525.5
422.9
422.9
422.9
220.8
323.4
727.7
525.5
628.2
628.2
422.9
422.9
422.9
525.5
525.5
18.7
422.9
422.9
323.4
323.4
525.5
525.5
422.9
422.9
525.5
323.4
323.4
323.4
220.8
422.9
422.9
525.5
323.4
115.1
422.9
525.5
525.5
628.2
422.9
220.8
323.4
323.4
323.4
115.1
525.5
525.5
833.4
525.5
422.9
115.1
422.9
220.8
323.4
525.5
323.4
628.2
525.5
628.2
323.4
525.5
323.4
422.9
220.8
422.9
323.4
220.8
525.5
422.9
422.9
525.5
525.5
727.7
525.5
525.5
422.9
323.4
323.4
323.4
727.7
323.4
323.4
323.4
628.2
422.9
525.5
220.8
323.4
323.4
220.8
422.9
628.2
422.9
422.9
220.8
220.8
422.9
525.5
727.7
525.5
220.8
220.8
422.9
422.9
422.9
628.2
525.5
220.8
422.9
525.5
220.8
628.2
628.2
628.2
115.1
220.8
422.9
525.5
422.9
422.9
422.9
422.9
525.5
422.9
323.4
220.8
525.5
727.7
422.9
115.1
525.5
422.9
422.9
525.5
422.9
323.4
727.7
525.5
422.9
727.7
525.5
115.1
220.8
525.5
323.4
323.4
115.1
833.4
323.4
422.9
323.4
220.8
422.9
422.9
323.4
525.5
323.4
628.2
525.5
220.8
525.5
323.4
525.5
525.5
220.8
525.5
115.1
525.5
422.9
727.7
220.8
422.9
422.9
525.5
323.4
727.7
422.9
525.5
525.5
422.9
422.9
323.4
422.9
525.5
525.5
323.4
422.9
727.7
323.4
628.2
422.9
628.2
525.5
628.2
525.5
525.5
422.9
115.1
422.9
525.5
525.5
422.9
525.5
525.5
422.9
323.4
525.5
323.4
323.4
628.2
422.9
833.4
525.5
422.9
422.9
525.5
220.8
422.9
422.9
628.2
727.7
628.2
422.9
422.9
422.9
323.4
727.7
628.2
628.2
323.4
323.4
422.9
525.5
115.1
18.7
525.5
323.4
323.4
220.8
220.8
220.8
525.5
727.7
323.4
422.9
323.4
525.5
323.4
628.2
220.8
525.5
422.9
628.2
323.4
628.2
833.4
525.5
323.4
323.4
727.7
727.7
525.5
628.2
525.5
727.7
833.4
422.9
323.4
220.8
628.2
727.7
323.4
525.5
525.5
833.4
323.4
323.4
525.5
525.5
323.4
323.4
323.4
422.9
525.5
422.9
220.8
422.9
525.5
422.9
628.2
422.9
323.4
833.4
422.9
628.2
18.7
220.8
525.5
422.9
220.8
525.5
525.5
525.5
115.1
525.5
220.8
422.9
323.4
323.4
628.2
323.4
727.7
525.5
525.5
220.8
628.2
525.5
220.8
323.4
115.1
115.1
422.9
422.9
628.2
525.5
422.9
115.1
323.4
628.2
422.9
323.4
525.5
422.9
422.9
727.7
220.8
525.5
422.9
727.7
323.4
220.8
727.7
525.5
1138.2
1747.7
1032.4
727.7
1439.8
1949.8
1439.8
1032.4
1949.8
1645.0
1340.3
525.5
18.7
323.4
936.0
936.0
1340.3
1645.0
1138.2
833.4
628.2
323.4
323.4
525.5
1340.3
1240.8
1439.8
1850.3
2158.1
1545.5
1747.7
2158.1
2158.1
1949.8
2257.6
1949.8
1850.3
1747.7
1747.7
1645.0
1949.8
2357.2
2257.6
2665.0
2357.2
2462.9
2767.6
2462.9
2462.9
2767.6
2867.1
3069.3
2767.6
2969.8
3069.3
3274.5
3069.3
3171.9
3479.8
3579.3
3887.1
3887.1
3784.5
3784.5
3986.6
4191.9
4900.9
4596.1
5109.2
5109.2
5414.0
5208.7
5311.4
5208.7
5311.4
5414.0
5616.1
5414.0
5818.2
5721.8
5616.1
5721.8
6126.1
6225.6
6629.9
6533.5
7348.2
7043.5
7143.0
7242.5
7348.2
7450.8
7855.1
7755.6
7957.7
8159.9
8159.9
8159.9
8464.6
8262.5
8673.0
8567.2
9179.8
9382.0
9888.8
9590.3
10299.3
10501.5
10911.9
10501.5
11216.7
10911.9
11624.1
11624.1
11928.8
11928.8
12028.3
12640.9
12541.4
12846.2
12846.2
12740.4
13048.3
13452.6
13353.1
13452.6
13965.7
14270.4
14167.8
14369.9
15082.0
14674.7
14979.4
15187.8
15287.3
15800.4
15999.4
16204.6
16304.2
16708.4
16612.0
16612.0
17221.5
17118.9
17625.8
17529.4
18238.4
18036.3
18748.4
19155.8
19053.1
18950.5
19563.1
19563.1
19665.7
20272.1
20169.5
20377.9
20682.6
21189.5
21189.5
21394.7
21898.5
22106.9
22312.1
22411.6
22815.9
23123.7
23123.7
23329.0
23835.8
24140.6
24650.6
24551.1
25157.5
24958.5
25568.0
25568.0
26074.8
26587.9
26280.1
26787.0
26787.0
27094.8
27505.3
27810.0
28214.3
28214.3
28621.7
28826.9
29234.3
29539.0
29843.8
30151.7
30151.7
30555.9
31069.0
31572.8
31373.8
31678.5
32490.1
32695.4
32894.4
32695.4
33102.8
33609.6
33811.8
33914.4
34119.6
34831.7
34729.1
35341.7
35951.2
35951.2
36358.6
36358.6
36868.6
37173.4
37680.2
37680.2
38292.8
38597.6
39104.5
38905.5
39515.0
39717.1
40326.6
40634.4
40734.0
41243.9
41343.5
41856.6
42363.4
42363.4
42773.9
43078.7
43280.8
43585.6
44095.5
44807.7
44807.7
45211.9
45317.7
45924.0
46231.9
46536.7
46337.6
47245.7
47656.2
47858.3
47964.0
48371.4
48676.1
49183.0
49388.3
49898.2
50100.4
50302.5
50610.4
50915.1
51117.2
51627.2
51832.5
52442.0
52442.0
52746.7
53051.5
53256.7
53769.8
54068.4
54677.9
54581.5
55290.5
55697.8
56108.3
56108.3
56919.9
57125.2
57532.6
57632.1
58142.1
59158.9
58754.7
59261.6
59771.5
60381.0
60483.7
61093.2
61500.5
61911.0
61805.3
62514.3
62924.8
63232.6
63640.0
64044.3
64756.4
64756.4
65166.9
65673.8
65773.3
66183.7
66591.1
66995.4
67300.1
67508.5
67710.6
68015.4
68320.1
68932.7
69237.5
69850.1
70559.1
70767.4
71171.7
71681.7
71781.2
71989.6
72698.6
73105.9
73410.7
73718.5
74228.5
74530.2
74530.2
75553.3
75858.0
75957.5
76262.3
76874.9
77378.7
77686.5
78199.6
78603.9
78703.4
79213.4
79213.4
80130.7
80332.9
80435.5
81247.1
81349.7
82065.0
82164.5
82674.5
82876.6
83389.7
83694.5
84307.1
84506.1
85215.1
85118.7
85933.4
86340.8
86539.8
87258.2
87457.2
87861.5
88069.8
88579.8
88987.2
89291.9
90103.6
89904.5
90209.3
90918.3
91226.2
91530.9
92143.5
92243.0
92855.6
93259.9
93667.3
94177.3
94382.5
94684.1
94684.1
95293.6
95906.3
96419.4
96419.4
96823.6
97336.7
97946.2
98045.7
98350.5
98963.1
99370.5
99575.7
100079.5
100287.8
100692.1
101099.5
101202.1
101712.1
102421.1
102526.8
103235.8
103338.4
103947.9
104660.1
104964.8
105577.4
105782.7
105882.2
106395.3
106799.5
107412.1
107915.9
108223.8
108631.1
108631.1
109041.6
109548.5
110158.0
110668.0
110770.6
111280.6
111688.0
112297.5
112605.3
112804.4
113214.8
113516.5
114026.5
114738.6
115146.0
115450.7
115450.7
116169.1
116169.1
116672.8
116980.7
117487.6
117994.5
117898.1
118302.3
118709.7
119120.2
119729.7
120037.5
120133.9
120640.8
121359.1
121253.4
121458.7
122170.8
122372.9
122879.8
123392.9
123797.2
124005.5
124509.3
125121.9
125324.0
125734.5
126138.8
126648.7
126956.6
127566.1
127970.4
128073.0
128483.5
129295.1
129500.3
129699.4
130212.5
130212.5
130414.6
130924.6
131534.1
131841.9
132041.0
132554.1
133064.1
133368.8
133570.9
133166.7
134180.4
134895.7
134998.3
135306.2
135710.4
136015.2
136117.8
136727.3
137035.1
137846.8
138151.5
138661.5
138860.5
138764.1
139373.6
139578.9
140291.0
140695.3
140903.6
141102.6
141307.9
142020.0
141817.9
142530.0
143036.9
143546.9
143851.6
143954.2
144464.2
144464.2
144769.0
145381.6
145683.2
146193.2
146093.7
146905.3
147210.1
147309.6
147922.2
148531.7
148740.1
149246.9
149246.9
149753.8
149962.2
150671.2
150873.3
151485.9
151386.4
151790.7
152201.2
152502.8
153012.8
153724.9
153830.6
154032.8
154337.5
154642.3
155152.3
155457.0
155659.1
156172.2
156371.3
156679.1
156881.2
157493.9
157798.6
158103.4
158103.4
158411.2
158818.6
158918.1
159123.3
159736.0
159736.0
160345.5
160547.6
160749.7
161256.6
161667.1
161561.3
162074.4
162174.0
162886.1
162478.7
163601.3
163703.9
163703.9
163803.4
164412.9
164618.2
165025.6
165432.9
165635.1
166141.9
166754.5
166655.0
166754.5
167572.4
167264.5
167877.1
168079.3
168384.0
168794.5
168894.0
169198.8
169503.5
169503.5
169910.9
170116.1
170420.9
171033.5
171232.5
171335.1
171745.6
171947.7
172050.4
172358.2
172762.5
173067.2
173372.0
173067.2
173878.9
174186.7
174392.0
174392.0
175004.6
175101.0
175614.1
175508.4
175921.9
176220.5
176525.2
176525.2
176935.7
177343.1
177650.9
177747.3
178260.4
178260.4
178767.3
178568.3
178972.6
179072.1
179379.9
179582.1
180393.7
179989.4
180602.0
180701.6
180804.2
181211.5
181615.8
182228.4
182635.8
182533.2
182841.0
183040.0
183450.5
183553.1
183758.4
183957.4
184063.1
184467.4
184467.4
184874.8
184669.5
185179.5
184974.3
185279.0
185792.1
185792.1
186096.9
186096.9
186603.8
186603.8
186709.5
187113.8
187014.2
187723.3
187626.9
188133.7
188133.7
188438.5
188743.2
188948.5
188842.7
188842.7
189147.5
189455.4
189660.6
189660.6
190273.2
190472.2
190273.2
190777.0
190472.2
190578.0
191489.1
191287.0
191389.6
191694.3
191694.3
191793.8
192204.3
192002.2
192406.5
192098.6
192711.2
192307.0
192816.9
192919.6
193423.3
193224.3
193423.3
193628.6
193933.3
193933.3
194340.7
194545.9
194953.3
194751.2
194953.3
195357.6
195565.9
195357.6
195870.7
196072.8
196072.8
196072.8
196380.7
196480.2
196380.7
196579.7
197192.3
197192.3
196682.3
197192.3
197397.5
197192.3
197294.9
197705.4
197801.8
197904.4
198010.1
198209.2
198308.7
198109.7
198719.2
199027.0
198308.7
198719.2
198921.3
199126.5
199126.5
198921.3
199530.8
199530.8
199636.5
199838.6
200043.9
199938.2
200351.7
199938.2
199938.2
200246.0
200043.9
200351.7
200656.5
200855.5
200550.8
200855.5
200855.5
201266.0
201060.8
200855.5
200961.2
200855.5
201573.9
201163.4
201365.5
201872.4
201872.4
201673.4
201872.4
201772.9
201772.9
201772.9
201978.1
201978.1
202385.5
202485.0
202177.1
202282.9
202587.6
202385.5
202282.9
202385.5
202177.1
202485.0
202485.0
202282.9
202789.7
202587.6
202485.0
202485.0
202587.6
202587.6
202690.2
202690.2
202690.2
202385.5
202587.6
202789.7
202690.2
202690.2
202895.5
202998.1
202895.5
202895.5
202895.5
203094.5
203302.8
202998.1
202789.7
202690.2
203094.5
202895.5
202895.5
203302.8
203402.4
203402.4
202895.5
203094.5
202998.1
203094.5
203200.2
203200.2
203402.4
203402.4
203302.8
203501.9
203501.9
203200.2
203302.8
203604.5
203200.2
202895.5
203200.2
202998.1
202998.1
202895.5
202789.7
202690.2
203200.2
203200.2
203200.2
202895.5
202998.1
202690.2
202789.7
202895.5
202895.5
202789.7
202587.6
202895.5
202282.9
202895.5
202690.2
202587.6
202177.1
202485.0
202282.9
201978.1
202080.7
202080.7
202177.1
202282.9
201872.4
201673.4
201266.0
201468.1
200961.2
201266.0
201468.1
201468.1
201163.4
200855.5
201163.4
201060.8
200756.0
200656.5
200855.5
200855.5
200656.5
200550.8
200143.4
200351.7
200043.9
200246.0
200550.8
200043.9
200246.0
199434.4
200143.4
199739.1
199739.1
199530.8
199434.4
199434.4
199126.5
198921.3
199126.5
199027.0
198414.4
198719.2
198719.2
198414.4
198109.7
198109.7
198010.1
197801.8
197705.4
197801.8
197599.7
197705.4
197192.3
197092.8
197192.3
196788.0
196480.2
196682.3
196380.7
196175.4
196175.4
196072.8
195970.2
195870.7
195970.2
195970.2
195463.3
195258.1
195463.3
195052.8
194751.2
194545.9
194953.3
194648.6
194545.9
194340.7
194141.7
193933.3
193933.3
193323.8
193529.1
193423.3
193323.8
193121.7
193121.7
193016.0
193016.0
192406.5
192307.0
192098.6
191899.6
191793.8
192002.2
191594.8
191594.8
190982.2
191190.6
190982.2
190677.5
190982.2
190369.6
190167.5
189965.3
189965.3
189558.0
189455.4
189355.8
188842.7
188948.5
188743.2
188335.9
188230.1
187931.6
187825.9
187521.1
187521.1
187113.8
187418.5
186908.5
186809.0
186196.4
186501.1
186096.9
185792.1
185792.1
185487.4
185179.5
184772.1
184772.1
184367.9
184063.1
184162.6
183957.4
183553.1
183347.9
183040.0
182940.5
182940.5
182228.4
182436.8
181923.7
181718.4
181718.4
181519.4
181112.0
180906.8
180804.2
180602.0
180499.4
179684.7
179989.4
179482.5
179277.3
178972.6
178873.0
178462.6
178873.0
178154.7
178154.7
177850.0
177548.3
177442.6
177038.3
176733.6
176525.2
176326.2
175816.2
175921.9
175713.6
175309.3
175203.6
175004.6
174696.7
174289.3
174186.7
174087.2
173779.4
173574.1
173169.9
173169.9
172762.5
172358.2
172454.6
172050.4
171745.6
171335.1
170828.3
170828.3
170523.5
170218.8
170523.5
170218.8
169503.5
169301.4
169705.7
169099.3
168894.0
168489.8
168489.8
168384.0
167877.1
167877.1
167264.5
166857.2
166959.8
166552.4
166247.7
165535.5
165535.5
165737.7
165230.8
164618.2
164412.9
164210.8
163803.4
163601.3
163193.9
162988.7
162886.1
162478.7
162074.4
161769.7
161561.3
161256.6
160951.8
160653.3
160140.2
160040.7
159527.6
159527.6
158915.0
158915.0
158510.7
158510.7
158103.4
157798.6
157798.6
156983.9
156679.1
156371.3
156477.0
155659.1
155457.0
155046.5
154847.5
154542.8
154337.5
154129.2
153724.9
153420.2
153317.5
152708.0
152708.0
152608.5
151896.4
152095.4
151790.7
151178.1
151078.5
150574.8
150469.0
150061.7
149962.2
149551.7
149144.3
148839.6
148740.1
148332.7
147720.1
147822.7
147614.3
147110.6
146600.6
146600.6
146093.7
145788.9
145381.6
145381.6
144871.6
144769.0
144259.0
143752.1
143851.6
143142.6
142934.2
142424.3
142225.2
142225.2
141612.6
141307.9
141208.4
140695.3
140797.9
140085.8
140188.4
139373.6
139274.1
139274.1
138661.5
138562.0
138048.9
137846.8
137339.9
137234.2
137035.1
136826.8
136319.9
135809.9
135604.7
134998.3
134587.8
134693.5
133673.6
133978.3
133570.9
133570.9
132958.3
132451.4
132345.7
132146.7
131742.4
131636.7
130719.3
130924.6
130212.5
129907.7
129907.7
129394.6
128990.4
129295.1
128483.5
128178.7
127874.0
127566.1
127056.1
126549.2
126648.7
126443.5
126039.2
125324.0
125121.9
124817.1
124409.8
124204.5
123797.2
123697.6
123184.5
122879.8
122372.9
121862.9
121862.9
121359.1
121253.4
120640.8
120640.8
119931.8
119729.7
119424.9
119319.2
118507.6
118302.3
118202.8
117795.4
117385.0
117182.8
116878.1
116672.8
116169.1
115861.2
115656.0
115556.4
115251.7
114738.6
114430.7
114231.7
113721.7
113821.2
113619.1
113109.1
112297.5
112297.5
112092.2
111887.0
111585.4
111075.4
110770.6
110465.9
110158.0
109750.6
109445.9
109346.4
108631.1
108631.1
108021.6
107716.9
107511.7
107306.4
106902.2
106799.5
106186.9
106186.9
105680.0
105269.6
104964.8
104560.5
104355.3
104255.8
103947.9
103130.1
103130.1
102725.8
102626.3
102013.7
101712.1
101099.5
101503.7
100794.7
100589.5
100589.5
99877.3
99575.7
99162.1
98963.1
98757.8
97946.2
97840.5
97741.0
97433.1
97128.4
96618.4
96419.4
96211.0
95806.7
95601.5
95293.6
94988.9
94584.6
94482.0
94077.8
93972.0
93564.7
92955.1
93054.7
92855.6
92243.0
91938.3
91729.9
91425.2
90821.9
90716.2
90408.3
90308.8
89798.8
89497.2
89391.4
88579.8
88474.1
88271.9
87861.5
87967.2
87354.6
87049.8
86440.3
86132.5
86036.1
85827.7
85423.5
85320.8
84506.1
84605.6
84201.3
83999.2
83999.2
83181.4
82674.5
82674.5
82472.4
82065.0
81859.7
81555.0
81349.7
81247.1
80637.6
80435.5
80332.9
79826.0
79620.8
79415.5
79316.0
78908.6
78908.6
78504.4
78093.9
77686.5
77587.0
77484.4
77378.7
76874.9
76669.7
76364.9
75858.0
75447.5
75957.5
75344.9
75139.7
74635.9
74732.3
74228.5
73920.7
73615.9
73205.4
73003.3
73003.3
72496.4
72188.6
71989.6
71681.7
71476.5
70863.8
70664.8
70459.6
70254.3
69850.1
70052.2
69337.0
69237.5
69038.4
68217.5
68730.6
68320.1
67405.9
67300.1
67300.1
66690.6
66591.1
66591.1
66078.0
66183.7
65673.8
65673.8
65064.3
65474.7
64961.6
64249.5
64349.0
63944.8
64044.3
63640.0
63431.7
63232.6
62924.8
62924.8
63027.4
62110.0
62315.3
61805.3
61500.5
61192.7
61093.2
60688.9
60586.3
60381.0
59973.7
59871.1
59463.7
59463.7
59261.6
58652.0
58347.3
58142.1
58042.5
58042.5
58142.1
57227.8
57632.1
57025.7
56919.9
56919.9
56207.8
56512.6
55903.1
55697.8
55498.8
55191.0
55396.2
54886.2
54677.9
54478.8
54373.1
54373.1
53968.8
53866.2
53356.2
53561.5
53256.7
53256.7
52544.6
52544.6
52339.4
52339.4
52031.5
51832.5
51527.7
51726.7
50915.1
51017.7
50809.4
50504.6
50405.1
50405.1
49997.8
49898.2
49997.8
49487.8
49593.5
48980.9
49080.4
48980.9
48470.9
48371.4
48371.4
48066.6
47964.0
47454.0
47758.8
47656.2
46947.1
47245.7
46947.1
46642.4
46337.6
46337.6
46231.9
46231.9
45619.3
45516.7
45516.7
45112.4
44907.2
45112.4
44599.3
44400.3
44195.1
44195.1
43691.3
43787.7
43585.6
43787.7
43787.7
43078.7
43178.2
43178.2
42565.6
42565.6
42565.6
42161.3
41648.2
42161.3
41956.1
41343.5
41243.9
41449.2
40939.2
40836.6
41141.3
40634.4
40939.2
40734.0
40836.6
40326.6
39819.7
40326.6
40021.8
40021.8
39617.6
39515.0
39312.8
39312.8
39104.5
39210.2
39409.2
39210.2
38905.5
38799.7
38799.7
38700.2
38395.5
38700.2
38087.6
38087.6
37988.1
38193.3
37782.9
37680.2
37375.5
37173.4
37276.0
37070.7
37173.4
36868.6
36762.9
36762.9
36563.9
36563.9
36358.6
36259.1
36358.6
36358.6
36053.9
36053.9
35848.6
36053.9
35646.5
35441.2
35236.0
35341.7
35646.5
35441.2
35441.2
35033.9
35646.5
35236.0
34937.5
34831.7
35033.9
34937.5
34729.1
34527.0
34629.6
34527.0
34119.6
34119.6
33914.4
33914.4
34119.6
33914.4
33712.3
33811.8
34020.1
33811.8
33811.8
33609.6
33712.3
33407.5
33407.5
33609.6
33507.0
33304.9
33407.5
33202.3
33102.8
33000.1
33000.1
32798.0
32894.4
32798.0
32894.4
33102.8
32798.0
32894.4
32798.0
32894.4
32387.5
32695.4
32387.5
32387.5
31977.0
32082.8
32284.9
32082.8
32284.9
32185.4
32387.5
32387.5
31977.0
32082.8
32284.9
32082.8
31880.6
31977.0
31977.0
31880.6
32284.9
31880.6
32082.8
32185.4
32387.5
31880.6
32284.9
32185.4
32185.4
32185.4
32284.9
32284.9
32284.9
32284.9
32490.1
32082.8
32082.8
32284.9
32387.5
32185.4
32284.9
32185.4
32387.5
32589.7
32490.1
32284.9
31977.0
31977.0
32387.5
32185.4
32387.5
32490.1
32284.9
32387.5
32387.5
32284.9
32589.7
32589.7
32589.7
32185.4
32490.1
32798.0
32284.9
32387.5
32490.1
32695.4
32387.5
32798.0
32894.4
33102.8
32894.4
33000.1
33102.8
32589.7
33102.8
33102.8
32695.4
32894.4
32798.0
33000.1
33000.1
33304.9
33102.8
33407.5
33304.9
33609.6
33507.0
33712.3
33914.4
33811.8
33609.6
34219.1
33914.4
34219.1
33811.8
34219.1
34219.1
34020.1
34219.1
34527.0
34424.4
34324.9
34424.4
34527.0
34729.1
34937.5
34629.6
34729.1
35033.9
34831.7
35033.9
35236.0
35033.9
35236.0
35236.0
35341.7
35646.5
35848.6
35341.7
35646.5
35646.5
35848.6
36153.4
36259.1
35951.2
36358.6
36458.1
36563.9
36666.5
36358.6
36971.2
36971.2
37173.4
36868.6
37375.5
37173.4
37680.2
37888.6
37680.2
37888.6
37988.1
38292.8
38292.8
38292.8
38193.3
38395.5
38700.2
38905.5
39210.2
39312.8
39312.8
39005.0
39409.2
39312.8
39515.0
39717.1
39919.2
40227.1
40326.6
40227.1
40326.6
40326.6
40939.2
40836.6
40836.6
41243.9
41141.3
41141.3
41343.5
41648.2
41753.9
41548.7
42161.3
41648.2
42055.6
41856.6
42260.8
42260.8
42565.6
42565.6
42870.3
43078.7
43280.8
43383.4
43691.3
43280.8
43585.6
43890.3
43787.7
44095.5
44095.5
44095.5
44294.6
44400.3
44705.0
45317.7
45012.9
45420.3
45516.7
45516.7
45725.0
45924.0
46029.8
46129.3
46337.6
46642.4
46642.4
46947.1
47149.3
46947.1
47553.5
47245.7
47553.5
48066.6
47758.8
48163.0
48573.5
48470.9
48573.5
48775.6
49080.4
48980.9
49487.8
49288.7
49898.2
49898.2
49693.0
50405.1
50405.1
50405.1
50504.6
50915.1
50915.1
51322.5
51627.2
51627.2
51627.2
51627.2
52339.4
52442.0
52544.6
52644.1
53157.2
52644.1
53256.7
53462.0
53664.1
53769.8
53968.8
54273.6
54677.9
54478.8
55088.3
55191.0
55290.5
55290.5
55697.8
56108.3
56207.8
56310.4
56512.6
56615.2
56817.3
57125.2
57324.2
57632.1
57429.9
57837.3
57936.8
58142.1
58549.4
59059.4
58959.9
58854.2
59158.9
59463.7
59668.9
59973.7
60178.9
60483.7
60483.7
60483.7
60785.3
60887.9
60688.9
60785.3
61911.0
61805.3
62010.5
62215.8
62315.3
62620.0
62315.3
62722.6
62722.6
63126.9
63537.4
64249.5
63944.8
63944.8
64146.9
64557.4
64961.6
64961.6
64961.6
65369.0
65978.5
65773.3
65978.5
66078.0
66796.4
66488.5
66895.9
66995.4
67405.9
67608.0
67710.6
67912.7
68015.4
68320.1
68730.6
68730.6
69542.2
69038.4
69641.7
69337.0
70052.2
70254.3
70559.1
70767.4
70863.8
71171.7
71376.9
71376.9
71883.8
71781.2
72188.6
72496.4
72900.7
72900.7
73003.3
73205.4
74023.3
73818.1
74122.8
74122.8
74732.3
75040.2
75040.2
75344.9
75649.7
75553.3
76364.9
75957.5
76262.3
77073.9
76769.2
77282.3
77378.7
77786.0
77686.5
77891.8
78296.0
78398.6
78703.4
78809.1
79213.4
79415.5
79928.6
79518.1
80025.0
80233.4
80538.1
80637.6
81147.6
81349.7
81657.6
81757.1
81859.7
82472.4
82264.0
82876.6
83181.4
83389.7
83486.1
83588.7
83999.2
84307.1
84307.1
84506.1
84605.6
85118.7
85118.7
85423.5
85933.4
86132.5
86340.8
86645.6
86745.1
87049.8
86950.3
87152.4
87457.2
87662.4
87861.5
88069.8
88271.9
88679.3
89086.7
88987.2
89391.4
89391.4
90103.6
90209.3
90514.0
90103.6
90411.4
91126.6
91425.2
91226.2
91729.9
91835.7
92243.0
92647.3
92647.3
93259.9
93160.4
93362.5
93259.9
93872.5
94279.9
94382.5
94584.6
94786.8
95094.6
95399.4
95704.1
95704.1
95906.3
96419.4
96419.4
96823.6
97128.4
97231.0
97433.1
97840.5
98045.7
98350.5
98658.3
99162.1
98658.3
99370.5
99267.8
99774.7
99774.7
100182.1
100287.8
100794.7
100894.2
101099.5
101202.1
101503.7
101808.5
101712.1
102013.7
102623.2
102526.8
102831.6
103033.7
103235.8
103540.6
104047.4
103947.9
104765.8
104457.9
104660.1
104765.8
105173.2
105680.0
105984.8
105984.8
106395.3
106494.8
106693.8
106594.3
107104.3
107206.9
107511.7
107611.2
107915.9
107915.9
108833.3
108429.0
108736.9
109041.6
109240.6
109853.3
109651.1
109952.8
110055.4
110562.3
110668.0
110668.0
111075.4
111479.6
111585.4
111992.7
112092.2
112092.2
112397.0
113109.1
112605.3
113109.1
113214.8
113516.5
113721.7
113721.7
114334.3
114536.5
114536.5
114844.3
115348.1
115146.0
115450.7
115556.4
116063.3
115960.7
116473.8
116573.3
116980.7
117077.1
117285.4
117077.1
117590.2
117689.7
117898.1
117994.5
118607.1
118812.3
119014.4
118812.3
119014.4
119729.7
119829.2
119829.2
120336.1
120336.1
120849.2
120746.5
120948.7
121359.1
121359.1
121663.9
121763.4
121862.9
122578.1
122578.1
123088.1
122780.3
123290.3
123290.3
123392.9
123697.6
124005.5
124005.5
124310.3
125019.3
124714.5
124817.1
125324.0
125426.6
125631.9
125936.6
126039.2
126138.8
126344.0
126648.7
126748.3
127056.1
127360.9
127360.9
127360.9
127665.6
127970.4
127970.4
128073.0
128685.6
128685.6
128583.0
128887.7
128785.1
129295.1
129500.3
129603.0
129805.1
130212.5
130212.5
130520.3
130825.1
130719.3
130825.1
130719.3
131229.3
131437.7
131534.1
131841.9
131742.4
131941.5
132146.7
132345.7
132554.1
132958.3
133166.7
133166.7
133263.1
133673.6
133776.2
133875.7
133875.7
133875.7
134080.9
134283.1
134793.1
135306.2
134998.3
134998.3
135505.2
135710.4
135909.4
135909.4
136117.8
136319.9
136217.3
136627.8
136727.3
136932.5
136727.3
137035.1
137131.5
137538.9
137644.6
137846.8
138151.5
137952.5
137952.5
138151.5
138356.8
138456.3
138661.5
138966.3
138966.3
139681.5
139578.9
139777.9
140085.8
139986.2
139681.5
140188.4
140598.9
140598.9
140797.9
140797.9
141003.1
141307.9
141003.1
141410.5
141612.6
141513.1
141513.1
141817.9
142327.9
142424.3
142225.2
142732.1
142732.1
142632.6
142834.7
143239.0
143546.9
143447.3
143142.6
143341.6
143954.2
144053.7
144053.7
144156.4
144259.0
144358.5
144871.6
144663.2
144563.7
144871.6
144663.2
145275.8
144769.0
145073.7
145275.8
145381.6
145481.1
145885.4
145885.4
145988.0
145885.4
146193.2
146193.2
145988.0
146498.0
146498.0
146498.0
146600.6
146193.2
146802.7
147011.1
147309.6
147110.6
147011.1
147011.1
147309.6
147517.9
147517.9
147922.2
148024.8
147922.2
148024.8
147922.2
148332.7
148531.7
148740.1
148637.4
148839.6
148740.1
148942.2
148637.4
148839.6
149044.8
149144.3
149449.1
149551.7
149657.4
149144.3
149657.4
149551.7
149856.4
150164.3
149753.8
149962.2
150266.9
150266.9
150366.4
150164.3
150061.7
150574.8
150469.0
150773.8
150366.4
150671.2
150979.0
150671.2
150873.3
150873.3
150979.0
150873.3
151078.5
151178.1
151283.8
151485.9
151485.9
151386.4
151386.4
151896.4
151386.4
151691.2
151691.2
151790.7
151691.2
151691.2
152095.4
151995.9
152095.4
152201.2
152303.8
152502.8
152095.4
152708.0
152502.8
152502.8
152807.5
152807.5
152608.5
152502.8
152502.8
152502.8
152913.3
152608.5
152913.3
153012.8
152608.5
152807.5
153115.4
153115.4
152913.3
152913.3
152913.3
153221.1
153221.1
153115.4
152708.0
153221.1
153317.5
153317.5
153012.8
153012.8
153115.4
153115.4
153420.2
153625.4
153012.8
153115.4
153012.8
153012.8
153221.1
153420.2
153420.2
153317.5
153115.4
153317.5
152913.3
152913.3
153317.5
153115.4
153525.9
153420.2
153525.9
153420.2
153420.2
153115.4
153317.5
153525.9
153221.1
153420.2
153221.1
153625.4
153525.9
153317.5
153317.5
153317.5
153625.4
153525.9
153317.5
153317.5
153525.9
153525.9
153420.2
153420.2
153525.9
153317.5
153221.1
153317.5
153420.2
152913.3
153221.1
153525.9
153317.5
153525.9
153625.4
153012.8
153525.9
153317.5
153420.2
153420.2
152810.7
153317.5
152913.3
153221.1
153012.8
153221.1
153012.8
152807.5
152807.5
152807.5
152807.5
152608.5
152400.2
152502.8
152708.0
152400.2
152095.4
152303.8
152608.5
152400.2
152201.2
152400.2
152095.4
151995.9
152303.8
152095.4
151896.4
151790.7
151995.9
151896.4
151790.7
151995.9
151790.7
151485.9
151691.2
151485.9
151485.9
151485.9
151588.5
151283.8
151078.5
151386.4
151386.4
150873.3
151178.1
150979.0
150773.8
150773.8
150979.0
150773.8
150671.2
150574.8
150366.4
150266.9
149962.2
150061.7
150164.3
150061.7
149856.4
149962.2
149753.8
149657.4
149657.4
149856.4
149657.4
149753.8
149657.4
149144.3
149449.1
149246.9
149044.8
148839.6
149044.8
148839.6
148839.6
148740.1
148740.1
148332.7
148531.7
148531.7
148332.7
148332.7
148435.3
147720.1
147720.1
148024.8
147517.9
147720.1
147517.9
147614.3
147517.9
147517.9
147011.1
147210.1
147210.1
147011.1
146905.3
146706.3
146905.3
146706.3
146498.0
146498.0
146093.7
146292.7
146292.7
145885.4
145885.4
145788.9
145683.2
145481.1
145788.9
145580.6
144968.0
144968.0
144968.0
144769.0
144769.0
144769.0
144563.7
144769.0
144563.7
144156.4
144156.4
143954.2
143646.4
143954.2
143646.4
143341.6
143447.3
143142.6
142934.2
142834.7
143239.0
142530.0
142732.1
142424.3
142122.6
142020.0
141917.4
141715.2
141612.6
141513.1
141410.5
141003.1
141102.6
141003.1
140797.9
140797.9
140797.9
140493.1
140695.3
140085.8
140390.5
139681.5
139681.5
139777.9
139777.9
139578.9
139473.1
139068.9
139168.4
139068.9
138661.5
138562.0
138562.0
138562.0
138257.3
138356.8
138151.5
137846.8
138048.9
137846.8
137644.6
137035.1
137131.5
137035.1
136826.8
136727.3
136627.8
136117.8
136015.2
136015.2
135809.9
135402.6
135710.4
135604.7
134998.3
135306.2
134793.1
134998.3
134693.5
134180.4
134283.1
133875.7
133875.7
133978.3
133570.9
133471.4
133673.6
133368.8
133368.8
133064.1
132554.1
132756.2
132345.7
132554.1
132249.3
132041.0
131742.4
131534.1
132041.0
131437.7
131129.8
131129.8
130719.3
130825.1
130414.6
130520.3
130414.6
130312.0
130007.2
130007.2
129603.0
129394.6
129295.1
129500.3
128887.7
128785.1
128685.6
128483.5
128377.7
127970.4
127768.2
127874.0
127056.1
127155.6
126648.7
126648.7
126748.3
126549.2
126648.7
126344.0
126138.8
125426.6
125830.9
125324.0
125324.0
125121.9
124615.0
124615.0
124714.5
124005.5
124310.3
123797.2
123697.6
123290.3
123290.3
123290.3
123184.5
122879.8
122475.5
122780.3
122170.8
122475.5
122270.3
121663.9
121458.7
121558.2
121558.2
120948.7
120746.5
120849.2
120640.8
120541.3
120037.5
120133.9
119829.2
119524.4
119424.9
119216.6
119014.4
118911.8
118507.6
118607.1
118507.6
117994.5
117795.4
117689.7
117385.0
117385.0
117590.2
116878.1
116878.1
116573.3
116573.3
116368.1
116265.5
115960.7
115960.7
115450.7
115450.7
115556.4
114738.6
114738.6
114943.8
114334.3
114126.0
113821.2
114026.5
113619.1
113619.1
113109.1
112910.1
112701.7
112701.7
112804.4
112194.9
112092.2
111688.0
111585.4
111380.1
111280.6
111280.6
110668.0
110363.2
110668.0
110257.5
110257.5
110055.4
109651.1
109651.1
109240.6
109346.4
109041.6
108528.5
108429.0
108323.3
108833.3
108021.6
107716.9
107611.2
107104.3
107306.4
106998.6
106799.5
106494.8
106289.5
105984.8
105782.7
105577.4
105173.2
105477.9
105067.4
104660.1
104355.3
104355.3
104153.2
103848.4
103643.2
103540.6
103338.4
103338.4
102831.6
102626.3
102623.2
102116.3
102116.3
102116.3
101503.7
101712.1
101503.7
101099.5
100794.7
100894.2
100182.1
100182.1
100387.3
99983.1
99877.3
99774.7
99267.8
99162.1
99162.1
99065.7
98658.3
98453.1
98148.3
98247.9
97741.0
97433.1
97433.1
97535.7
97028.9
96823.6
96618.4
96515.8
96211.0
96211.0
95906.3
95906.3
95502.0
95601.5
95197.2
94889.4
94584.6
94786.8
94382.5
94382.5
94177.3
93872.5
93773.0
93362.5
93362.5
93259.9
93054.7
92647.3
92550.9
92037.8
92143.5
92143.5
91633.5
91530.9
91226.2
91126.6
90918.3
90716.2
90411.4
90514.0
90209.3
90000.9
89391.4
89596.7
89391.4
89086.7
89086.7
88579.8
88374.6
88271.9
88374.6
88169.3
87967.2
87861.5
87457.2
87258.2
87049.8
86847.7
86745.1
86235.1
86539.8
86340.8
86036.1
85423.5
85625.6
85523.0
85320.8
85016.1
85016.1
84910.4
84403.5
84403.5
84098.7
84098.7
83893.5
83694.5
83284.0
83081.9
83181.4
82472.4
82472.4
82164.5
81959.3
81757.1
82065.0
81657.6
81657.6
81247.1
80942.4
80839.8
80538.1
80435.5
80233.4
80233.4
79928.6
79928.6
79620.8
79518.1
79316.0
79113.9
78809.1
78703.4
78504.4
78296.0
78296.0
78093.9
77786.0
77891.8
77179.6
77282.3
77073.9
76974.4
76974.4
76567.0
75957.5
76461.3
76156.6
76156.6
75858.0
75858.0
75752.3
75245.4
75139.7
74834.9
74940.7
75139.7
74427.6
74427.6
74427.6
74023.3
73920.7
73920.7
73718.5
73205.4
73105.9
72900.7
73003.3
72592.8
72698.6
72592.8
72592.8
71989.6
71781.2
71476.5
71781.2
71681.7
71072.2
70863.8
70863.8
70767.4
70357.0
70459.6
69946.5
69946.5
70052.2
69850.1
69747.5
69038.4
69337.0
69442.7
69038.4
68932.7
68624.9
68525.3
68525.3
68217.5
68320.1
68121.1
68015.4
67813.2
67300.1
67300.1
66895.9
66690.6
66690.6
66690.6
66286.4
66385.9
66286.4
65978.5
65879.0
66078.0
65673.8
65474.7
65474.7
64961.6
64862.1
64862.1
64862.1
64557.4
64451.6
64146.9
64451.6
64146.9
63944.8
63640.0
63739.5
63232.6
63640.0
63431.7
63126.9
63232.6
62822.2
62822.2
62514.3
62722.6
62417.9
62417.9
62215.8
61911.0
61911.0
61911.0
61606.3
61702.7
61192.7
61397.9
60887.9
60993.7
60688.9
60586.3
60381.0
60381.0
59973.7
60281.5
60076.3
59871.1
60281.5
59771.5
59367.3
59566.3
59367.3
59158.9
59367.3
59059.4
59059.4
58854.2
58754.7
58652.0
58449.9
58241.6
58449.9
58042.5
58347.3
57734.7
57532.6
57837.3
58042.5
58042.5
57532.6
57025.7
57532.6
57227.8
57125.2
57125.2
56720.9
56720.9
56512.6
56413.1
56108.3
56207.8
56002.6
55498.8
55903.1
55803.6
55697.8
55498.8
55595.2
55088.3
55088.3
55191.0
54783.6
54783.6
54677.9
54478.8
54373.1
54581.5
54273.6
54373.1
53866.2
54373.1
53968.8
53769.8
53561.5
53664.1
53561.5
53561.5
53356.2
53462.0
53356.2
53561.5
53256.7
52948.9
52948.9
52746.7
52852.5
52644.1
52746.7
52442.0
52644.1
52544.6
52544.6
52239.8
52442.0
52339.4
52137.2
52031.5
52031.5
51935.1
52031.5
51527.7
51627.2
51832.5
51726.7
51627.2
51527.7
51422.0
51527.7
51117.2
51322.5
50809.4
50915.1
51017.7
50915.1
50610.4
50915.1
50709.9
50610.4
50610.4
50405.1
50405.1
50504.6
50302.5
50100.4
50302.5
50302.5
49898.2
49795.6
49898.2
49693.0
49693.0
49898.2
49693.0
49487.8
49693.0
49388.3
49487.8
49693.0
49487.8
49183.0
49288.7
49288.7
49183.0
49080.4
49388.3
48980.9
49388.3
48980.9
48676.1
49080.4
48878.3
48878.3
48573.5
48775.6
48878.3
48676.1
48878.3
48676.1
48573.5
48268.8
48268.8
48268.8
48573.5
48470.9
48371.4
48163.0
48371.4
48470.9
48470.9
48163.0
48163.0
48268.8
47858.3
47964.0
48066.6
47964.0
47758.8
48066.6
47553.5
47656.2
47758.8
47758.8
47964.0
47656.2
47964.0
47553.5
47758.8
47858.3
47858.3
47858.3
47858.3
47858.3
47454.0
47758.8
47758.8
47351.4
47656.2
47858.3
48066.6
48066.6
47553.5
47858.3
47553.5
47553.5
47656.2
47149.3
47454.0
47351.4
47553.5
47758.8
47656.2
47758.8
47351.4
47858.3
47858.3
47964.0
47858.3
47351.4
47656.2
47553.5
47758.8
47454.0
47964.0
47758.8
47656.2
47758.8
47858.3
47656.2
47656.2
47758.8
47553.5
47656.2
47656.2
47454.0
47454.0
47858.3
48163.0
47553.5
47553.5
47758.8
47553.5
47758.8
47758.8
47858.3
48163.0
48163.0
47858.3
48163.0
48268.8
48268.8
47964.0
48066.6
48268.8
48268.8
48066.6
47964.0
48573.5
48371.4
47858.3
48163.0
48371.4
48470.9
48371.4
48470.9
48470.9
48470.9
48573.5
48163.0
48676.1
48163.0
48676.1
48775.6
48371.4
48573.5
48470.9
48676.1
48980.9
48878.3
48878.3
48878.3
48775.6
48980.9
48878.3
48878.3
49183.0
49288.7
49183.0
49288.7
49388.3
49288.7
49693.0
49183.0
49388.3
49593.5
49795.6
49593.5
49487.8
49693.0
49898.2
49795.6
49898.2
49997.8
49795.6
50206.1
50206.1
49997.8
50206.1
50100.4
50302.5
50610.4
50709.9
50405.1
50610.4
50809.4
50915.1
50610.4
50709.9
51219.9
50915.1
51219.9
51117.2
51219.9
51422.0
51527.7
51322.5
51627.2
51219.9
51726.7
51726.7
51832.5
52031.5
51627.2
52031.5
52239.8
52442.0
52031.5
52339.4
52339.4
52239.8
52442.0
52852.5
52852.5
52852.5
52852.5
53051.5
53256.7
52948.9
53256.7
53157.2
53256.7
53462.0
53256.7
53561.5
53462.0
53664.1
53356.2
53866.2
54174.1
53769.8
53769.8
53968.8
54273.6
53968.8
54174.1
54174.1
54273.6
54581.5
54581.5
54985.7
54677.9
54783.6
55088.3
54783.6
55290.5
55088.3
54886.2
55290.5
55498.8
55903.1
55697.8
55697.8
55803.6
56002.6
56002.6
56310.4
56310.4
56413.1
56615.2
56512.6
56919.9
56615.2
57025.7
56615.2
57532.6
56919.9
57125.2
57837.3
57429.9
57429.9
57532.6
57734.7
57734.7
58241.6
58347.3
58042.5
58347.3
58449.9
58142.1
58652.0
58652.0
58652.0
59158.9
58959.9
58959.9
59158.9
59668.9
59463.7
59668.9
59771.5
59668.9
59566.3
59973.7
59973.7
60178.9
60178.9
60281.5
60785.3
61093.2
61093.2
61192.7
60993.7
61093.2
61500.5
61298.4
61911.0
61911.0
61702.7
62215.8
62417.9
62110.0
62110.0
62315.3
62514.3
62924.8
62722.6
62822.2
63027.4
62924.8
63431.7
63537.4
63537.4
63537.4
63537.4
63842.1
64044.3
64044.3
63842.1
64146.9
64656.9
64656.9
64557.4
65064.3
64656.9
64961.6
65166.9
64961.6
65571.1
65474.7
65673.8
65773.3
65673.8
66183.7
66078.0
66183.7
66385.9
66183.7
66591.1
66385.9
67203.7
66895.9
66796.4
67300.1
66995.4
67508.5
67300.1
67710.6
68121.1
67912.7
67912.7
68217.5
68217.5
68320.1
68830.1
68830.1
68830.1
68932.7
69038.4
69237.5
69337.0
69747.5
69641.7
69946.5
69946.5
70154.8
70154.8
70154.8
70459.6
70459.6
70767.4
71171.7
71271.2
71072.2
71171.7
71376.9
71579.1
71476.5
71781.2
72294.3
71989.6
72496.4
72188.6
72496.4
72698.6
72900.7
73105.9
73003.3
73510.2
73205.4
73311.2
73510.2
73510.2
74122.8
73718.5
74228.5
74328.0
74328.0
74834.9
74834.9
74732.3
74940.7
75139.7
75139.7
75553.3
75752.3
75858.0
75858.0
76057.0
76364.9
76156.6
76364.9
76669.7
76567.0
76874.9
77282.3
76974.4
77378.7
77484.4
77484.4
77991.3
77891.8
77991.3
78093.9
78296.0
78504.4
78809.1
78603.9
78908.6
79011.3
79113.9
79213.4
79213.4
79620.8
79826.0
79720.3
80025.0
79928.6
80332.9
80130.7
80435.5
80538.1
80839.8
81247.1
81147.6
80743.4
81147.6
81452.4
81757.1
81757.1
81859.7
81959.3
82164.5
82369.7
82264.0
82876.6
82777.1
82777.1
82568.8
83081.9
83081.9
83486.1
83181.4
83588.7
83893.5
83794.0
83999.2
84201.3
84098.7
85016.1
84711.3
84910.4
84910.4
85728.2
85215.1
85423.5
85728.2
85625.6
85933.4
85827.7
86340.8
86340.8
86645.6
86645.6
86745.1
86745.1
87049.8
87152.4
87049.8
87354.6
87765.1
87765.1
87861.5
88069.8
88169.3
88579.8
88374.6
88679.3
88884.6
88884.6
89291.9
89391.4
89497.2
89291.9
89696.2
89798.8
90209.3
90000.9
90408.3
90716.2
90209.3
90408.3
90821.9
91126.6
91126.6
90716.2
91325.7
91226.2
91729.9
91530.9
91633.5
91729.9
92037.8
92342.5
92448.3
92342.5
92647.3
92753.0
93054.7
92955.1
93259.9
93160.4
93160.4
93362.5
93468.2
93564.7
93667.3
93972.0
94279.9
94279.9
94382.5
94684.1
94786.8
94889.4
94988.9
95197.2
95094.6
95293.6
95293.6
95806.7
95502.0
95704.1
95806.7
96211.0
96316.7
96419.4
96618.4
96518.9
96926.2
96618.4
97128.4
97231.0
97336.7
97641.5
97535.7
97535.7
97840.5
97946.2
98148.3
98045.7
98247.9
98247.9
98757.8
98658.3
99065.7
98857.4
98552.6
99162.1
99267.8
98963.1
99877.3
99983.1
99470.0
99774.7
100079.5
99983.1
100589.5
100794.7
100894.2
100589.5
101099.5
101202.1
101202.1
101503.7
101503.7
101503.7
101914.2
102013.7
101914.2
102013.7
102116.3
102318.5
102318.5
102526.8
102931.1
102626.3
102931.1
103235.8
103338.4
103338.4
103540.6
103540.6
103643.2
103848.4
103947.9
104153.2
103947.9
104153.2
104153.2
104355.3
104355.3
104355.3
104765.8
104865.3
104964.8
104765.8
105067.4
105173.2
105173.2
105477.9
105577.4
105269.6
105882.2
105984.8
105882.2
106090.5
105984.8
106289.5
106494.8
106799.5
106395.3
106594.3
106799.5
106494.8
106902.2
106998.6
107206.9
107412.1
107716.9
107716.9
107716.9
107819.5
107716.9
108124.3
108021.6
107819.5
108223.8
108323.3
108528.5
108429.0
108833.3
109041.6
109041.6
109041.6
109141.1
109548.5
109041.6
109041.6
109445.9
109853.3
109346.4
109750.6
110158.0
110363.2
110158.0
109952.8
110257.5
110465.9
110465.9
110562.3
110562.3
110870.1
110972.7
110770.6
110870.1
110870.1
111075.4
111280.6
111075.4
111380.1
111479.6
111585.4
111585.4
111688.0
112194.9
112092.2
111992.7
111887.0
112397.0
112194.9
112297.5
112499.6
112804.4
112910.1
112605.3
113214.8
112499.6
112910.1
113516.5
113314.4
113417.0
113619.1
113314.4
113721.7
113721.7
113927.0
113516.5
113927.0
114126.0
113927.0
114026.5
114334.3
114026.5
114430.7
114231.7
114639.1
114536.5
114943.8
114738.6
114430.7
114738.6
114844.3
114844.3
114943.8
115146.0
114943.8
115146.0
115146.0
115146.0
115348.1
115450.7
115146.0
115251.7
115450.7
115656.0
115556.4
115755.5
115960.7
115755.5
115960.7
116169.1
116063.3
116265.5
116063.3
116169.1
116573.3
116573.3
116772.3
116265.5
116772.3
116368.1
116672.8
116672.8
116672.8
116573.3
117077.1
117182.8
117077.1
117077.1
117077.1
117182.8
117182.8
117487.6
117285.4
117385.0
117285.4
117385.0
117285.4
117285.4
117795.4
117898.1
117689.7
118100.2
117898.1
117795.4
117994.5
117795.4
118100.2
118100.2
117898.1
117898.1
117898.1
117898.1
118202.8
118302.3
118302.3
118507.6
118507.6
118404.9
118507.6
118507.6
118202.8
118911.8
118709.7
118607.1
118507.6
118709.7
118607.1
119014.4
119014.4
118911.8
118911.8
118709.7
118812.3
118812.3
119120.2
119014.4
119120.2
119120.2
119120.2
119120.2
119424.9
119120.2
119120.2
119216.6
119319.2
119424.9
119424.9
119120.2
119524.4
119424.9
119014.4
119424.9
119524.4
119524.4
119627.0
119424.9
119729.7
119524.4
119319.2
119424.9
119627.0
119627.0
119829.2
119627.0
119319.2
119524.4
119931.8
119729.7
119829.2
119524.4
119319.2
119524.4
119829.2
119424.9
119931.8
119627.0
119729.7
119627.0
119729.7
119729.7
119729.7
119524.4
119424.9
119424.9
119120.2
119627.0
119524.4
119931.8
119627.0
120037.5
119729.7
119729.7
119627.0
119729.7
119319.2
119829.2
119729.7
119729.7
119424.9
119627.0
119729.7
119524.4
119424.9
119524.4
119627.0
119627.0
119627.0
119829.2
119627.0
119729.7
119829.2
119524.4
119627.0
119524.4
119627.0
119524.4
119627.0
119524.4
119524.4
119829.2
119627.0
119627.0
119424.9
119627.0
119729.7
119627.0
119524.4
119729.7
119424.9
119729.7
119524.4
119524.4
119627.0
119729.7
119120.2
119627.0
119524.4
119216.6
119319.2
119216.6
119014.4
119216.6
119120.2
119120.2
119524.4
119014.4
119120.2
118607.1
118911.8
118709.7
118812.3
118709.7
118911.8
119014.4
119120.2
118709.7
118709.7
118607.1
118709.7
118812.3
118607.1
118709.7
118507.6
118607.1
118709.7
118202.8
118100.2
118709.7
118404.9
118302.3
117994.5
118404.9
118302.3
118507.6
118302.3
118100.2
117689.7
118302.3
117689.7
117385.0
117590.2
117590.2
117994.5
117689.7
117689.7
117590.2
117385.0
117590.2
117285.4
117487.6
117487.6
117182.8
117182.8
117182.8
116878.1
116980.7
116980.7
116772.3
117182.8
116672.8
116672.8
116772.3
116772.3
116573.3
116772.3
116473.8
116169.1
116473.8
116368.1
116265.5
116265.5
116063.3
116265.5
116063.3
116265.5
115861.2
115755.5
116169.1
115861.2
115755.5
115861.2
115251.7
115861.2
115556.4
115251.7
115450.7
115556.4
115043.3
115450.7
115251.7
115348.1
115146.0
115146.0
115251.7
114639.1
114943.8
114639.1
114639.1
114844.3
114536.5
114639.1
114334.3
114334.3
114430.7
114536.5
114231.7
114334.3
114026.5
113721.7
113927.0
113927.0
113516.5
113721.7
113314.4
113214.8
113314.4
113314.4
113417.0
113214.8
113009.6
113009.6
112804.4
112605.3
112605.3
112605.3
112297.5
112194.9
112397.0
111992.7
112297.5
111887.0
112194.9
112092.2
111585.4
111479.6
111787.5
111585.4
111585.4
111075.4
111688.0
111380.1
111174.9
111075.4
110770.6
110770.6
110668.0
110668.0
110870.1
110562.3
110668.0
110257.5
110055.4
109952.8
110257.5
110363.2
110055.4
109750.6
109651.1
109651.1
109240.6
109651.1
109445.9
109548.5
109346.4
108833.3
109141.1
108935.9
108833.3
108935.9
108833.3
108429.0
108631.1
108323.3
108124.3
108429.0
107915.9
108021.6
107819.5
107716.9
107819.5
107716.9
107611.2
107306.4
107306.4
107104.3
106998.6
106902.2
107104.3
106998.6
106693.8
106594.3
106594.3
106693.8
106186.9
106395.3
105984.8
106186.9
105984.8
105782.7
106186.9
105882.2
105680.0
105477.9
105269.6
105173.2
105269.6
105269.6
105173.2
105372.2
104765.8
104457.9
104457.9
104355.3
104560.5
104355.3
103848.4
103848.4
103742.7
104153.2
103848.4
103643.2
103437.9
102931.1
103437.9
102931.1
102931.1
103033.7
102725.8
102725.8
102526.8
102626.3
102318.5
102218.9
102218.9
102116.3
101609.4
101712.1
101712.1
101609.4
101404.2
100894.2
101202.1
101404.2
100794.7
100794.7
100894.2
100486.8
100589.5
100387.3
99983.1
99877.3
99575.7
99983.1
99675.2
99983.1
99575.7
99575.7
99370.5
99065.7
99065.7
98963.1
98658.3
99267.8
98453.1
98350.5
98453.1
98453.1
98247.9
98045.7
97741.0
97946.2
97741.0
97741.0
97641.5
97433.1
97433.1
96926.2
97336.7
96724.1
96926.2
96823.6
96316.7
96419.4
96515.8
96211.0
96211.0
96111.5
95704.1
96111.5
95197.2
96012.0
95293.6
95293.6
95293.6
95293.6
94786.8
94988.9
94584.6
94584.6
94482.0
94786.8
94077.8
94077.8
94077.8
93667.3
94077.8
93872.5
93468.2
93773.0
93160.4
93564.7
93362.5
92855.6
93054.7
92753.0
93054.7
92550.9
92647.3
92342.5
92243.0
91938.3
91835.7
91729.9
91633.5
91425.2
91126.6
91425.2
90716.2
91020.9
91020.9
90613.5
90613.5
90408.3
90514.0
90613.5
90308.8
89904.5
89596.7
89497.2
89391.4
89189.3
89291.9
88884.6
89086.7
89086.7
88579.8
88778.8
88884.6
88679.3
88374.6
88271.9
88069.8
88169.3
87662.4
87967.2
87562.9
87354.6
87562.9
87049.8
87049.8
87049.8
86539.8
86645.6
86440.3
86132.5
86539.8
86235.1
86036.1
86132.5
86036.1
85933.4
85827.7
85423.5
85423.5
85215.1
85016.1
85215.1
85016.1
84810.8
84810.8
84506.1
84506.1
84506.1
84403.5
84307.1
84098.7
83893.5
83893.5
83893.5
83486.1
83588.7
83181.4
82876.6
83081.9
82568.8
83081.9
82568.8
82568.8
82369.7
82164.5
82164.5
82369.7
82065.0
81959.3
81452.4
81555.0
81657.6
81349.7
81349.7
81349.7
81048.1
80942.4
80538.1
80538.1
80637.6
80332.9
80233.4
80233.4
80025.0
79518.1
79826.0
79826.0
79316.0
79415.5
79213.4
79415.5
79213.4
79113.9
78809.1
78398.6
78703.4
78398.6
78603.9
78296.0
77991.3
78199.6
77991.3
77484.4
77378.7
77587.0
77282.3
77378.7
76974.4
77073.9
77179.6
76669.7
76461.3
76567.0
76669.7
76567.0
76262.3
76364.9
75957.5
76057.0
75553.3
75649.7
75447.5
75139.7
75344.9
75040.2
75139.7
74834.9
74834.9
74635.9
74530.2
74328.0
74427.6
74122.8
74228.5
73920.7
74023.3
73920.7
73718.5
73510.2
73105.9
73105.9
73003.3
73003.3
73003.3
72801.2
72801.2
72393.8
72698.6
72698.6
72393.8
72294.3
72188.6
72188.6
72086.0
71781.2
71989.6
71883.8
71681.7
71579.1
71271.2
71476.5
71171.7
71271.2
71072.2
70863.8
70664.8
70559.1
70357.0
70664.8
70357.0
70357.0
70254.3
70254.3
69850.1
69850.1
70052.2
69747.5
69542.2
69442.7
69337.0
69134.8
69038.4
68830.1
69134.8
68830.1
68730.6
68624.9
68320.1
68217.5
68425.8
68121.1
67813.2
68121.1
67813.2
67508.5
67508.5
67813.2
67813.2
66995.4
67405.9
67101.1
67101.1
67101.1
66895.9
66895.9
66488.5
66690.6
66690.6
66385.9
66385.9
66078.0
65978.5
65773.3
65773.3
65369.0
65474.7
65369.0
65773.3
65064.3
65673.8
65266.4
64756.4
64862.1
65369.0
64756.4
64961.6
64862.1
64862.1
64349.0
64756.4
64249.5
64451.6
64249.5
64044.3
63944.8
63842.1
63944.8
63739.5
63842.1
63739.5
63640.0
63335.3
63537.4
63232.6
63126.9
62822.2
63126.9
62822.2
63027.4
62924.8
62722.6
62514.3
62514.3
62620.0
62315.3
62215.8
62110.0
62110.0
62215.8
61911.0
61702.7
61911.0
61805.3
61606.3
61500.5
61298.4
61192.7
61397.9
61093.2
61192.7
61298.4
61093.2
61500.5
60586.3
60887.9
60887.9
60993.7
60586.3
60483.7
60586.3
60688.9
60178.9
60381.0
60076.3
59973.7
60281.5
60076.3
59871.1
59771.5
59771.5
59668.9
59463.7
59771.5
59463.7
59566.3
59463.7
59261.6
59367.3
59059.4
59158.9
59158.9
58854.2
58652.0
58854.2
58754.7
58549.4
58754.7
58549.4
58347.3
58241.6
58549.4
58347.3
58042.5
58042.5
57837.3
57837.3
57936.8
57734.7
58042.5
57936.8
57632.1
57734.7
57734.7
57734.7
57324.2
57532.6
57734.7
57227.8
57227.8
57025.7
57227.8
57227.8
57429.9
57025.7
57227.8
56720.9
56919.9
56720.9
56615.2
56615.2
57025.7
56310.4
56720.9
56512.6
56310.4
56002.6
56310.4
56310.4
56512.6
56207.8
56207.8
56207.8
56310.4
56002.6
56108.3
56002.6
56002.6
56108.3
55191.0
55903.1
55290.5
55697.8
55697.8
55595.2
55498.8
55498.8
55498.8
55498.8
55396.2
55498.8
55595.2
55498.8
55396.2
55396.2
55290.5
55498.8
54985.7
55088.3
54886.2
54677.9
54677.9
54783.6
55088.3
54985.7
54886.2
54886.2
54886.2
54677.9
54581.5
54677.9
54677.9
54581.5
54677.9
54581.5
54373.1
54783.6
54373.1
54478.8
54581.5
54373.1
54677.9
53968.8
54174.1
54783.6
54068.4
54478.8
54174.1
54273.6
54068.4
53769.8
54068.4
54068.4
53866.2
54373.1
54068.4
53968.8
53664.1
53968.8
54174.1
54174.1
53769.8
53769.8
54174.1
53866.2
53968.8
53561.5
53769.8
53664.1
53664.1
53664.1
53356.2
53866.2
53462.0
53866.2
53769.8
53769.8
53462.0
53462.0
53462.0
53462.0
53561.5
53866.2
53561.5
53256.7
53664.1
53462.0
53462.0
53561.5
53561.5
53157.2
53769.8
53769.8
53356.2
53766.7
53356.2
53462.0
53664.1
53561.5
53462.0
53462.0
53769.8
53561.5
53769.8
53561.5
53769.8
53561.5
53462.0
53664.1
53356.2
53664.1
53256.7
53051.5
53462.0
53664.1
53561.5
53561.5
53462.0
53356.2
53462.0
53256.7
53462.0
53769.8
53664.1
53766.7
53356.2
53462.0
53256.7
53462.0
53561.5
53968.8
53561.5
53866.2
53664.1
53866.2
53968.8
53664.1
53769.8
53769.8
53769.8
53561.5
53561.5
53664.1
53769.8
54174.1
53769.8
54068.4
53968.8
53664.1
53866.2
53866.2
53356.2
54174.1
53866.2
53769.8
53968.8
53664.1
54273.6
53664.1
53968.8
53968.8
53968.8
54068.4
54068.4
54273.6
54273.6
54174.1
54174.1
53866.2
54273.6
53968.8
53968.8
54373.1
54273.6
54273.6
53968.8
54273.6
54677.9
54478.8
54273.6
54373.1
54373.1
54581.5
54677.9
54783.6
54478.8
54478.8
54478.8
54783.6
54677.9
54886.2
54478.8
54886.2
54783.6
54985.7
54886.2
54886.2
54985.7
55088.3
55191.0
55191.0
54886.2
55191.0
54783.6
55290.5
55191.0
55290.5
55396.2
55498.8
55498.8
55595.2
55595.2
55396.2
55498.8
55595.2
55498.8
55595.2
55595.2
56002.6
56002.6
56207.8
56108.3
56310.4
56310.4
56108.3
56108.3
56310.4
56512.6
56108.3
56310.4
56310.4
56310.4
56413.1
56720.9
56512.6
56615.2
56720.9
57227.8
56512.6
56512.6
56919.9
56919.9
56310.4
56615.2
57125.2
56817.3
56720.9
57227.8
57025.7
56919.9
57227.8
57227.8
57227.8
57125.2
57429.9
57429.9
57734.7
57837.3
57734.7
57632.1
57632.1
57734.7
58142.1
57837.3
57734.7
57936.8
58142.1
58241.6
58241.6
58142.1
58142.1
58241.6
58347.3
58347.3
58754.7
58854.2
58549.4
58754.7
58754.7
58854.2
58854.2
58854.2
58754.7
59261.6
58854.2
59158.9
59367.3
59367.3
59158.9
59367.3
59261.6
59261.6
59059.4
59771.5
59771.5
59668.9
59367.3
59871.1
60076.3
60076.3
59973.7
60281.5
59973.7
60178.9
60281.5
60281.5
60281.5
60483.7
60281.5
60483.7
60688.9
60586.3
60785.3
60688.9
60993.7
61192.7
61093.2
61192.7
61093.2
61192.7
61093.2
61397.9
61397.9
61606.3
61702.7
61805.3
61911.0
62010.5
62010.5
62010.5
62110.0
62010.5
62110.0
62315.3
62215.8
62514.3
62620.0
62417.9
62722.6
62924.8
63027.4
63126.9
62924.8
62822.2
62924.8
62822.2
63027.4
63537.4
63335.3
63431.7
63335.3
63739.5
63640.0
63944.8
63842.1
63842.1
63739.5
63944.8
63537.4
63944.8
64349.0
64146.9
64349.0
64656.9
64451.6
64451.6
64656.9
64557.4
64656.9
65064.3
65064.3
65266.4
65166.9
64862.1
64961.6
65166.9
65266.4
65571.1
65773.3
65673.8
65474.7
65571.1
65773.3
65879.0
65571.1
66286.4
66183.7
65978.5
66183.7
66488.5
66488.5
66488.5
66591.1
66796.4
66796.4
67101.1
66995.4
66895.9
67508.5
67300.1
67203.7
67300.1
67405.9
67608.0
67608.0
67405.9
67608.0
67813.2
67608.0
68015.4
68425.8
68217.5
68320.1
68217.5
68425.8
68830.1
68730.6
68425.8
68932.7
69134.8
69134.8
69237.5
68932.7
68932.7
68932.7
69641.7
69442.7
69542.2
69641.7
69337.0
70052.2
70052.2
69850.1
70154.8
70254.3
70559.1
70559.1
70459.6
70664.8
70664.8
70559.1
70767.4
70664.8
70767.4
71171.7
71171.7
71271.2
71171.7
71376.9
71376.9
71781.2
71579.1
71781.2
71989.6
71883.8
71781.2
72086.0
71781.2
72188.6
72086.0
71883.8
72393.8
72393.8
72698.6
72900.7
72698.6
72496.4
72801.2
73003.3
73003.3
73105.9
73205.4
73105.9
73311.2
73410.7
73410.7
73718.5
73205.4
73818.1
73818.1
74122.8
74023.3
73920.7
73818.1
74328.0
74635.9
74328.0
74427.6
74635.9
74635.9
74732.3
75040.2
74834.9
75139.7
74834.9
75040.2
75447.5
75142.8
75447.5
75245.4
75553.3
75752.3
75858.0
75858.0
75447.5
76156.6
75858.0
76364.9
76262.3
76567.0
76461.3
76567.0
76364.9
76769.2
77282.3
76567.0
77378.7
77179.6
77378.7
77282.3
77484.4
77786.0
77587.0
78093.9
77786.0
78093.9
77991.3
78296.0
78199.6
78093.9
78199.6
78603.9
78504.4
78296.0
78703.4
78809.1
78703.4
78703.4
78908.6
78908.6
78703.4
79316.0
79518.1
79518.1
79316.0
79518.1
79518.1
79518.1
79620.8
79720.3
80025.0
80025.0
79928.6
79928.6
80233.4
80130.7
80435.5
80538.1
80538.1
80538.1
80839.8
80637.6
81147.6
81147.6
81048.1
81048.1
81048.1
81349.7
81452.4
81555.0
81859.7
81757.1
81657.6
81859.7
81859.7
81959.3
82164.5
82065.0
82164.5
82369.7
82264.0
82472.4
82472.4
82164.5
82264.0
82568.8
82568.8
82568.8
82979.2
83081.9
82777.1
83181.4
83389.7
83389.7
83486.1
83181.4
83389.7
83588.7
83486.1
83588.7
83999.2
83694.5
83999.2
84098.7
83999.2
84506.1
84307.1
84506.1
84307.1
84506.1
84605.6
84711.3
84506.1
85016.1
84910.4
84711.3
85215.1
85118.7
85215.1
85118.7
85215.1
85523.0
85523.0
85320.8
85625.6
85625.6
86036.1
86132.5
86132.5
86036.1
86132.5
86132.5
86440.3
86440.3
86340.8
86745.1
86645.6
86745.1
86847.7
86847.7
86440.3
86847.7
87258.2
87049.8
87258.2
87258.2
87152.4
87152.4
87562.9
87457.2
87562.9
87562.9
87662.4
87861.5
87662.4
87967.2
87765.1
88169.3
88069.8
87765.1
88069.8
88271.9
88069.8
88271.9
88271.9
88579.8
88778.8
88579.8
88679.3
88579.8
88778.8
88579.8
88778.8
88679.3
89497.2
89189.3
89086.7
89291.9
89189.3
88987.2
89189.3
89497.2
89798.8
89596.7
89798.8
89497.2
89497.2
89904.5
89696.2
89696.2
90209.3
90000.9
90308.8
90103.6
90613.5
89798.8
90613.5
90821.9
90514.0
90613.5
90514.0
90716.2
90308.8
90821.9
90411.4
90514.0
91020.9
91226.2
91020.9
91020.9
91226.2
91020.9
91226.2
91126.6
91226.2
91325.7
91530.9
91226.2
91530.9
91835.7
91530.9
91633.5
91729.9
91633.5
92037.8
91835.7
92037.8
92037.8
92037.8
91938.3
92342.5
92448.3
92243.0
92342.5
92448.3
92550.9
92448.3
92550.9
92550.9
92647.3
92753.0
92955.1
92855.6
93362.5
92955.1
93259.9
93054.7
92955.1
92855.6
92855.6
93259.9
93160.4
93362.5
93259.9
93259.9
92855.6
93259.9
93773.0
93564.7
93468.2
93054.7
93564.7
93564.7
93362.5
93667.3
93773.0
93667.3
93773.0
93564.7
93872.5
93872.5
93773.0
93872.5
93872.5
93972.0
94077.8
94077.8
93972.0
94382.5
94177.3
94584.6
94382.5
94177.3
94279.9
94279.9
94382.5
94482.0
94382.5
94279.9
94482.0
94279.9
94382.5
94889.4
94684.1
94889.4
94584.6
94684.1
94889.4
94584.6
94786.8
94988.9
94786.8
95094.6
94988.9
95293.6
94988.9
95094.6
95094.6
94786.8
95197.2
95197.2
95197.2
95094.6
95293.6
95293.6
95197.2
95399.4
95399.4
95601.5
95197.2
95502.0
95502.0
95197.2
95293.6
95601.5
95704.1
95704.1
95502.0
95601.5
95806.7
95502.0
95502.0
95601.5
95502.0
95399.4
95704.1
96012.0
95806.7
95906.3
96012.0
95502.0
95502.0
95906.3
95906.3
95906.3
96111.5
95906.3
96012.0
95906.3
95906.3
96211.0
95906.3
95906.3
96012.0
96012.0
95906.3
96111.5
96211.0
96012.0
96211.0
96012.0
96012.0
96111.5
96111.5
96111.5
96211.0
96012.0
96211.0
96111.5
95906.3
96211.0
96111.5
96111.5
96316.7
96211.0
96419.4
96316.7
96211.0
96419.4
96111.5
96515.8
96111.5
96012.0
96316.7
96111.5
96111.5
95806.7
96211.0
96211.0
95906.3
96111.5
96111.5
96111.5
96211.0
96316.7
96515.8
96211.0
95906.3
96211.0
96316.7
96211.0
96012.0
96316.7
96419.4
96316.7
95906.3
96211.0
96211.0
96211.0
96111.5
96111.5
96111.5
96111.5
96316.7
96211.0
96316.7
96316.7
96316.7
96515.8
95906.3
96211.0
96419.4
96211.0
96111.5
95906.3
96111.5
96012.0
96111.5
96211.0
95906.3
96211.0
95806.7
96012.0
95806.7
96012.0
96211.0
95906.3
96012.0
96012.0
96211.0
96111.5
95906.3
96111.5
96012.0
95806.7
95601.5
96012.0
96111.5
95704.1
95906.3
95806.7
95806.7
95906.3
95704.1
95906.3
95601.5
95704.1
95806.7
95704.1
95293.6
95704.1
95502.0
95704.1
95399.4
95704.1
95502.0
95293.6
95094.6
95197.2
95293.6
95399.4
95197.2
95197.2
95094.6
95293.6
95197.2
95197.2
95094.6
95094.6
94988.9
94988.9
95197.2
94988.9
94988.9
94988.9
95197.2
94988.9
94684.1
94988.9
94988.9
94786.8
94988.9
95094.6
94988.9
95094.6
94786.8
94684.1
94482.0
94584.6
94786.8
94482.0
94482.0
94482.0
94177.3
94077.8
94382.5
94177.3
94482.0
94077.8
93773.0
93872.5
94177.3
93972.0
94077.8
94177.3
93972.0
93872.5
94077.8
93972.0
93667.3
94177.3
93773.0
93972.0
93773.0
93773.0
94077.8
93972.0
93667.3
93667.3
93564.7
93362.5
93468.2
93667.3
93362.5
93259.9
93160.4
93564.7
93160.4
93362.5
93160.4
93054.7
93054.7
93259.9
92955.1
93054.7
92855.6
92855.6
92753.0
92955.1
92647.3
92855.6
92647.3
92647.3
92855.6
92647.3
92647.3
92448.3
92647.3
92448.3
92342.5
92448.3
92037.8
92143.5
92143.5
91835.7
92143.5
91938.3
91633.5
92342.5
91530.9
91835.7
91729.9
91530.9
91530.9
91226.2
91325.7
91325.7
91226.2
91425.2
91226.2
90918.3
91425.2
90918.3
91226.2
91226.2
90918.3
91126.6
90821.9
90514.0
90918.3
90918.3
90411.4
90308.8
90716.2
90514.0
90308.8
90613.5
90209.3
90408.3
90308.8
90209.3
90408.3
90209.3
90103.6
90103.6
89904.5
89497.2
89596.7
89391.4
89798.8
89798.8
90000.9
89391.4
89696.2
89391.4
89189.3
88987.2
89596.7
88884.6
89086.7
89189.3
88778.8
88884.6
88474.1
88579.8
88778.8
88579.8
88579.8
88778.8
88474.1
88579.8
88374.6
88374.6
88169.3
88271.9
88271.9
87765.1
87562.9
87765.1
88069.8
87861.5
87861.5
87765.1
87457.2
87457.2
87662.4
87258.2
87049.8
87258.2
87049.8
87354.6
87152.4
87457.2
86645.6
86950.3
86950.3
86847.7
87049.8
86539.8
86645.6
86645.6
86440.3
86235.1
86440.3
86340.8
86132.5
85933.4
85827.7
85933.4
86036.1
85827.7
85320.8
85625.6
85728.2
85523.0
85320.8
85320.8
85320.8
85215.1
85215.1
85523.0
84605.6
85016.1
84711.3
84605.6
84910.4
84605.6
84506.1
84403.5
84201.3
84098.7
83999.2
84201.3
84403.5
83999.2
84098.7
83893.5
83999.2
84201.3
83588.7
83486.1
83893.5
83588.7
83588.7
83081.9
83181.4
83486.1
83181.4
83181.4
83081.9
83081.9
83181.4
82568.8
82876.6
82472.4
82264.0
82777.1
82472.4
82472.4
82164.5
82164.5
82264.0
82264.0
82065.0
81959.3
82065.0
81657.6
81757.1
81349.7
81657.6
81555.0
81555.0
81048.1
81247.1
81452.4
81247.1
81147.6
80942.4
80839.8
80637.6
80538.1
80743.4
80637.6
80942.4
80435.5
80637.6
79928.6
80130.7
79826.0
80025.0
80025.0
80130.7
79620.8
79620.8
79928.6
79620.8
79518.1
79620.8
79518.1
79213.4
79316.0
79213.4
79415.5
79113.9
79213.4
79316.0
78703.4
78908.6
78603.9
78908.6
78809.1
78504.4
78603.9
78603.9
78093.9
78296.0
77891.8
78093.9
77786.0
77587.0
77786.0
77786.0
77786.0
77786.0
77378.7
76974.4
77378.7
77073.9
76974.4
77282.3
77282.3
76874.9
76874.9
76567.0
76461.3
76567.0
76262.3
76461.3
76057.0
76364.9
75957.5
76364.9
76057.0
75858.0
75553.3
75752.3
75752.3
75553.3
75752.3
75245.4
75344.9
75139.7
75040.2
75344.9
74940.7
75344.9
74427.6
74635.9
74732.3
74635.9
74732.3
74427.6
74328.0
74732.3
74427.6
74427.6
74328.0
74427.6
73718.5
73920.7
74023.3
73718.5
74122.8
73510.2
73818.1
73510.2
73410.7
73920.7
73410.7
73311.2
73410.7
73205.4
73105.9
73003.3
73105.9
72900.7
72801.2
72698.6
72900.7
72393.8
72496.4
72294.3
71989.6
72188.6
72086.0
71989.6
71989.6
71781.2
71989.6
71681.7
71883.8
71476.5
71271.2
71271.2
71072.2
71376.9
71579.1
71376.9
70863.8
70664.8
70664.8
70966.5
70459.6
70459.6
70664.8
70559.1
70664.8
70459.6
70154.8
70459.6
69747.5
69747.5
69946.5
69850.1
69946.5
69747.5
69542.2
69337.0
69946.5
69747.5
69442.7
69641.7
69134.8
69134.8
69237.5
68830.1
69038.4
69038.4
68830.1
68730.6
68830.1
68425.8
68830.1
68624.9
68525.3
68217.5
68525.3
67912.7
68015.4
68015.4
68217.5
67813.2
67508.5
67405.9
67710.6
67813.2
67508.5
67508.5
67300.1
67405.9
67300.1
67300.1
67300.1
66895.9
66796.4
66995.4
66895.9
66796.4
66591.1
66591.1
66385.9
66591.1
66591.1
66385.9
66488.5
66488.5
66183.7
66183.7
65773.3
66385.9
66078.0
66078.0
65773.3
65673.8
65474.7
66078.0
65369.0
65673.8
65474.7
65474.7
65369.0
65369.0
65369.0
65064.3
65369.0
65064.3
64862.1
65064.3
64862.1
64862.1
65064.3
64249.5
64656.9
64756.4
64557.4
64146.9
64557.4
64146.9
64249.5
64146.9
64146.9
63944.8
63739.5
63537.4
63537.4
63537.4
63739.5
63640.0
63027.4
63232.6
63431.7
63431.7
63232.6
63027.4
62924.8
63232.6
63335.3
63232.6
62620.0
62722.6
62722.6
62514.3
62620.0
62417.9
62514.3
62215.8
62514.3
62315.3
62110.0
62215.8
62215.8
62215.8
62215.8
62110.0
61805.3
61702.7
61702.7
61702.7
61606.3
61500.5
61500.5
61298.4
61397.9
61500.5
61192.7
61500.5
61397.9
61093.2
60887.9
60785.3
60688.9
60887.9
61093.2
60483.7
60688.9
60785.3
60887.9
60178.9
60887.9
60688.9
60586.3
60483.7
60381.0
60178.9
60281.5
60381.0
60076.3
59973.7
59871.1
60281.5
59973.7
59771.5
59771.5
59973.7
59871.1
59367.3
59668.9
59367.3
59668.9
59771.5
59566.3
59566.3
59367.3
59261.6
59261.6
59158.9
59367.3
58854.2
59261.6
58959.9
58959.9
59059.4
58754.7
59158.9
58854.2
59059.4
58959.9
58549.4
58754.7
58652.0
58652.0
58754.7
58449.9
58652.0
58042.5
58449.9
58449.9
58347.3
58754.7
57936.8
58241.6
57936.8
57734.7
57936.8
57936.8
57632.1
58142.1
58142.1
57837.3
57632.1
57837.3
57025.7
57632.1
57532.6
57734.7
57429.9
57429.9
57429.9
57429.9
57632.1
57227.8
57125.2
57324.2
56919.9
57025.7
57125.2
57324.2
56919.9
57324.2
57227.8
57227.8
56919.9
56817.3
56919.9
57025.7
56919.9
56615.2
56615.2
56720.9
56512.6
56720.9
56615.2
56512.6
56310.4
56002.6
56207.8
56512.6
56310.4
56413.1
56108.3
56310.4
56002.6
56310.4
56512.6
55903.1
56207.8
56002.6
56108.3
56207.8
56108.3
56002.6
56002.6
56108.3
56002.6
56108.3
55595.2
55595.2
56207.8
56002.6
55396.2
55697.8
55903.1
56108.3
55595.2
55903.1
55498.8
55803.6
55595.2
55396.2
55290.5
55396.2
55290.5
55595.2
55803.6
55595.2
55088.3
55498.8
55290.5
54886.2
55088.3
55191.0
55498.8
55396.2
54985.7
55290.5
55088.3
55088.3
55290.5
55191.0
55396.2
55191.0
55290.5
55088.3
54886.2
55088.3
55088.3
55191.0
54886.2
55088.3
54985.7
55088.3
54985.7
54886.2
54783.6
54581.5
54783.6
55088.3
54783.6
54886.2
55088.3
54886.2
54886.2
54677.9
54581.5
54273.6
54677.9
54273.6
54677.9
54677.9
54373.1
54581.5
54985.7
54581.5
54783.6
54677.9
54373.1
54581.5
54677.9
54273.6
54886.2
54373.1
54478.8
54677.9
54478.8
54581.5
54677.9
54174.1
54273.6
54373.1
54886.2
54581.5
54273.6
54478.8
54581.5
54677.9
54581.5
54783.6
54478.8
54581.5
54581.5
54373.1
54273.6
54581.5
54174.1
54273.6
54373.1
54677.9
54677.9
54273.6
54677.9
54478.8
54174.1
54478.8
54273.6
54373.1
54478.8
54581.5
54581.5
54373.1
54478.8
54174.1
54677.9
54478.8
54677.9
54677.9
54478.8
54174.1
54478.8
54581.5
54373.1
54783.6
54581.5
54581.5
54478.8
54478.8
54677.9
54478.8
54174.1
54478.8
54886.2
54478.8
54677.9
54273.6
54581.5
54581.5
54783.6
54677.9
54677.9
54373.1
54783.6
54478.8
54677.9
54886.2
54783.6
54677.9
54783.6
54478.8
54373.1
54581.5
54783.6
54581.5
54783.6
54985.7
54373.1
54886.2
54677.9
54581.5
54581.5
54783.6
54273.6
54677.9
54373.1
54783.6
54886.2
54478.8
54783.6
54581.5
54886.2
55191.0
54985.7
54478.8
54985.7
54783.6
54985.7
54886.2
54677.9
54677.9
54677.9
54985.7
55191.0
54886.2
54783.6
54886.2
54886.2
55088.3
55191.0
54783.6
54985.7
55191.0
55088.3
55498.8
55290.5
55191.0
55498.8
55191.0
55191.0
55396.2
54886.2
55697.8
55903.1
55498.8
55595.2
55088.3
55697.8
55595.2
55595.2
55595.2
55803.6
55697.8
56108.3
55697.8
55498.8
55803.6
55697.8
55803.6
55803.6
56207.8
56002.6
55803.6
56108.3
55803.6
56002.6
55697.8
56207.8
56002.6
56002.6
56002.6
56002.6
56108.3
56207.8
56310.4
56207.8
56310.4
56002.6
56512.6
56310.4
56207.8
56919.9
56310.4
56310.4
56108.3
56720.9
56413.1
56512.6
56413.1
56512.6
56207.8
56615.2
56413.1
56720.9
56512.6
56720.9
56919.9
56817.3
56919.9
56615.2
57025.7
56919.9
56817.3
56720.9
57025.7
56817.3
56817.3
57227.8
56919.9
57125.2
57429.9
57324.2
57125.2
57324.2
57632.1
57429.9
57632.1
57324.2
57532.6
57532.6
57324.2
57632.1
57632.1
57532.6
57632.1
57532.6
57632.1
57632.1
57734.7
57936.8
58142.1
57734.7
57734.7
57837.3
58241.6
58142.1
58241.6
57936.8
58042.5
58241.6
58347.3
58241.6
58347.3
58241.6
58549.4
58549.4
58347.3
58449.9
58449.9
58549.4
58754.7
58754.7
58652.0
58652.0
58854.2
58754.7
59158.9
58854.2
58959.9
58754.7
59059.4
58854.2
58959.9
58959.9
59463.7
59463.7
59566.3
59463.7
59367.3
59261.6
59367.3
59566.3
59566.3
59771.5
59771.5
59668.9
59871.1
59668.9
59668.9
60076.3
60076.3
59973.7
60076.3
59973.7
60178.9
60076.3
60178.9
60281.5
60178.9
60076.3
60586.3
60281.5
60281.5
60381.0
60483.7
60281.5
60688.9
60586.3
60586.3
60688.9
60688.9
60785.3
61093.2
60993.7
60993.7
60887.9
60993.7
60785.3
61298.4
61298.4
61298.4
61298.4
61397.9
61298.4
61192.7
61397.9
61606.3
61298.4
61397.9
61606.3
61606.3
61702.7
61397.9
61911.0
61911.0
61805.3
61606.3
62215.8
61911.0
62215.8
62315.3
62110.0
61911.0
62110.0
62514.3
62417.9
62417.9
62110.0
62514.3
62514.3
62514.3
62417.9
62620.0
62514.3
62514.3
62722.6
63232.6
62620.0
63027.4
62924.8
63027.4
63335.3
63335.3
63335.3
63232.6
63126.9
63537.4
63537.4
63537.4
63431.7
63739.5
63842.1
63739.5
64044.3
63739.5
63842.1
63739.5
63640.0
63842.1
64249.5
64451.6
64249.5
64249.5
64557.4
64557.4
64557.4
64249.5
64557.4
64349.0
64557.4
64451.6
64557.4
64656.9
64756.4
65166.9
64961.6
64961.6
65064.3
65166.9
64961.6
65064.3
65166.9
65369.0
65474.7
65166.9
65369.0
65166.9
65369.0
65673.8
65571.1
65474.7
65773.3
65474.7
65673.8
65673.8
65773.3
65978.5
65879.0
66183.7
66183.7
65879.0
66183.7
66488.5
66183.7
65978.5
66591.1
66488.5
66183.7
66286.4
66183.7
66690.6
66690.6
66796.4
66591.1
66895.9
66895.9
66995.4
66995.4
66690.6
66796.4
66995.4
67101.1
66995.4
67203.7
67405.9
67300.1
67405.9
67300.1
67405.9
67405.9
67813.2
67608.0
67508.5
67608.0
67813.2
67912.7
67710.6
68121.1
68015.4
68217.5
67912.7
68015.4
68121.1
68425.8
68217.5
68320.1
68624.9
68425.8
68830.1
68730.6
68525.3
68525.3
68525.3
68624.9
68932.7
68932.7
68730.6
69134.8
69038.4
69237.5
69337.0
69237.5
69337.0
69134.8
69641.7
69641.7
69442.7
69442.7
69337.0
69237.5
69542.2
69946.5
69542.2
69641.7
69850.1
69850.1
69442.7
70052.2
69946.5
69946.5
69946.5
70052.2
70052.2
70154.8
70254.3
70254.3
70459.6
70254.3
70559.1
70664.8
70863.8
70767.4
70664.8
70559.1
70559.1
71171.7
70863.8
70863.8
71072.2
71171.7
71072.2
70767.4
71271.2
71072.2
70966.5
71171.7
71376.9
71476.5
71171.7
71072.2
71476.5
71579.1
71476.5
71579.1
71476.5
71883.8
71476.5
71579.1
71476.5
71883.8
71883.8
71781.2
71883.8
72294.3
72188.6
72188.6
72294.3
72393.8
72086.0
72294.3
72294.3
72294.3
72496.4
72801.2
72496.4
72294.3
72393.8
72801.2
73003.3
72592.8
72698.6
72698.6
72801.2
73003.3
72801.2
73003.3
73205.4
72900.7
73205.4
73410.7
73105.9
73003.3
73105.9
73410.7
73718.5
73615.9
73410.7
73510.2
73718.5
73205.4
73510.2
73818.1
73718.5
73818.1
73615.9
73718.5
73818.1
74122.8
73920.7
74122.8
74023.3
74427.6
74228.5
74023.3
74635.9
74328.0
74530.2
74122.8
74328.0
74635.9
74635.9
74732.3
75040.2
74732.3
74635.9
74732.3
74427.6
74427.6
74635.9
74834.9
75040.2
75139.7
74530.2
74940.7
74732.3
74635.9
75040.2
75040.2
74834.9
75245.4
74940.7
75040.2
75344.9
75447.5
75344.9
75344.9
75447.5
75649.7
75245.4
75344.9
75245.4
75553.3
75957.5
75447.5
75553.3
76057.0
75858.0
76057.0
75649.7
76262.3
75858.0
75649.7
75957.5
75957.5
76057.0
76156.6
76262.3
75957.5
76156.6
76364.9
76057.0
76156.6
76262.3
76262.3
76262.3
76364.9
76769.2
76461.3
76461.3
76461.3
76364.9
76262.3
76567.0
76461.3
76669.7
76461.3
76769.2
76769.2
76669.7
77073.9
76669.7
76874.9
76769.2
77073.9
76769.2
76874.9
76769.2
76874.9
76974.4
77073.9
77282.3
77282.3
77484.4
77484.4
77484.4
77282.3
77484.4
77484.4
77484.4
77378.7
77786.0
77484.4
77378.7
77378.7
77686.5
77282.3
77484.4
77378.7
77786.0
77786.0
77786.0
77891.8
78199.6
77891.8
77786.0
77786.0
77991.3
77891.8
77991.3
77891.8
78199.6
78398.6
77786.0
77991.3
77991.3
77686.5
77891.8
78199.6
77991.3
78093.9
78093.9
78296.0
78093.9
78093.9
78296.0
78093.9
78296.0
78199.6
78603.9
78703.4
78398.6
78093.9
78504.4
77991.3
78398.6
77991.3
78603.9
78603.9
78398.6
78603.9
78603.9
78603.9
78603.9
78504.4
78504.4
78296.0
78398.6
78398.6
78703.4
79113.9
79113.9
78504.4
78908.6
78809.1
78703.4
78603.9
78603.9
78809.1
78504.4
78603.9
78504.4
78603.9
78908.6
78809.1
78809.1
78603.9
79011.3
78703.4
78603.9
78908.6
78603.9
79011.3
79113.9
79213.4
78908.6
79316.0
78809.1
79011.3
78809.1
78908.6
79213.4
79113.9
79113.9
78908.6
78703.4
79011.3
79213.4
79316.0
79316.0
79113.9
79213.4
79011.3
79113.9
79316.0
79213.4
79113.9
79213.4
79316.0
79213.4
79113.9
79011.3
79213.4
79213.4
79518.1
79213.4
79415.5
79518.1
79011.3
79113.9
79213.4
79518.1
79213.4
79316.0
79518.1
79113.9
79113.9
79518.1
79113.9
79113.9
79316.0
79620.8
79316.0
79518.1
79113.9
79518.1
79316.0
79213.4
79011.3
79518.1
79011.3
79113.9
79620.8
79415.5
79518.1
79316.0
79113.9
79316.0
79213.4
79415.5
79113.9
79316.0
79213.4
79415.5
79113.9
79213.4
79415.5
79113.9
79213.4
79316.0
79415.5
79518.1
79316.0
79316.0
79316.0
79113.9
79213.4
79213.4
79518.1
79213.4
79213.4
79011.3
79011.3
79213.4
79213.4
79011.3
79316.0
79316.0
79213.4
79316.0
79213.4
79213.4
79316.0
79213.4
78809.1
79113.9
79213.4
78908.6
79213.4
79213.4
79011.3
79415.5
79113.9
79011.3
79213.4
79113.9
78809.1
79213.4
79113.9
78809.1
79113.9
79113.9
79213.4
78809.1
78908.6
78908.6
78908.6
79011.3
78809.1
78908.6
78703.4
79011.3
78703.4
78703.4
78809.1
78809.1
78504.4
78296.0
78703.4
79011.3
78504.4
78809.1
78703.4
78603.9
78809.1
78296.0
78603.9
78703.4
78703.4
78603.9
78603.9
78199.6
78504.4
78703.4
78603.9
78809.1
78199.6
78199.6
78398.6
77891.8
78703.4
78703.4
78296.0
78398.6
78296.0
78398.6
78296.0
78296.0
78199.6
78296.0
78296.0
78296.0
78093.9
77786.0
77891.8
78199.6
77891.8
77786.0
77991.3
77786.0
77991.3
77891.8
77786.0
78296.0
77686.5
77891.8
77484.4
77891.8
77786.0
77484.4
77891.8
77686.5
77686.5
77587.0
78093.9
77484.4
77991.3
77587.0
77587.0
77378.7
77587.0
77378.7
77378.7
77484.4
77587.0
77484.4
77484.4
77282.3
77378.7
77378.7
76974.4
77179.6
77179.6
76974.4
76974.4
77378.7
76769.2
77073.9
76974.4
77073.9
76974.4
76769.2
77073.9
76874.9
76974.4
76769.2
76874.9
76769.2
76974.4
76974.4
76567.0
76769.2
76874.9
76669.7
76567.0
76769.2
76567.0
76262.3
76669.7
76567.0
76567.0
76262.3
76156.6
75858.0
76262.3
76156.6
76057.0
75858.0
76461.3
76364.9
75858.0
76364.9
76262.3
76262.3
75957.5
75957.5
75957.5
75858.0
75752.3
75553.3
75858.0
75858.0
75553.3
75649.7
75752.3
75553.3
75344.9
75553.3
75139.7
75245.4
75344.9
75344.9
75447.5
75447.5
75344.9
75040.2
75139.7
75344.9
75245.4
74940.7
74940.7
74940.7
74940.7
75139.7
75245.4
74530.2
74940.7
74732.3
74732.3
74940.7
74732.3
74732.3
74635.9
74328.0
74635.9
74427.6
74732.3
74635.9
74328.0
74228.5
73920.7
74635.9
74122.8
74228.5
73920.7
74228.5
74228.5
74023.3
74023.3
74122.8
74023.3
73718.5
73920.7
73718.5
73718.5
73410.7
73615.9
73818.1
73410.7
73818.1
73410.7
73718.5
73510.2
73205.4
73410.7
73410.7
73105.9
73311.2
73205.4
73410.7
73105.9
73205.4
73205.4
73003.3
72801.2
73205.4
73003.3
72801.2
72900.7
72698.6
72496.4
72801.2
72900.7
72496.4
72496.4
72496.4
72393.8
72698.6
72592.8
72086.0
72393.8
72086.0
72086.0
72086.0
72086.0
72086.0
72086.0
71883.8
71781.2
72086.0
71579.1
71681.7
71681.7
71883.8
71476.5
71681.7
71271.2
71476.5
71579.1
71681.7
71376.9
71271.2
71072.2
71171.7
70966.5
71376.9
71271.2
71271.2
71171.7
70664.8
70966.5
71072.2
70664.8
70966.5
70863.8
70863.8
70863.8
70459.6
70664.8
70254.3
70459.6
70559.1
69946.5
70664.8
70459.6
70254.3
70357.0
70154.8
70052.2
69850.1
69747.5
70254.3
69747.5
69946.5
69442.7
69641.7
69542.2
69747.5
69641.7
69542.2
69747.5
69442.7
69542.2
69237.5
69641.7
69237.5
69134.8
69442.7
69337.0
69038.4
69237.5
69134.8
69337.0
69237.5
69038.4
68830.1
69038.4
69038.4
68624.9
69038.4
68525.3
68320.1
68320.1
68320.1
68624.9
68425.8
68525.3
68121.1
68320.1
68217.5
68320.1
68320.1
68217.5
68015.4
67912.7
68015.4
68121.1
67912.7
67912.7
67710.6
67912.7
67710.6
67508.5
67710.6
67508.5
67300.1
67300.1
67203.7
67405.9
67300.1
67300.1
67101.1
67101.1
66895.9
66895.9
67203.7
66895.9
66591.1
66995.4
67101.1
66796.4
66690.6
66385.9
66385.9
66690.6
66286.4
66078.0
66286.4
66078.0
65981.6
66183.7
66183.7
65981.6
65879.0
65673.8
66078.0
66078.0
66078.0
65978.5
65474.7
65673.8
65773.3
65673.8
65474.7
65266.4
65571.1
65064.3
65369.0
65266.4
64961.6
65474.7
65166.9
65064.3
64862.1
65166.9
65064.3
64961.6
65369.0
64656.9
64862.1
64557.4
64961.6
64451.6
64349.0
64756.4
64249.5
64557.4
64961.6
64349.0
64146.9
64249.5
64249.5
64146.9
64146.9
64451.6
64349.0
64044.3
64249.5
63640.0
63739.5
63739.5
63640.0
63739.5
63842.1
63842.1
63335.3
63537.4
63431.7
63431.7
63335.3
63232.6
63027.4
63431.7
63431.7
62924.8
63232.6
63232.6
62722.6
62822.2
63027.4
62822.2
62620.0
62822.2
62822.2
62417.9
62722.6
62620.0
62620.0
62620.0
62417.9
62620.0
62417.9
62110.0
62514.3
62215.8
62514.3
62010.5
62010.5
61606.3
61911.0
61805.3
61805.3
61702.7
62315.3
61606.3
61500.5
61606.3
61500.5
61606.3
61606.3
61397.9
61500.5
61606.3
60993.7
61805.3
61192.7
61298.4
61192.7
60993.7
61192.7
61093.2
61093.2
61093.2
60993.7
60483.7
60887.9
60688.9
60688.9
60785.3
60281.5
60688.9
60586.3
60281.5
60586.3
60281.5
60483.7
60178.9
60178.9
60281.5
60076.3
60483.7
59973.7
59874.2
60178.9
59973.7
59668.9
60076.3
59771.5
59871.1
59871.1
60076.3
59871.1
59871.1
59668.9
59367.3
59771.5
59668.9
59668.9
59463.7
59158.9
59158.9
59158.9
59261.6
59668.9
59463.7
59059.4
58854.2
59059.4
58959.9
58959.9
59059.4
58959.9
58754.7
58854.2
58754.7
58754.7
58549.4
58652.0
58754.7
58854.2
58549.4
58549.4
58549.4
58549.4
58142.1
58241.6
58347.3
58142.1
58347.3
58042.5
58042.5
58347.3
58449.9
57632.1
57632.1
57734.7
58042.5
57837.3
57632.1
57936.8
57837.3
57632.1
57936.8
57632.1
57429.9
57837.3
57532.6
57324.2
57632.1
57429.9
57324.2
57429.9
57532.6
57324.2
57324.2
57227.8
57025.7
57324.2
57125.2
56919.9
57227.8
57227.8
57429.9
56720.9
57025.7
56817.3
57025.7
57025.7
56817.3
56413.1
56413.1
56413.1
56310.4
56512.6
56720.9
56310.4
56413.1
56207.8
56512.6
56310.4
56207.8
56108.3
56002.6
56207.8
56310.4
56108.3
56310.4
55803.6
55697.8
55803.6
55803.6
56108.3
56207.8
56002.6
56207.8
55803.6
55903.1
55697.8
56108.3
55697.8
55396.2
55498.8
55595.2
55088.3
55595.2
55803.6
55803.6
55290.5
55498.8
55191.0
55595.2
55290.5
55396.2
55290.5
55498.8
55498.8
55191.0
55088.3
55290.5
55088.3
54886.2
55290.5
55088.3
55191.0
54886.2
54985.7
55088.3
54581.5
55088.3
55191.0
54783.6
54677.9
54677.9
54886.2
54783.6
54581.5
54581.5
54373.1
54478.8
54273.6
54373.1
54581.5
54581.5
54677.9
54581.5
54581.5
54581.5
54174.1
54677.9
54478.8
54068.4
54068.4
53968.8
54068.4
54273.6
54174.1
53866.2
54373.1
53866.2
53968.8
54174.1
53866.2
53968.8
53769.8
53968.8
53769.8
54373.1
54068.4
53866.2
53664.1
53769.8
53462.0
53664.1
53968.8
53561.5
53664.1
53968.8
53664.1
53664.1
53769.8
53561.5
53462.0
53256.7
54068.4
53462.0
53561.5
53561.5
53664.1
53462.0
53866.2
53664.1
53256.7
53664.1
53256.7
53256.7
53356.2
53462.0
53462.0
53157.2
53462.0
53256.7
53157.2
52948.9
53356.2
53561.5
53356.2
53256.7
53051.5
53356.2
52948.9
53051.5
52948.9
53157.2
52948.9
53157.2
53051.5
53051.5
52746.7
53051.5
53157.2
52948.9
52644.1
52852.5
53051.5
52852.5
52852.5
52852.5
53051.5
52948.9
52746.7
53157.2
52644.1
53051.5
52852.5
52644.1
53051.5
52442.0
52746.7
52644.1
52746.7
52644.1
52644.1
53051.5
52644.1
52852.5
52442.0
52746.7
52644.1
52544.6
52746.7
52544.6
52339.4
52442.0
52339.4
52644.1
52852.5
52239.8
52442.0
52544.6
52031.5
52339.4
52746.7
52544.6
52544.6
52644.1
52239.8
52239.8
52239.8
52442.0
52644.1
52544.6
51935.1
52746.7
52137.2
52137.2
52339.4
52239.8
52544.6
52644.1
52442.0
52442.0
52544.6
52644.1
52442.0
52339.4
52544.6
52239.8
52031.5
52442.0
51935.1
52239.8
52137.2
52544.6
52137.2
52239.8
52239.8
52442.0
52239.8
51832.5
52544.6
52031.5
52644.1
52544.6
52239.8
52339.4
52339.4
52239.8
52544.6
52442.0
52442.0
52438.9
52442.0
52339.4
52137.2
52137.2
52031.5
52239.8
52239.8
52239.8
52239.8
52746.7
52137.2
52544.6
52442.0
51935.1
52031.5
52442.0
52239.8
51935.1
52644.1
52137.2
52137.2
52644.1
52031.5
52239.8
52137.2
52339.4
52239.8
52339.4
52442.0
52442.0
52438.9
52339.4
52339.4
52442.0
52438.9
52137.2
52544.6
52239.8
52438.9
52442.0
52544.6
52442.0
52644.1
52544.6
52544.6
52239.8
52442.0
52544.6
52137.2
52442.0
52239.8
52544.6
52442.0
52339.4
52442.0
52644.1
52852.5
52339.4
52544.6
52442.0
52544.6
52644.1
52438.9
52239.8
52239.8
52442.0
52746.7
52239.8
52239.8
52544.6
52442.0
52852.5
52442.0
52644.1
52644.1
52644.1
52442.0
52544.6
53051.5
52746.7
52746.7
52544.6
52746.7
52852.5
52852.5
52644.1
52852.5
52852.5
52644.1
52852.5
52544.6
52746.7
52852.5
52644.1
52544.6
52644.1
52852.5
52948.9
52644.1
53157.2
53157.2
52746.7
53051.5
53157.2
53051.5
52746.7
53051.5
52948.9
52746.7
53051.5
53157.2
53051.5
53256.7
53157.2
52746.7
53256.7
52852.5
53051.5
53157.2
53157.2
53462.0
52852.5
53157.2
52852.5
53462.0
53051.5
53256.7
53256.7
53462.0
53051.5
53356.2
53157.2
53462.0
53356.2
52948.9
53462.0
53561.5
53462.0
53462.0
53664.1
53664.1
53561.5
53561.5
53561.5
53561.5
53462.0
53561.5
53664.1
53561.5
53769.8
53866.2
53561.5
53968.8
53664.1
53561.5
53866.2
53769.8
53561.5
53664.1
53968.8
53462.0
53968.8
53769.8
53769.8
53968.8
54068.4
53769.8
53664.1
54068.4
53968.8
53968.8
53968.8
54373.1
53866.2
53968.8
54373.1
54174.1
53968.8
54174.1
54174.1
54068.4
54273.6
54174.1
54068.4
54373.1
54174.1
54581.5
54373.1
54373.1
54273.6
54174.1
54373.1
54581.5
54373.1
54478.8
54581.5
54478.8
54581.5
54886.2
54985.7
54677.9
54677.9
54985.7
54478.8
54886.2
54985.7
54985.7
54886.2
55088.3
54886.2
54677.9
54985.7
54985.7
55290.5
55088.3
55290.5
55088.3
55290.5
55595.2
55290.5
55088.3
55498.8
55088.3
55290.5
55290.5
55191.0
55595.2
55088.3
55595.2
55498.8
55498.8
55396.2
55396.2
55191.0
55396.2
55498.8
55697.8
55498.8
55697.8
55396.2
55697.8
55697.8
55697.8
55498.8
55595.2
55498.8
55903.1
55803.6
55803.6
55903.1
56108.3
55803.6
56108.3
55903.1
56002.6
55903.1
56002.6
56108.3
56207.8
56310.4
56207.8
56108.3
56207.8
56310.4
56207.8
56512.6
56207.8
56310.4
56512.6
56512.6
56413.1
56413.1
56615.2
56615.2
56413.1
56512.6
56512.6
56720.9
56615.2
57025.7
56919.9
57025.7
56919.9
57227.8
56817.3
57125.2
57025.7
57125.2
57025.7
57025.7
57429.9
56720.9
57125.2
57125.2
57025.7
57125.2
57227.8
57429.9
57025.7
57429.9
57324.2
57632.1
57025.7
57632.1
57429.9
57734.7
57734.7
57632.1
57532.6
57532.6
57632.1
57734.7
57632.1
57632.1
57734.7
57837.3
57632.1
57837.3
57532.6
57837.3
58042.5
58042.5
57936.8
57936.8
57837.3
57936.8
58241.6
57936.8
57936.8
58347.3
58347.3
58347.3
58241.6
58449.9
58549.4
58754.7
58347.3
58449.9
58652.0
58142.1
58652.0
58449.9
58754.7
58652.0
58347.3
58854.2
58549.4
58347.3
58854.2
58652.0
58854.2
58754.7
58854.2
59059.4
58652.0
59158.9
59059.4
58959.9
59261.6
59059.4
59059.4
58854.2
59158.9
58854.2
59367.3
59261.6
58959.9
59261.6
59367.3
59158.9
59668.9
59261.6
59261.6
59566.3
59668.9
59463.7
59367.3
59668.9
59566.3
59668.9
59566.3
59566.3
59463.7
59973.7
59871.1
60076.3
60076.3
59771.5
59668.9
60381.0
60076.3
59973.7
60178.9
60178.9
60076.3
60483.7
60178.9
60381.0
60281.5
60281.5
60076.3
60483.7
60076.3
60688.9
60381.0
60281.5
60281.5
60586.3
60483.7
60483.7
60178.9
60483.7
60688.9
60688.9
60586.3
60688.9
60993.7
60785.3
60688.9
61298.4
60688.9
60785.3
60688.9
60785.3
60993.7
60887.9
60887.9
60993.7
61093.2
60785.3
61093.2
61192.7
60993.7
61093.2
60993.7
61298.4
61093.2
61397.9
61500.5
61500.5
61298.4
61397.9
61397.9
61606.3
61500.5
61702.7
61606.3
61805.3
61702.7
61911.0
61702.7
61606.3
61911.0
61500.5
61805.3
62010.5
61702.7
61911.0
61702.7
62215.8
61805.3
62215.8
61805.3
61911.0
62215.8
61911.0
62417.9
62110.0
62110.0
62110.0
62010.5
61805.3
62315.3
62010.5
62417.9
62215.8
61911.0
62315.3
62514.3
62215.8
62417.9
62315.3
62514.3
62315.3
62514.3
62315.3
62215.8
62514.3
62722.6
62822.2
62620.0
62722.6
62822.2
62514.3
62620.0
62722.6
62924.8
62924.8
62722.6
63232.6
63335.3
62722.6
63126.9
63335.3
63126.9
63126.9
63232.6
63232.6
63126.9
63431.7
63431.7
63232.6
63431.7
63335.3
63431.7
63640.0
63335.3
63126.9
64044.3
63842.1
63431.7
63431.7
63537.4
63431.7
63537.4
63232.6
63739.5
63431.7
63640.0
63842.1
63431.7
63431.7
63739.5
63431.7
63640.0
63944.8
63537.4
63640.0
63739.5
63739.5
63842.1
63739.5
64044.3
64044.3
64044.3
64451.6
64249.5
63944.8
64349.0
64044.3
64146.9
64249.5
64249.5
64146.9
64349.0
64249.5
64146.9
64249.5
64249.5
64146.9
64557.4
64557.4
64349.0
64249.5
64557.4
64249.5
64451.6
64451.6
64451.6
64451.6
64451.6
64349.0
64557.4
64862.1
64557.4
64756.4
64656.9
64451.6
64451.6
64756.4
64961.6
65064.3
65064.3
65064.3
64451.6
64756.4
64756.4
64656.9
64961.6
64862.1
65166.9
64756.4
64756.4
64862.1
65369.0
64557.4
65166.9
65064.3
65064.3
65166.9
64961.6
64756.4
64961.6
65369.0
65166.9
65266.4
65166.9
65166.9
65474.7
65266.4
65474.7
65571.1
65369.0
65266.4
65369.0
65166.9
65369.0
65369.0
65474.7
65474.7
65474.7
65369.0
65369.0
65369.0
65571.1
65369.0
65879.0
65369.0
65266.4
65369.0
65773.3
65571.1
65773.3
65879.0
65369.0
65673.8
65673.8
65978.5
65978.5
65474.7
65474.7
65571.1
65673.8
65773.3
65673.8
65879.0
65673.8
65673.8
65978.5
65978.5
65773.3
65879.0
66183.7
65673.8
65773.3
65474.7
65773.3
65571.1
65879.0
65879.0
65879.0
65571.1
65773.3
65879.0
65879.0
66183.7
65879.0
65879.0
66183.7
66385.9
65773.3
66078.0
66078.0
66078.0
65978.5
65879.0
66078.0
65978.5
66078.0
65773.3
66183.7
65981.6
66183.7
65981.6
66183.7
66286.4
65981.6
66183.7
66286.4
66183.7
66183.7
66286.4
65978.5
65879.0
66488.5
65978.5
65981.6
66183.7
66385.9
66286.4
66183.7
66183.7
66385.9
66183.7
66488.5
66488.5
66488.5
66286.4
66183.7
66183.7
66183.7
66183.7
66385.9
66078.0
66183.7
66385.9
66286.4
66385.9
66385.9
66385.9
65981.6
66286.4
66286.4
66385.9
66591.1
66286.4
66183.7
66895.9
66286.4
66488.5
66488.5
66183.7
66591.1
66591.1
66078.0
66385.9
66385.9
66488.5
66078.0
66690.6
66591.1
66286.4
66385.9
66385.9
66286.4
66385.9
66690.6
66488.5
66286.4
66488.5
66591.1
66591.1
66183.7
66690.6
66796.4
66385.9
66488.5
66591.1
66286.4
66591.1
66286.4
66385.9
66796.4
66183.7
66488.5
66385.9
66385.9
66385.9
66488.5
66183.7
66286.4
66286.4
66385.9
66286.4
66078.0
66183.7
66286.4
66078.0
66385.9
66488.5
66286.4
66286.4
66385.9
66183.7
66385.9
66286.4
65978.5
66286.4
66183.7
66078.0
66488.5
66183.7
66183.7
66488.5
66183.7
66286.4
66488.5
66286.4
66183.7
65981.6
66183.7
66488.5
66078.0
66183.7
66183.7
66183.7
66385.9
66183.7
66286.4
66183.7
66385.9
66690.6
66385.9
66286.4
66286.4
66286.4
65879.0
66286.4
66183.7
66078.0
66286.4
66286.4
66183.7
65879.0
66286.4
66385.9
66183.7
66286.4
66183.7
66078.0
66385.9
66286.4
66183.7
66078.0
66385.9
65978.5
65879.0
66078.0
65978.5
66078.0
65773.3
66078.0
66078.0
65673.8
65673.8
65474.7
65773.3
65773.3
65879.0
65978.5
65978.5
65978.5
65978.5
65879.0
65673.8
65673.8
65773.3
65879.0
65571.1
65773.3
65879.0
65571.1
65773.3
65571.1
65571.1
65571.1
65773.3
65474.7
65571.1
65879.0
65266.4
65673.8
65266.4
65571.1
65673.8
65673.8
65266.4
65474.7
65064.3
65879.0
65673.8
65369.0
65571.1
65266.4
65266.4
65571.1
65266.4
65266.4
65369.0
65474.7
65266.4
65474.7
65369.0
65166.9
65166.9
65879.0
65064.3
65064.3
65166.9
65369.0
65166.9
64862.1
65064.3
65474.7
65166.9
64756.4
65166.9
65064.3
65166.9
65166.9
65369.0
64862.1
64961.6
65474.7
64862.1
65064.3
65064.3
64961.6
64961.6
64862.1
64557.4
64961.6
64451.6
64656.9
64756.4
64656.9
64656.9
64756.4
64756.4
64557.4
64862.1
64656.9
64756.4
64756.4
64862.1
64656.9
64756.4
64451.6
64656.9
64349.0
64653.8
64349.0
64349.0
64349.0
64044.3
64146.9
64249.5
64349.0
64146.9
64146.9
63944.8
64451.6
64044.3
63944.8
64146.9
64044.3
64451.6
64349.0
64044.3
64146.9
63944.8
63944.8
64044.3
64044.3
64349.0
63640.0
64249.5
63842.1
64044.3
63537.4
63842.1
63842.1
63842.1
63640.0
63739.5
63431.7
63842.1
63640.0
63431.7
63431.7
63537.4
63739.5
63640.0
63537.4
63842.1
63537.4
63537.4
63027.4
63944.8
63335.3
63335.3
63232.6
63126.9
63232.6
62924.8
63431.7
63232.6
63232.6
63126.9
62924.8
63126.9
62822.2
63126.9
63126.9
62927.9
63027.4
62924.8
62927.9
62722.6
62822.2
62924.8
63232.6
63027.4
62924.8
62822.2
62722.6
62620.0
62722.6
62620.0
62722.6
62514.3
62620.0
62722.6
62417.9
62417.9
62215.8
62620.0
62620.0
62620.0
62010.5
62417.9
62514.3
62620.0
62315.3
62215.8
62215.8
62110.0
62110.0
62215.8
62215.8
62010.5
62010.5
62110.0
62110.0
62110.0
62110.0
62010.5
62010.5
62110.0
61702.7
61500.5
62010.5
61702.7
61911.0
61702.7
61606.3
61500.5
61606.3
61298.4
61500.5
61500.5
61298.4
61500.5
61500.5
61500.5
61397.9
61192.7
61500.5
61192.7
61298.4
61298.4
61192.7
61093.2
60887.9
61192.7
61093.2
61093.2
60688.9
60785.3
60785.3
60993.7
61192.7
60688.9
60993.7
61192.7
60785.3
60586.3
60688.9
60887.9
60381.0
60586.3
60483.7
60586.3
60483.7
60483.7
60381.0
60586.3
60178.9
60483.7
60281.5
60381.0
60381.0
60483.7
59973.7
60178.9
60076.3
60281.5
60076.3
60076.3
59973.7
59871.1
59771.5
59771.5
59973.7
60076.3
59668.9
59668.9
59871.1
59668.9
60178.9
59871.1
59771.5
59566.3
59566.3
59668.9
59566.3
60076.3
59973.7
59566.3
59566.3
59566.3
59668.9
59158.9
59261.6
59367.3
59059.4
58854.2
59158.9
59158.9
59158.9
59158.9
59059.4
58959.9
59059.4
58754.7
58959.9
58754.7
58959.9
59059.4
58652.0
58854.2
58959.9
59261.6
58854.2
58449.9
58854.2
58449.9
58854.2
58549.4
58754.7
58549.4
58549.4
58652.0
58142.1
58347.3
58449.9
58241.6
58449.9
58042.5
58449.9
58241.6
58449.9
58142.1
58142.1
58142.1
58042.5
58042.5
57324.2
57837.3
57936.8
58142.1
57936.8
58042.5
57734.7
57936.8
57632.1
57532.6
57734.7
57532.6
57532.6
57429.9
57429.9
57632.1
57429.9
57227.8
57532.6
57125.2
57532.6
57532.6
57429.9
57324.2
57227.8
57025.7
57324.2
56919.9
57125.2
57125.2
57532.6
57025.7
57324.2
57227.8
56817.3
56720.9
56720.9
57125.2
56919.9
56817.3
57025.7
56720.9
56615.2
56615.2
56413.1
56413.1
56512.6
56207.8
56512.6
56817.3
56615.2
56207.8
56615.2
56413.1
56207.8
56108.3
56413.1
56108.3
56310.4
56002.6
56207.8
56207.8
56207.8
55903.1
56310.4
56002.6
56207.8
55697.8
55595.2
55803.6
55803.6
55595.2
55803.6
55803.6
55803.6
55803.6
55697.8
55498.8
56002.6
55595.2
55595.2
55498.8
55595.2
55697.8
55088.3
55191.0
55191.0
55191.0
54985.7
55191.0
55088.3
55191.0
55396.2
55088.3
54985.7
54886.2
55088.3
54886.2
54783.6
54985.7
54985.7
54985.7
55498.8
54886.2
54985.7
54581.5
54783.6
54581.5
54886.2
54581.5
54783.6
54478.8
54478.8
54373.1
54478.8
54677.9
53866.2
54373.1
54174.1
54478.8
54677.9
54373.1
54273.6
54478.8
54373.1
54068.4
54068.4
53968.8
54068.4
53968.8
54068.4
54174.1
54373.1
54068.4
54581.5
53866.2
54068.4
53664.1
53561.5
53561.5
53866.2
53769.8
53664.1
53866.2
53664.1
53561.5
53664.1
53561.5
53462.0
53561.5
53766.7
53561.5
53256.7
53561.5
53561.5
53157.2
53561.5
53356.2
53256.7
53356.2
53157.2
53256.7
52948.9
53462.0
53157.2
53356.2
53256.7
53256.7
53157.2
53051.5
53356.2
53157.2
52948.9
52852.5
53157.2
52746.7
53051.5
52948.9
52852.5
52852.5
52644.1
52644.1
52544.6
52644.1
52746.7
52339.4
52644.1
52544.6
52544.6
52031.5
52442.0
52644.1
52137.2
52442.0
52137.2
52137.2
52031.5
52031.5
52031.5
52239.8
52031.5
52239.8
51726.7
52137.2
52239.8
51935.1
52239.8
51832.5
51935.1
52239.8
52031.5
51832.5
52031.5
52031.5
52031.5
51935.1
51832.5
52031.5
51832.5
51832.5
51832.5
51726.7
51527.7
51832.5
51627.2
51832.5
51527.7
51627.2
51527.7
51627.2
51627.2
51422.0
51527.7
51527.7
51726.7
51422.0
51422.0
51726.7
51527.7
51322.5
51422.0
51219.9
51017.7
51219.9
51322.5
51322.5
51017.7
51017.7
51117.2
51219.9
51322.5
51322.5
51322.5
50809.4
51017.7
50713.0
50809.4
50809.4
51017.7
50915.1
50915.1
50809.4
50915.1
50610.4
50713.0
50915.1
50809.4
50809.4
50610.4
50302.5
50915.1
50809.4
50610.4
50915.1
50610.4
50504.6
50610.4
50709.9
50709.9
50504.6
50302.5
50405.1
50405.1
50610.4
50206.1
50504.6
50302.5
50405.1
50405.1
50610.4
50206.1
50206.1
50100.4
50302.5
50610.4
50206.1
50504.6
50206.1
50206.1
49997.8
49997.8
50100.4
49997.8
50302.5
49997.8
49997.8
49898.2
50100.4
50206.1
49997.8
50206.1
50206.1
49795.6
49795.6
49795.6
49795.6
49693.0
49795.6
49997.8
49898.2
49795.6
49997.8
49898.2
49487.8
49898.2
49593.5
49593.5
49693.0
49795.6
49795.6
49693.0
49593.5
49288.7
49997.8
49693.0
49593.5
49795.6
49593.5
49487.8
49388.3
49898.2
49487.8
49487.8
49487.8
49388.3
49487.8
49693.0
49183.0
49593.5
49795.6
49593.5
49593.5
49487.8
49487.8
49288.7
49183.0
49288.7
49388.3
49183.0
49487.8
49080.4
49487.8
49288.7
49288.7
48980.9
49288.7
49288.7
49080.4
48980.9
49385.1
49288.7
49388.3
48980.9
49183.0
49080.4
49183.0
49288.7
49288.7
49385.1
48676.1
49080.4
48775.6
49288.7
49183.0
48878.3
49183.0
49080.4
49288.7
49288.7
49080.4
49183.0
49080.4
49288.7
49288.7
48980.9
48980.9
49288.7
48775.6
48676.1
48878.3
49080.4
49385.1
48878.3
48775.6
49080.4
48775.6
48980.9
48573.5
48775.6
48980.9
48775.6
48878.3
48878.3
48775.6
48980.9
49080.4
48676.1
48980.9
48676.1
48980.9
48980.9
48775.6
48775.6
48775.6
48676.1
48775.6
48676.1
48775.6
48775.6
48980.9
48775.6
49080.4
48573.5
48775.6
48470.9
48775.6
48470.9
48878.3
48573.5
48775.6
48676.1
48573.5
48573.5
48775.6
49080.4
48470.9
48878.3
48371.4
48470.9
48573.5
48676.1
48470.9
48775.6
48676.1
48878.3
48573.5
48573.5
48470.9
48676.1
48775.6
48676.1
48980.9
48676.1
48676.1
48573.5
48573.5
48371.4
48775.6
48470.9
48878.3
48676.1
48676.1
48775.6
48470.9
48775.6
48676.1
48470.9
48775.6
48573.5
48676.1
48371.4
48573.5
48573.5
48573.5
48470.9
48980.9
48775.6
48775.6
48980.9
48775.6
48775.6
48470.9
48268.8
48676.1
48676.1
48470.9
48775.6
48573.5
48980.9
48878.3
48676.1
48676.1
48980.9
48775.6
48775.6
48573.5
48775.6
48573.5
48676.1
48470.9
48573.5
48573.5
48470.9
48573.5
48573.5
48980.9
49183.0
48470.9
48470.9
48470.9
48573.5
48573.5
48371.4
48676.1
48268.8
48470.9
48775.6
48676.1
48676.1
48676.1
48676.1
48980.9
48775.6
48676.1
48573.5
48371.4
48573.5
48573.5
49080.4
48878.3
48980.9
49080.4
48775.6
48775.6
48980.9
48980.9
48676.1
49080.4
48878.3
48676.1
48878.3
48676.1
48878.3
48676.1
49288.7
48878.3
48980.9
48980.9
49080.4
49080.4
48878.3
48980.9
49080.4
49080.4
48980.9
48980.9
48980.9
48775.6
48980.9
48775.6
48878.3
48878.3
49183.0
49080.4
48980.9
49385.1
49080.4
49080.4
49080.4
48775.6
49080.4
49183.0
49183.0
48980.9
49288.7
49080.4
48878.3
48775.6
48878.3
49183.0
49487.8
48775.6
49080.4
49487.8
49183.0
49183.0
48878.3
49183.0
49183.0
49080.4
49080.4
49080.4
49288.7
49183.0
49080.4
49388.3
49183.0
49183.0
49183.0
49388.3
49080.4
49080.4
49385.1
49288.7
49183.0
49183.0
49288.7
49593.5
49288.7
49388.3
49997.8
49288.7
49385.1
49487.8
49487.8
49487.8
49593.5
49288.7
49795.6
49593.5
49183.0
49593.5
49593.5
49487.8
49487.8
49388.3
49080.4
49593.5
49795.6
49288.7
49795.6
49593.5
49693.0
49593.5
49593.5
49898.2
49388.3
49487.8
49997.8
49288.7
49593.5
49487.8
50100.4
49593.5
49693.0
49693.0
49898.2
49795.6
49693.0
49795.6
49997.8
50206.1
49693.0
49997.8
50100.4
49593.5
50206.1
50100.4
49898.2
49997.8
49997.8
49997.8
49795.6
50206.1
49898.2
50206.1
50405.1
50504.6
49795.6
50302.5
50302.5
50206.1
49898.2
50100.4
50206.1
50504.6
49997.8
49795.6
50302.5
50302.5
50206.1
50302.5
49997.8
50610.4
50206.1
50405.1
49898.2
50302.5
50302.5
50206.1
50302.5
50709.9
50302.5
50610.4
50100.4
50405.1
50610.4
51017.7
50405.1
50206.1
50405.1
50302.5
50709.9
50405.1
50809.4
50504.6
50610.4
50206.1
50504.6
50809.4
50206.1
50610.4
50504.6
50610.4
50504.6
50302.5
50610.4
50709.9
50709.9
50809.4
50709.9
50809.4
50610.4
50610.4
50405.1
51117.2
50915.1
50809.4
50915.1
50713.0
51219.9
50610.4
50915.1
50915.1
50809.4
51117.2
51017.7
50809.4
50915.1
51017.7
51322.5
51017.7
51527.7
51422.0
51422.0
51422.0
51322.5
51017.7
51322.5
51219.9
51322.5
51726.7
51017.7
51322.5
51322.5
51422.0
51627.2
51422.0
51322.5
51422.0
51832.5
51322.5
51219.9
51422.0
51422.0
51527.7
51726.7
51726.7
51422.0
51322.5
