IEC 61083-2 TDG Version 2.1.0
Data File Version  2.1.0
52 OLI-M1
16 bits, 10999 samples at 10ns
1.000000e-008
24.9
221.3
324.2
424.0
526.8
118.5
221.3
221.3
15.6
526.8
221.3
324.2
-81.1
15.6
324.2
-81.1
221.3
932.1
324.2
424.0
118.5
424.0
221.3
324.2
324.2
324.2
324.2
221.3
118.5
118.5
324.2
221.3
118.5
118.5
324.2
424.0
221.3
118.5
324.2
221.3
-187.0
221.3
324.2
15.6
324.2
526.8
-81.1
15.6
-81.1
324.2
424.0
424.0
324.2
324.2
15.6
424.0
221.3
15.6
118.5
526.8
324.2
324.2
15.6
324.2
118.5
526.8
324.2
221.3
526.8
526.8
15.6
118.5
118.5
221.3
-187.0
15.6
324.2
221.3
324.2
118.5
221.3
15.6
221.3
15.6
118.5
324.2
118.5
324.2
324.2
15.6
424.0
118.5
221.3
526.8
324.2
15.6
221.3
118.5
221.3
118.5
15.6
324.2
-81.1
221.3
221.3
118.5
221.3
526.8
424.0
221.3
221.3
324.2
221.3
15.6
221.3
729.5
118.5
-81.1
324.2
324.2
324.2
118.5
629.7
221.3
118.5
15.6
324.2
118.5
526.8
221.3
221.3
324.2
424.0
-187.0
118.5
424.0
526.8
118.5
118.5
424.0
221.3
221.3
221.3
324.2
-187.0
15.6
324.2
629.7
324.2
526.8
15.6
324.2
324.2
424.0
118.5
118.5
221.3
118.5
424.0
15.6
221.3
118.5
118.5
324.2
221.3
324.2
118.5
15.6
118.5
324.2
526.8
221.3
221.3
629.7
526.8
424.0
629.7
729.5
221.3
424.0
221.3
221.3
424.0
324.2
424.0
221.3
526.8
221.3
-81.1
221.3
324.2
424.0
424.0
221.3
118.5
324.2
424.0
324.2
221.3
324.2
324.2
526.8
118.5
324.2
324.2
424.0
324.2
424.0
15.6
526.8
221.3
526.8
118.5
118.5
526.8
324.2
221.3
221.3
221.3
629.7
15.6
424.0
118.5
324.2
324.2
221.3
324.2
526.8
324.2
324.2
424.0
424.0
15.6
526.8
629.7
324.2
526.8
424.0
221.3
526.8
526.8
221.3
324.2
424.0
118.5
15.6
324.2
-81.1
526.8
324.2
835.5
15.6
324.2
221.3
-81.1
424.0
15.6
629.7
324.2
221.3
424.0
221.3
424.0
629.7
118.5
118.5
324.2
629.7
118.5
324.2
221.3
324.2
629.7
424.0
118.5
221.3
424.0
324.2
118.5
118.5
629.7
424.0
221.3
324.2
118.5
526.8
324.2
118.5
526.8
15.6
324.2
221.3
729.5
324.2
118.5
324.2
424.0
324.2
221.3
324.2
324.2
324.2
118.5
324.2
15.6
424.0
324.2
526.8
221.3
221.3
221.3
729.5
324.2
324.2
324.2
629.7
526.8
324.2
424.0
221.3
15.6
324.2
15.6
221.3
118.5
324.2
221.3
221.3
424.0
526.8
424.0
835.5
221.3
424.0
118.5
424.0
-187.0
-81.1
324.2
424.0
424.0
424.0
15.6
424.0
729.5
526.8
15.6
424.0
526.8
221.3
118.5
15.6
424.0
118.5
629.7
-81.1
324.2
424.0
118.5
424.0
526.8
526.8
526.8
424.0
221.3
324.2
324.2
118.5
526.8
221.3
324.2
324.2
221.3
526.8
324.2
526.8
221.3
118.5
729.5
118.5
221.3
324.2
629.7
221.3
15.6
324.2
526.8
324.2
424.0
629.7
324.2
221.3
629.7
526.8
324.2
221.3
221.3
324.2
15.6
424.0
324.2
324.2
424.0
324.2
-81.1
324.2
221.3
221.3
118.5
324.2
424.0
629.7
424.0
221.3
324.2
-81.1
221.3
118.5
424.0
324.2
221.3
424.0
526.8
424.0
221.3
15.6
424.0
221.3
324.2
221.3
221.3
118.5
324.2
424.0
526.8
424.0
324.2
324.2
424.0
324.2
118.5
324.2
629.7
526.8
424.0
424.0
324.2
221.3
324.2
221.3
424.0
324.2
118.5
629.7
324.2
221.3
324.2
15.6
15.6
424.0
424.0
324.2
118.5
118.5
221.3
221.3
15.6
118.5
424.0
424.0
324.2
526.8
221.3
221.3
221.3
324.2
221.3
324.2
324.2
526.8
526.8
15.6
15.6
424.0
324.2
324.2
15.6
118.5
221.3
221.3
15.6
118.5
424.0
15.6
-81.1
118.5
424.0
221.3
526.8
324.2
15.6
424.0
324.2
324.2
221.3
629.7
629.7
118.5
324.2
221.3
324.2
118.5
424.0
221.3
221.3
324.2
324.2
221.3
424.0
324.2
221.3
424.0
324.2
221.3
-187.0
221.3
324.2
424.0
221.3
118.5
424.0
118.5
424.0
629.7
424.0
424.0
424.0
324.2
221.3
118.5
15.6
424.0
15.6
324.2
221.3
424.0
324.2
424.0
324.2
324.2
526.8
729.5
-81.1
324.2
324.2
221.3
221.3
526.8
221.3
324.2
324.2
526.8
324.2
424.0
15.6
221.3
324.2
221.3
221.3
526.8
15.6
15.6
324.2
15.6
324.2
221.3
221.3
324.2
-81.1
221.3
324.2
629.7
324.2
324.2
324.2
118.5
526.8
324.2
324.2
118.5
526.8
221.3
424.0
424.0
221.3
526.8
221.3
424.0
221.3
324.2
424.0
15.6
526.8
324.2
424.0
324.2
324.2
324.2
221.3
324.2
526.8
221.3
15.6
424.0
118.5
15.6
324.2
324.2
221.3
324.2
324.2
221.3
526.8
629.7
424.0
221.3
424.0
221.3
629.7
324.2
526.8
526.8
424.0
118.5
424.0
221.3
221.3
221.3
324.2
324.2
118.5
424.0
424.0
424.0
221.3
324.2
324.2
526.8
221.3
118.5
118.5
424.0
324.2
221.3
221.3
118.5
221.3
221.3
526.8
526.8
526.8
424.0
-187.0
424.0
118.5
221.3
424.0
729.5
424.0
424.0
324.2
526.8
-81.1
526.8
424.0
324.2
424.0
221.3
324.2
424.0
424.0
221.3
324.2
221.3
221.3
118.5
221.3
324.2
424.0
118.5
324.2
221.3
118.5
-81.1
15.6
221.3
324.2
324.2
15.6
221.3
118.5
424.0
324.2
118.5
221.3
324.2
424.0
221.3
118.5
15.6
324.2
324.2
118.5
118.5
118.5
324.2
424.0
629.7
221.3
526.8
526.8
221.3
221.3
424.0
221.3
221.3
424.0
526.8
324.2
221.3
221.3
221.3
424.0
118.5
221.3
221.3
324.2
526.8
526.8
324.2
324.2
221.3
15.6
118.5
526.8
424.0
221.3
221.3
324.2
118.5
221.3
118.5
15.6
221.3
424.0
526.8
221.3
15.6
324.2
118.5
324.2
221.3
324.2
221.3
324.2
324.2
324.2
118.5
424.0
221.3
424.0
221.3
324.2
221.3
118.5
324.2
424.0
324.2
324.2
118.5
118.5
324.2
118.5
118.5
15.6
221.3
118.5
324.2
-81.1
424.0
118.5
526.8
324.2
221.3
324.2
526.8
221.3
118.5
118.5
221.3
118.5
324.2
424.0
221.3
324.2
221.3
118.5
118.5
221.3
15.6
221.3
-289.9
424.0
221.3
118.5
526.8
-81.1
118.5
424.0
221.3
221.3
221.3
324.2
118.5
526.8
729.5
118.5
15.6
629.7
118.5
15.6
15.6
324.2
424.0
424.0
424.0
629.7
324.2
118.5
15.6
424.0
324.2
424.0
15.6
-187.0
424.0
118.5
-81.1
526.8
221.3
221.3
526.8
15.6
324.2
118.5
221.3
15.6
526.8
15.6
118.5
118.5
118.5
324.2
324.2
118.5
424.0
729.5
-187.0
324.2
118.5
526.8
15.6
424.0
324.2
424.0
221.3
221.3
-389.7
324.2
526.8
118.5
424.0
324.2
221.3
424.0
324.2
324.2
221.3
221.3
118.5
424.0
118.5
526.8
324.2
526.8
526.8
526.8
-187.0
118.5
629.7
932.1
1646.0
729.5
1035.0
1141.0
2157.2
2462.7
2768.2
2157.2
2662.2
1951.5
1340.5
1546.2
1240.7
2356.7
2356.7
2356.7
1851.7
2157.2
1141.0
1035.0
835.5
324.2
629.7
1340.5
1340.5
2157.2
1745.7
2257.0
2257.0
2662.2
2768.2
3681.6
3887.3
4498.3
4395.5
4395.5
5003.4
5109.3
5003.4
5514.6
5514.6
6025.9
5720.4
5919.9
5919.9
6025.9
6025.9
6225.4
6839.5
6936.1
7350.7
7656.2
8061.5
8363.9
8772.2
8978.0
9688.7
10299.7
10399.5
10910.8
11219.4
11824.1
12541.1
12946.4
13557.4
14168.4
14676.5
15387.3
16101.2
16609.3
17220.3
17628.7
18037.0
18236.5
18850.7
19461.7
19866.9
20786.5
21294.7
21497.3
22310.9
22413.8
23330.3
23835.3
24246.8
25263.1
25877.2
25877.2
26584.8
26890.3
27604.2
27707.1
28520.7
28720.2
29231.5
29942.2
29845.6
30556.3
30656.1
30961.6
31878.1
32083.8
32489.1
33000.3
33608.2
34019.7
34830.2
35235.5
35647.0
36360.9
36869.0
37782.4
38596.0
39104.1
39309.9
40429.0
40837.4
41345.5
41956.5
42873.0
43078.8
43789.5
44400.5
44908.6
45014.6
46027.8
45924.9
47150.0
47352.7
47757.9
48269.2
48777.3
49288.5
50099.0
50710.1
51018.7
51423.9
52137.8
52951.4
53253.8
54173.4
54983.9
55697.8
56209.1
57125.6
57530.8
58347.6
58855.7
59769.1
60383.2
61094.0
62216.2
62724.3
63026.7
64145.9
64451.4
65371.0
66081.7
66593.0
67200.9
68117.4
68731.5
69442.3
70053.3
70966.6
71378.1
72593.9
73105.1
74121.4
74735.5
75343.4
76057.3
77179.5
77893.4
78604.2
79720.2
80636.7
81250.8
82263.9
82775.2
83997.2
84711.1
85322.1
86135.7
86846.5
87968.7
88579.7
89290.5
90309.8
90821.1
91425.9
92142.8
93467.7
93969.6
94789.5
95095.0
96211.0
96416.7
97230.4
98146.9
98552.1
99063.4
100388.3
100693.8
101504.3
102321.0
103031.8
103948.3
104353.5
104559.3
105478.9
105983.9
106594.9
107205.9
107717.2
108630.5
109042.0
109543.9
110363.8
110868.8
111479.8
111785.3
113007.3
113216.2
114126.4
114637.7
115248.7
115557.3
116268.1
117184.6
117384.1
118406.6
118811.8
119320.0
120033.8
120542.0
121252.7
121966.6
122477.8
122986.0
123899.4
124510.4
125221.1
125835.2
127157.0
127768.0
128581.6
129295.5
130112.3
130517.5
131633.5
132041.9
133064.4
133675.4
134588.8
135302.7
136322.0
136421.8
137338.3
137743.5
138660.1
138965.6
139579.7
140489.9
140595.9
141612.2
142223.2
142528.7
143445.2
144056.2
144464.6
145580.6
145989.0
146500.2
147416.7
148127.5
148333.2
149552.1
149960.5
150774.1
151385.1
152301.6
153012.4
153626.5
154543.0
155356.6
155864.7
156578.6
157289.4
158103.0
158611.1
159222.1
159736.5
160141.8
161154.9
161463.5
162174.3
162685.5
163193.7
164010.4
164312.8
164820.9
165232.4
166042.9
166245.5
167165.2
167470.7
168181.4
168384.1
168689.6
169506.3
169911.6
170011.3
170728.3
170930.9
171538.8
172355.6
172664.2
172863.7
173677.3
173677.3
173985.9
174590.7
175002.2
175918.7
176121.3
176629.5
176732.3
177343.3
177546.0
177851.5
177954.3
178459.4
178565.3
178665.1
179584.7
179784.2
179784.2
179990.0
180295.5
181006.2
181109.1
181517.5
181819.9
182328.0
182533.7
182739.5
183453.4
183755.7
183858.6
184466.5
184874.9
185386.1
185891.1
186196.6
186810.8
187216.0
187518.4
188232.3
188537.8
189049.0
189759.8
190065.3
190271.0
190779.1
190676.3
191387.0
191695.7
192100.9
192612.2
192817.9
193223.2
193425.8
193731.3
194139.7
194850.4
195255.7
195464.5
195660.9
195869.8
196381.0
196480.8
197091.8
197294.4
197596.8
197805.7
198008.3
198307.6
198413.6
198719.1
199227.2
199333.2
199432.9
199432.9
199532.7
199532.7
200143.7
200040.8
200548.9
200548.9
200654.9
201060.2
201163.1
201163.1
201163.1
201465.4
201465.4
201873.8
201770.9
202590.8
202079.6
202176.2
202385.1
201976.7
202385.1
202385.1
202790.3
202790.3
202896.3
203198.7
202996.1
203198.7
203198.7
203301.6
203501.1
203095.8
203401.3
203607.1
203706.8
203706.8
203401.3
203501.1
203501.1
203095.8
203501.1
203301.6
202896.3
203095.8
202996.1
202484.8
202896.3
202790.3
202282.2
202282.2
202079.6
201976.7
201770.9
201873.8
201365.7
201465.4
201674.3
201770.9
201365.7
201365.7
201571.4
201571.4
201465.4
201465.4
201365.7
201571.4
201571.4
201674.3
201674.3
201465.4
201674.3
201770.9
201571.4
201770.9
201674.3
201465.4
201265.9
201365.7
201365.7
201060.2
201163.1
201060.2
200754.7
200854.4
200654.9
200449.2
200548.9
200654.9
200654.9
200654.9
200143.7
200548.9
200548.9
200143.7
199838.2
200143.7
200040.8
199838.2
199532.7
199532.7
199432.9
199227.2
199738.4
198719.1
199027.7
199124.3
198516.4
198307.6
198008.3
197902.3
197702.8
197294.4
196886.1
196985.8
196480.8
195969.5
195660.9
195159.0
194753.8
194445.2
194544.9
193933.9
193425.8
193223.2
192917.7
192512.4
191898.3
191387.0
191489.9
191084.6
190779.1
190373.9
190065.3
189965.5
189660.0
189254.8
188643.8
188438.0
188335.1
187727.3
187624.4
187322.0
187421.8
186601.9
186505.3
186196.6
185791.4
184974.6
184775.1
184669.1
183858.6
183550.0
183041.9
182942.1
182328.0
181617.2
181411.5
181109.1
180597.9
180395.2
179887.1
179584.7
179481.8
179179.5
178665.1
178459.4
177954.3
177648.8
176938.1
177037.8
176732.3
176218.0
175613.2
175102.0
175310.8
174291.4
174085.7
173985.9
173577.6
172863.7
172558.2
171744.6
171538.8
171336.2
171336.2
170728.3
170316.8
169811.8
169606.1
169400.3
169101.0
168795.5
168586.7
168284.3
167670.2
167570.4
167264.9
167364.7
167062.3
166448.2
166042.9
165534.8
165534.8
165023.5
164512.3
164213.0
163701.8
163193.7
162785.3
162685.5
161971.6
161769.0
161363.8
160649.9
160344.4
159527.6
159122.4
158611.1
157997.0
157392.3
156983.9
156678.4
156270.0
155456.4
154848.5
154131.5
153723.1
153115.2
152710.0
152201.9
151488.0
150671.2
150063.3
149658.1
149044.0
149044.0
148127.5
147616.2
147211.0
146706.0
146500.2
146091.8
145480.8
144664.1
144156.0
143853.6
143142.8
142422.7
142123.4
141515.6
141001.2
140489.9
140290.4
139373.9
139168.2
138457.4
137843.3
137232.3
136827.0
136421.8
135711.0
135199.8
135096.9
134489.0
133775.2
133469.7
132958.4
132858.6
132347.4
132041.9
131633.5
131228.3
130620.4
130215.1
130215.1
129806.8
129295.5
129089.8
128485.0
128379.0
127668.2
126954.4
126854.6
126648.9
125835.2
125632.6
124921.9
124815.9
124307.7
123294.6
123085.7
122680.5
122269.0
121764.0
121458.5
121252.7
120641.7
120033.8
119728.3
119426.0
119014.5
118200.8
117995.1
117589.8
116978.8
116570.5
116268.1
116059.2
115962.6
115348.5
114843.4
114737.5
114332.2
113721.2
113412.6
113216.2
112499.2
112296.6
111994.2
111177.4
110974.8
110363.8
110158.1
109649.9
109042.0
108530.8
108321.9
107816.9
107205.9
107106.2
106289.4
105983.9
105678.4
105270.0
104459.5
104256.9
103543.0
103031.8
102420.8
102015.5
101610.3
101205.0
100590.9
100179.4
99471.8
99471.8
98552.1
98349.5
97944.2
97336.4
96924.9
96416.7
95805.7
95603.1
95294.5
94789.5
94075.6
93969.6
93467.7
92548.1
92548.1
92242.6
92036.9
91425.9
91020.6
90917.7
90512.5
90101.0
90004.3
89393.3
88985.0
88985.0
88682.6
88579.7
88473.7
88171.3
87968.7
87865.8
87763.0
87357.7
87152.0
86846.5
86235.5
86441.2
86035.9
86035.9
85627.6
85421.8
85016.6
84711.1
84505.3
84100.1
83694.8
83894.3
83283.3
82977.8
82977.8
82678.5
82369.9
81858.7
81858.7
81762.0
81453.4
80945.3
80742.7
80636.7
80331.2
80331.2
79720.2
79826.2
79620.4
79414.7
78906.5
78806.8
78501.3
78298.7
78195.8
78195.8
77787.4
77684.5
77073.5
76668.3
76768.0
76362.8
75854.7
76160.2
75748.7
75246.8
75140.8
75037.9
74835.3
74632.7
74327.1
73815.9
73616.4
73513.5
73204.9
73105.1
72593.9
72188.6
72593.9
72188.6
71986.0
72088.9
71474.8
71378.1
71272.1
71272.1
71069.5
71069.5
70966.6
70664.3
70664.3
70358.8
70153.0
70153.0
69747.8
69542.0
69542.0
69037.0
68931.0
68931.0
68625.5
68525.7
68422.9
68117.4
68014.5
67509.5
67606.1
67509.5
66998.2
66895.4
66689.6
66689.6
66795.6
66490.1
66689.6
66689.6
66895.4
66795.6
66895.4
66895.4
66490.1
66895.4
66795.6
67200.9
66998.2
67406.6
66895.4
67406.6
67509.5
67606.1
67709.0
67606.1
67815.0
67303.7
67606.1
67815.0
67709.0
68014.5
68014.5
67815.0
68014.5
67709.0
67914.7
67914.7
67815.0
68014.5
68117.4
68014.5
67914.7
67914.7
68014.5
68422.9
68014.5
68117.4
68220.2
68117.4
68320.0
68320.0
68422.9
68220.2
68014.5
68320.0
68525.7
68220.2
68014.5
68320.0
68014.5
68117.4
68220.2
68117.4
67914.7
68117.4
68320.0
68117.4
68220.2
68220.2
68220.2
68220.2
68320.0
68220.2
68525.7
68320.0
68117.4
68525.7
68625.5
68625.5
69136.7
68828.1
68831.2
69136.7
69336.3
69336.3
69542.0
69336.3
69644.9
69950.4
69847.5
70053.3
70053.3
70252.8
70558.3
70358.8
70358.8
70461.6
70561.4
70764.0
70966.6
70764.0
71069.5
70866.9
71378.1
71577.6
71783.4
71683.6
72088.9
72294.6
72394.4
72294.6
72899.4
72899.4
73005.4
73410.6
73616.4
74121.4
74121.4
74430.0
74632.7
75037.9
75037.9
75446.3
75343.4
75854.7
76160.2
75957.5
76462.5
76462.5
76874.0
77279.3
77279.3
77787.4
77893.4
78092.9
78395.3
78604.2
78604.2
79009.4
79720.2
79720.2
80128.6
80437.2
80636.7
80636.7
81250.8
81250.8
81762.0
82167.3
82572.6
82775.2
82878.1
83180.4
83180.4
83588.8
84199.8
83588.8
84305.8
84305.8
84711.1
84605.1
85016.6
85219.2
85219.2
85524.7
85933.1
85727.3
86035.9
86235.5
86235.5
86338.3
86338.3
86952.4
86746.7
86746.7
87049.1
87257.9
87257.9
87457.5
87865.8
87865.8
88171.3
87865.8
88171.3
88473.7
88779.2
89087.8
89904.6
89798.6
90101.0
90715.1
90715.1
90917.7
91425.9
91631.6
91837.3
92242.6
92548.1
92956.5
92956.5
93361.7
93564.4
94278.2
94178.5
94381.1
94789.5
95095.0
95095.0
95805.7
95805.7
96111.2
96416.7
96416.7
96924.9
97433.0
97433.0
97838.3
98146.9
98658.1
98757.9
99368.9
99368.9
99983.0
100590.9
100896.4
100793.5
101610.3
102015.5
102218.1
102420.8
102420.8
102726.3
103543.0
103440.1
103848.5
104048.0
104353.5
104864.8
104967.7
105173.4
105678.4
105678.4
106289.4
106594.9
107205.9
107106.2
107511.4
107816.9
107916.7
108733.4
108733.4
108836.3
109447.3
109649.9
110058.3
110563.3
110563.3
111074.6
111380.1
111688.7
111994.2
111994.2
112602.1
112804.7
113007.3
113412.6
113315.9
113515.4
113923.8
113923.8
114126.4
114537.9
114637.7
114843.4
115248.7
115451.3
115451.3
115859.7
115859.7
115962.6
116059.2
116673.3
116470.7
116879.1
117384.1
117284.3
117895.3
117792.5
118200.8
117995.1
118705.8
118609.2
119217.1
119117.3
119320.0
119927.9
119927.9
119927.9
120136.7
120641.7
120947.2
120844.4
121358.7
121358.7
121863.7
121764.0
122169.2
122375.0
122574.5
122883.1
122986.0
123491.0
123699.9
123491.0
124204.9
124616.4
124921.9
125529.7
125426.9
125835.2
126243.6
126549.1
126751.7
127462.5
127668.2
127973.8
128379.0
128581.6
129089.8
129501.3
129906.5
130006.3
130411.5
130517.5
130823.0
131131.6
131131.6
131842.4
131633.5
131842.4
132041.9
132347.4
132144.8
132553.1
132758.9
132652.9
133469.7
133164.2
133469.7
133775.2
133977.8
133775.2
133977.8
134386.2
134791.4
134489.0
135096.9
135096.9
135405.5
135405.5
135711.0
135913.7
136216.0
136013.4
136521.5
136727.3
136933.0
136933.0
137232.3
137646.9
137232.3
138052.2
137843.3
138148.8
138148.8
138148.8
138457.4
138457.4
138762.9
138862.7
139168.2
138862.7
138965.6
139274.2
139579.7
139168.2
139473.7
139373.9
139473.7
139579.7
139779.2
139882.1
139984.9
139882.1
140390.2
139779.2
140489.9
140290.4
140695.7
140695.7
141001.2
141409.6
141104.1
141206.9
141409.6
141515.6
142017.4
142017.4
142017.4
141711.9
142223.2
142017.4
142422.7
142223.2
142422.7
142223.2
142731.3
142933.9
142528.7
142837.3
143142.8
143647.8
143142.8
143647.8
143750.7
143750.7
143853.6
143853.6
144358.6
144567.4
144869.8
144869.8
145075.6
145075.6
145278.2
145480.8
145683.5
145989.0
145886.1
145789.4
146194.7
146194.7
146091.8
146294.5
146706.0
146500.2
146600.0
146706.0
146706.0
147011.5
147111.2
146905.5
147011.5
147111.2
147111.2
147011.5
147211.0
147310.7
147310.7
147111.2
147516.5
147310.7
147416.7
147310.7
147310.7
147310.7
147011.5
147111.2
147211.0
147011.5
147011.5
146802.6
146706.0
146500.2
146905.5
146706.0
146397.3
146194.7
146500.2
146194.7
146091.8
145989.0
145886.1
145886.1
145989.0
145580.6
145886.1
145789.4
145683.5
145580.6
145480.8
145580.6
145580.6
145480.8
145683.5
145683.5
145480.8
145683.5
145480.8
145480.8
145381.1
145886.1
145683.5
145580.6
145886.1
145683.5
145278.2
145580.6
144972.7
145278.2
145278.2
145381.1
145075.6
144869.8
144972.7
144664.1
144869.8
144358.6
144358.6
144664.1
144156.0
144258.8
144358.6
144358.6
143953.3
143953.3
143853.6
144056.2
143853.6
144156.0
143750.7
143953.3
143750.7
143953.3
143445.2
143853.6
143647.8
143750.7
143548.1
144156.0
143647.8
143548.1
144056.2
143445.2
143853.6
143445.2
143853.6
143647.8
143548.1
143445.2
143342.3
143036.8
142837.3
142731.3
142837.3
142528.7
142528.7
142731.3
142528.7
142223.2
142123.4
142326.1
142326.1
141817.9
141612.2
141306.7
141104.1
141306.7
140901.4
140901.4
140595.9
140390.2
140390.2
139882.1
139779.2
139579.7
139579.7
139473.7
138862.7
138965.6
138965.6
138357.7
138254.8
138357.7
137843.3
137646.9
137438.0
137540.9
136827.0
136827.0
136627.5
136421.8
136216.0
136013.4
135711.0
135605.0
135302.7
135199.8
134894.3
134691.7
134588.8
134691.7
133874.9
134080.7
134080.7
134080.7
133469.7
133366.8
133267.0
133569.4
133366.8
133267.0
132958.4
132758.9
132553.1
132652.9
132652.9
132144.8
132247.6
132041.9
131942.1
131633.5
131739.5
131331.1
131228.3
130922.8
130922.8
130823.0
130620.4
130411.5
130311.8
130006.3
130112.3
130311.8
129700.8
129906.5
129806.8
129601.0
129295.5
129295.5
128890.3
128581.6
128890.3
128379.0
128279.3
128279.3
127768.0
127462.5
127768.0
127668.2
127057.2
126648.9
126346.5
126648.9
126346.5
126137.6
125632.6
125632.6
125632.6
125529.7
125426.9
125021.6
124815.9
124616.4
124616.4
124410.6
124105.1
124204.9
123899.4
123699.9
123391.2
123491.0
123294.6
122883.1
122986.0
122986.0
122269.0
122069.5
122169.2
121863.7
121458.5
121358.7
121053.2
120947.2
120333.1
120333.1
120033.8
119927.9
119622.4
119117.3
119014.5
118506.3
118300.6
117995.1
117589.8
117490.1
116978.8
116978.8
116470.7
116673.3
116470.7
116268.1
115451.3
115451.3
115142.7
114943.2
114843.4
114843.4
114432.0
114026.7
114232.4
113721.2
113824.1
113721.2
113412.6
113621.4
113315.9
113216.2
112701.8
112602.1
112602.1
112190.6
112296.6
112190.6
111994.2
111785.3
112093.9
111585.8
111280.3
111074.6
111177.4
111074.6
110868.8
110563.3
110463.6
110463.6
110257.8
110257.8
109952.3
110158.1
109752.8
109649.9
109347.5
109347.5
109241.6
109042.0
108836.3
109042.0
108530.8
108427.9
108427.9
108222.2
108222.2
107816.9
107614.3
107614.3
107411.7
107106.2
107000.2
106903.5
106694.7
106800.7
106594.9
105983.9
105478.9
105983.9
105270.0
105173.4
105270.0
104864.8
104256.9
104559.3
104256.9
103948.3
103745.7
103237.5
103745.7
103237.5
103237.5
102420.8
102726.3
102420.8
102218.1
102218.1
101809.8
101809.8
101610.3
101710.0
101099.0
100793.5
100793.5
100996.1
100388.3
100388.3
100388.3
100079.6
99877.0
99877.0
99471.8
99368.9
99063.4
98857.6
98658.1
98658.1
98452.4
98246.6
98146.9
97944.2
97944.2
97638.7
97127.5
97127.5
97433.0
96722.2
96924.9
96616.3
96722.2
96519.6
96416.7
96416.7
96211.0
96011.5
95702.9
95603.1
95702.9
95500.2
95500.2
95500.2
95500.2
95194.7
95194.7
95095.0
94889.2
94989.0
94480.9
94683.5
94683.5
94381.1
94583.7
94480.9
94683.5
94278.2
94381.1
94480.9
94381.1
94381.1
94480.9
94480.9
94480.9
94583.7
94178.5
94889.2
94381.1
94278.2
94381.1
94178.5
93873.0
94075.6
93873.0
93564.4
93467.7
93564.4
93258.9
93056.2
92647.9
92853.6
92853.6
92753.8
92548.1
92448.3
92342.4
92036.9
92142.8
91837.3
91631.6
91734.5
91631.6
91226.3
91326.1
91326.1
91326.1
91020.6
91126.6
90917.7
90821.1
90715.1
90512.5
90715.1
90409.6
90512.5
90101.0
90207.0
89904.6
90101.0
90004.3
89695.7
89695.7
89393.3
89599.1
89695.7
89798.6
89496.2
89190.7
89496.2
89290.5
88985.0
89290.5
88985.0
88985.0
88885.2
88885.2
88885.2
88985.0
89087.8
89190.7
88779.2
89087.8
88985.0
88985.0
89087.8
89190.7
88885.2
88985.0
88779.2
88682.6
88885.2
88985.0
89190.7
89087.8
89087.8
88885.2
89087.8
89087.8
89190.7
88885.2
89190.7
89087.8
88885.2
88779.2
89190.7
88885.2
88779.2
88579.7
89290.5
89190.7
88885.2
89190.7
89496.2
89190.7
89290.5
89496.2
89496.2
89496.2
89393.3
89599.1
89695.7
89798.6
89599.1
90309.8
90101.0
89904.6
90207.0
90409.6
90207.0
90207.0
90409.6
90615.3
90409.6
90004.3
90101.0
90207.0
90715.1
90309.8
90821.1
90309.8
90715.1
90715.1
90715.1
90309.8
90409.6
90512.5
90715.1
90512.5
90207.0
90409.6
90409.6
90207.0
90309.8
90512.5
90309.8
90409.6
90309.8
90512.5
90101.0
90207.0
90207.0
90101.0
90101.0
90207.0
90101.0
90615.3
90101.0
90101.0
90101.0
90309.8
90309.8
90207.0
90309.8
90615.3
90207.0
90512.5
90409.6
90821.1
90512.5
90821.1
90715.1
91226.3
91226.3
91020.6
91531.8
91326.1
91531.8
91631.6
91734.5
92036.9
92242.6
92448.3
92448.3
92448.3
92753.8
92753.8
92753.8
92753.8
92753.8
93159.1
93056.2
93056.2
93564.4
93159.1
93564.4
93467.7
93667.2
93361.7
93773.2
93969.6
93873.0
94075.6
94381.1
94480.9
94583.7
94789.5
94889.2
94989.0
95194.7
94989.0
95194.7
95603.1
95294.5
95194.7
95805.7
95702.9
96011.5
96317.0
96317.0
96111.2
96722.2
96211.0
96722.2
96416.7
96722.2
96825.1
96722.2
96825.1
97027.7
97127.5
97027.7
97535.9
97535.9
97127.5
97433.0
97336.4
97230.4
97944.2
97944.2
97838.3
97838.3
97944.2
97638.7
98246.6
98047.1
98452.4
98246.6
98047.1
98349.5
98757.9
98963.6
98857.6
98757.9
98452.4
99269.1
99063.4
99368.9
99269.1
99471.8
99163.1
99471.8
99774.1
99471.8
99571.5
99774.1
99674.4
99574.6
100079.6
99674.4
99877.0
100079.6
99983.0
100388.3
100285.4
100179.4
100793.5
100693.8
100388.3
100484.9
100896.4
100896.4
101099.0
101915.8
101710.0
101710.0
101710.0
101809.8
101915.8
102420.8
102526.8
102623.4
102832.3
103440.1
103337.3
103543.0
103642.8
103440.1
103848.5
104353.5
103948.3
104662.2
104662.2
104768.1
104768.1
105173.4
105372.9
105270.0
105578.7
105884.2
105478.9
106086.8
106086.8
106189.7
106289.4
106594.9
106289.4
106694.7
106694.7
106492.0
107106.2
107308.8
107205.9
107308.8
107511.4
107308.8
107000.2
107614.3
107614.3
107717.2
107511.4
107717.2
107916.7
107916.7
107816.9
108022.7
108125.5
107717.2
107916.7
108125.5
108427.9
108022.7
108836.3
108836.3
108733.4
108936.0
109042.0
109347.5
109138.7
109042.0
109042.0
109447.3
109852.6
109852.6
109852.6
109952.3
109952.3
109752.8
110058.3
110363.8
110158.1
110257.8
110669.3
110563.3
110463.6
110669.3
110669.3
110563.3
110868.8
110563.3
111074.6
110868.8
110772.2
110868.8
111074.6
111177.4
111380.1
111380.1
111280.3
111479.8
111479.8
111688.7
111888.2
112093.9
112296.6
112296.6
112399.4
112093.9
112296.6
112399.4
112499.2
112804.7
113110.2
113007.3
113315.9
113515.4
113621.4
113621.4
113621.4
113515.4
113923.8
114232.4
114026.7
114332.2
114332.2
114232.4
114232.4
114637.7
114637.7
115046.1
114737.5
115248.7
115248.7
115248.7
115451.3
115756.8
115756.8
115962.6
115962.6
116059.2
116367.8
116570.5
116570.5
116773.1
116879.1
116773.1
116978.8
117078.6
116879.1
116879.1
117284.3
117184.6
117384.1
117284.3
117490.1
117284.3
116978.8
117384.1
117078.6
117184.6
117384.1
117078.6
117184.6
117184.6
116978.8
117078.6
116978.8
116978.8
117184.6
117184.6
116978.8
117078.6
117184.6
116978.8
116773.1
117384.1
117078.6
117284.3
117078.6
117384.1
117284.3
117384.1
117284.3
117589.8
117284.3
117692.7
117284.3
117384.1
117692.7
117284.3
117792.5
117895.3
117895.3
117692.7
117792.5
117995.1
118300.6
118200.8
118101.1
118101.1
117995.1
118101.1
118300.6
118609.2
118200.8
118406.6
118506.3
118300.6
118811.8
118506.3
118406.6
118300.6
118705.8
118506.3
118811.8
118406.6
118811.8
119117.3
118811.8
119014.5
118506.3
118705.8
119014.5
119117.3
119117.3
119117.3
119117.3
119117.3
118914.7
118705.8
119014.5
119522.6
119426.0
119217.1
119522.6
119426.0
119622.4
119728.3
119320.0
119622.4
119927.9
119728.3
119728.3
120033.8
120033.8
119522.6
119927.9
120136.7
119728.3
119927.9
120236.5
119831.2
120033.8
119831.2
120236.5
119831.2
119927.9
119728.3
119927.9
119927.9
120033.8
119831.2
119728.3
119426.0
119622.4
119728.3
119320.0
119217.1
119117.3
118914.7
119014.5
119320.0
118811.8
118609.2
119014.5
118811.8
119014.5
118705.8
119117.3
118705.8
118609.2
118811.8
118506.3
118300.6
118609.2
118200.8
118101.1
118200.8
117792.5
117995.1
117792.5
117792.5
118101.1
117792.5
117995.1
117692.7
117384.1
117490.1
117384.1
117490.1
117284.3
117284.3
117589.8
117284.3
117384.1
117284.3
117384.1
117589.8
117184.6
117184.6
117284.3
117078.6
117384.1
117490.1
117589.8
117692.7
117490.1
117589.8
117384.1
117895.3
117692.7
117490.1
117692.7
117792.5
117589.8
117589.8
117284.3
117589.8
117490.1
117490.1
117490.1
117490.1
117692.7
117184.6
117284.3
116673.3
117490.1
116879.1
116879.1
116879.1
116773.1
116673.3
116470.7
116470.7
116470.7
116470.7
116570.5
116470.7
116367.8
116268.1
116268.1
116367.8
115859.7
116165.2
115859.7
115962.6
115859.7
115859.7
115859.7
115962.6
116059.2
115756.8
115557.3
115962.6
115654.0
115248.7
115046.1
115142.7
115046.1
115142.7
114843.4
114737.5
114843.4
114537.9
114637.7
114737.5
113824.1
114232.4
114332.2
114026.7
114126.4
113923.8
113621.4
113515.4
113721.2
113412.6
113216.2
113007.3
113110.2
112910.7
112602.1
112296.6
112499.2
112499.2
112190.6
112399.4
112093.9
111888.2
111479.8
111994.2
111688.7
111994.2
111688.7
111280.3
111479.8
111380.1
111280.3
111074.6
111380.1
110868.8
110974.8
110868.8
110772.2
110868.8
110868.8
110974.8
110868.8
111074.6
110772.2
110463.6
110463.6
110669.3
110363.8
110772.2
110463.6
110772.2
110868.8
110363.8
110463.6
110158.1
110058.3
110463.6
110463.6
109852.6
110463.6
110058.3
110257.8
109852.6
109649.9
109852.6
109752.8
110257.8
109752.8
109543.9
109752.8
109752.8
109241.6
109138.7
109042.0
109138.7
108936.0
109241.6
108836.3
108733.4
108936.0
108733.4
108125.5
108222.2
108427.9
108022.7
108022.7
108022.7
108022.7
107717.2
107717.2
107308.8
107308.8
107205.9
106903.5
107000.2
106694.7
106594.9
106594.9
106189.7
106289.4
106395.4
105781.3
105478.9
105678.4
105678.4
105173.4
105781.3
105372.9
105478.9
105067.4
105270.0
105372.9
105270.0
104967.7
104768.1
104559.3
104662.2
104768.1
104459.5
104559.3
104459.5
104459.5
104154.0
104154.0
104154.0
104048.0
103848.5
103848.5
103745.7
103237.5
103642.8
103131.5
103131.5
103131.5
103237.5
102832.3
102726.3
102726.3
103031.8
102420.8
102623.4
102015.5
102218.1
102115.3
102218.1
102015.5
102015.5
101610.3
102115.3
102115.3
101710.0
101710.0
101809.8
101610.3
101809.8
101504.3
101610.3
101710.0
101915.8
101809.8
101915.8
101809.8
101504.3
101610.3
101401.4
101710.0
101301.6
101301.6
101809.8
101301.6
101099.0
101301.6
100996.1
100996.1
101301.6
101401.4
100996.1
100793.5
100484.9
100996.1
100484.9
100896.4
100484.9
100484.9
100388.3
100388.3
100285.4
99983.0
99571.5
99983.0
99674.4
99674.4
99774.1
99471.8
99269.1
98963.6
99163.1
99063.4
98857.6
98757.9
98552.1
98246.6
98658.1
98246.6
98452.4
98146.9
98246.6
97741.6
97741.6
97838.3
97336.4
98047.1
97336.4
97336.4
97336.4
97433.0
97336.4
97027.7
97230.4
97127.5
97027.7
96924.9
96616.3
96924.9
96722.2
96416.7
96924.9
96519.6
96616.3
96519.6
96616.3
96616.3
96317.0
96519.6
96416.7
96317.0
96111.2
96011.5
96416.7
96317.0
95905.5
96416.7
96416.7
95905.5
96211.0
96011.5
96111.2
96011.5
96317.0
95905.5
95805.7
95805.7
96211.0
96111.2
95805.7
96416.7
95905.5
95702.9
95500.2
95905.5
95603.1
95805.7
95905.5
95702.9
95702.9
95805.7
95500.2
95500.2
95400.5
95702.9
95194.7
95400.5
95095.0
95095.0
95500.2
95400.5
95294.5
95294.5
95194.7
95294.5
95095.0
95294.5
95400.5
94989.0
95294.5
95603.1
95400.5
95400.5
95500.2
94989.0
95095.0
95194.7
94789.5
95294.5
95400.5
94989.0
95294.5
95095.0
94889.2
94989.0
94480.9
95095.0
94583.7
94178.5
94278.2
94683.5
94381.1
94683.5
93969.6
93873.0
93773.2
93667.2
93773.2
93773.2
93773.2
93667.2
93564.4
93564.4
93361.7
93467.7
93159.1
93361.7
93258.9
93159.1
93056.2
93361.7
93258.9
93056.2
93159.1
93667.2
93467.7
93361.7
93258.9
93467.7
93258.9
93467.7
93159.1
93467.7
93564.4
93667.2
93467.7
93564.4
93467.7
92956.5
93467.7
93773.2
93467.7
93361.7
93467.7
93564.4
93564.4
93467.7
93773.2
93467.7
93873.0
93667.2
93667.2
93873.0
93667.2
94278.2
94178.5
94075.6
94075.6
94075.6
93969.6
94381.1
94178.5
94278.2
94075.6
94278.2
93969.6
94381.1
94480.9
94075.6
94480.9
93969.6
94278.2
94278.2
94381.1
93969.6
94178.5
94480.9
94381.1
94278.2
94278.2
93969.6
94381.1
94075.6
94381.1
94381.1
94075.6
93873.0
94583.7
94683.5
94075.6
94278.2
94889.2
94178.5
94583.7
94480.9
94075.6
94178.5
94683.5
94381.1
94278.2
94278.2
94583.7
94480.9
94381.1
94381.1
94075.6
94178.5
94075.6
94381.1
94381.1
94480.9
94178.5
94278.2
94075.6
94381.1
94278.2
94480.9
94278.2
94583.7
94278.2
94480.9
94381.1
94075.6
94480.9
94480.9
94480.9
94178.5
94381.1
94480.9
94381.1
94381.1
94480.9
94480.9
94583.7
94278.2
94178.5
94480.9
94480.9
94789.5
94789.5
94480.9
94789.5
94889.2
94583.7
94683.5
94889.2
94889.2
94683.5
94989.0
95194.7
95500.2
95400.5
95603.1
95294.5
95702.9
95702.9
95905.5
95905.5
95905.5
96211.0
96111.2
96011.5
96011.5
96616.3
96416.7
96825.1
96616.3
96616.3
96825.1
96924.9
96924.9
97027.7
96616.3
96825.1
97027.7
96825.1
97027.7
96825.1
96722.2
96924.9
96924.9
97027.7
97127.5
97127.5
97027.7
96825.1
96924.9
97230.4
97127.5
96825.1
96924.9
97027.7
97230.4
97230.4
97433.0
97027.7
97535.9
97433.0
97230.4
97336.4
97336.4
97638.7
97433.0
97433.0
97535.9
97230.4
97336.4
97535.9
97741.6
97336.4
97638.7
97336.4
97638.7
97638.7
97535.9
97336.4
97741.6
97741.6
97433.0
97433.0
97433.0
97535.9
97433.0
98047.1
97944.2
97741.6
98349.5
98146.9
97838.3
98146.9
98047.1
97944.2
98246.6
98047.1
98246.6
98349.5
98349.5
98658.1
98246.6
98349.5
98552.1
98757.9
98349.5
98757.9
98658.1
98757.9
98963.6
98857.6
98757.9
99063.4
98963.6
98452.4
99269.1
98757.9
99269.1
99163.1
99269.1
99471.8
99368.9
99471.8
99368.9
99774.1
99774.1
99774.1
100179.4
99983.0
99983.0
100179.4
100285.4
100388.3
100484.9
100693.8
100793.5
100590.9
100693.8
100693.8
100484.9
100793.5
100996.1
100996.1
100793.5
101099.0
101205.0
101301.6
100996.1
101401.4
101301.6
101205.0
100996.1
101099.0
101301.6
101301.6
101301.6
101205.0
101301.6
101710.0
101504.3
101401.4
101401.4
101301.6
101301.6
101301.6
101504.3
101301.6
100996.1
101205.0
101205.0
101301.6
101205.0
101099.0
100896.4
101099.0
100996.1
101099.0
101301.6
101301.6
101205.0
101301.6
101205.0
101099.0
101205.0
101205.0
101504.3
101504.3
101504.3
101610.3
101710.0
101401.4
101809.8
101710.0
101610.3
101915.8
101809.8
101610.3
101915.8
102115.3
102115.3
102115.3
101809.8
102015.5
102015.5
101915.8
102218.1
102218.1
102218.1
102420.8
102218.1
102420.8
102623.4
102420.8
102526.8
102526.8
102623.4
102832.3
102726.3
102832.3
102726.3
102526.8
102526.8
103031.8
102932.0
102726.3
102623.4
103237.5
103031.8
103440.1
103440.1
103031.8
103543.0
103337.3
103237.5
103543.0
103543.0
103745.7
103440.1
103745.7
103745.7
103745.7
104048.0
103543.0
103745.7
103543.0
103745.7
103745.7
103948.3
103848.5
103848.5
104048.0
103848.5
103948.3
103745.7
103848.5
104048.0
104048.0
103745.7
104048.0
103745.7
103948.3
103948.3
104256.9
104048.0
104048.0
103848.5
104048.0
103948.3
104048.0
103948.3
103745.7
103948.3
104154.0
104256.9
103848.5
103745.7
103745.7
103745.7
103543.0
103745.7
103543.0
103948.3
103543.0
103543.0
103948.3
103848.5
103337.3
103237.5
103440.1
103543.0
103642.8
103440.1
103237.5
103337.3
103031.8
103237.5
103848.5
103337.3
103237.5
103337.3
103337.3
103440.1
103440.1
103543.0
103543.0
103337.3
103745.7
103440.1
103642.8
103440.1
103543.0
103642.8
103642.8
103745.7
103642.8
103848.5
104048.0
103948.3
104048.0
103948.3
104154.0
104154.0
104353.5
104048.0
104154.0
104048.0
104154.0
104256.9
104459.5
104353.5
104768.1
104353.5
104353.5
104662.2
104768.1
104353.5
104559.3
103848.5
104353.5
104256.9
104256.9
104353.5
104154.0
104353.5
104353.5
103948.3
104154.0
104353.5
104154.0
104559.3
104048.0
104048.0
103745.7
103948.3
104154.0
103948.3
104048.0
103745.7
103948.3
103948.3
104256.9
103948.3
103948.3
103642.8
103948.3
104048.0
103848.5
103848.5
103848.5
103543.0
103848.5
103948.3
103543.0
103848.5
103543.0
103642.8
103642.8
103440.1
103543.0
103440.1
103543.0
103440.1
103131.5
103031.8
103031.8
102932.0
102526.8
103131.5
102932.0
102726.3
102726.3
102832.3
102832.3
102726.3
102526.8
102420.8
102726.3
102623.4
102420.8
102526.8
102623.4
102526.8
102526.8
102115.3
102726.3
102218.1
102218.1
102623.4
102218.1
102420.8
102526.8
102526.8
102218.1
102420.8
102218.1
102526.8
102623.4
102115.3
102321.0
102420.8
102420.8
102420.8
102420.8
102321.0
102218.1
102115.3
102115.3
102420.8
102218.1
102015.5
102420.8
102321.0
102726.3
102321.0
102420.8
102420.8
102420.8
102321.0
102321.0
102420.8
102321.0
102623.4
102218.1
102420.8
102115.3
102526.8
102218.1
102623.4
102321.0
101809.8
102218.1
102218.1
102218.1
102218.1
102218.1
101915.8
101915.8
102015.5
101610.3
101610.3
101610.3
101610.3
101205.0
101610.3
101401.4
101504.3
101205.0
101099.0
100896.4
101205.0
100693.8
101205.0
100793.5
100484.9
100590.9
100793.5
100285.4
100590.9
100590.9
100590.9
100590.9
100484.9
100285.4
100285.4
100285.4
100285.4
99983.0
100285.4
100079.6
100079.6
99983.0
99674.4
99774.1
99983.0
99674.4
99877.0
100079.6
99774.1
99471.8
99983.0
99674.4
99471.8
99774.1
99571.5
99163.1
99571.5
99571.5
99571.5
99269.1
99571.5
99269.1
99163.1
99269.1
99163.1
99163.1
99163.1
99163.1
99269.1
99163.1
98963.6
98963.6
98963.6
98552.1
98658.1
98757.9
98757.9
98757.9
98552.1
98552.1
98963.6
98857.6
98349.5
98349.5
98452.4
98963.6
98857.6
98658.1
98757.9
98757.9
98552.1
98757.9
98757.9
98963.6
98757.9
98857.6
98658.1
98658.1
98857.6
98658.1
98757.9
98146.9
98963.6
98552.1
98246.6
98452.4
98452.4
97944.2
98246.6
98146.9
98047.1
98047.1
97838.3
97838.3
97741.6
97638.7
97944.2
97433.0
97838.3
97638.7
97638.7
97230.4
97230.4
97127.5
97336.4
97027.7
97027.7
97230.4
97638.7
96924.9
96924.9
96825.1
97027.7
96616.3
96416.7
96416.7
96317.0
96317.0
96519.6
96317.0
96111.2
96211.0
96317.0
96211.0
95905.5
95905.5
95905.5
96111.2
95702.9
95905.5
95603.1
95603.1
95500.2
95500.2
95400.5
95603.1
95400.5
95702.9
95500.2
95603.1
95400.5
95400.5
95400.5
95702.9
95500.2
95294.5
95603.1
95702.9
95603.1
95400.5
95400.5
95500.2
95400.5
95194.7
95805.7
95702.9
95294.5
95905.5
95500.2
95500.2
95194.7
95194.7
95294.5
95194.7
95194.7
95194.7
94889.2
95294.5
95294.5
94989.0
95095.0
95095.0
94789.5
94889.2
94989.0
94583.7
94889.2
94789.5
94583.7
94480.9
94889.2
94789.5
94583.7
94583.7
94989.0
94683.5
94583.7
94480.9
94683.5
94178.5
94480.9
94278.2
94381.1
94583.7
94178.5
94683.5
94178.5
94480.9
94583.7
94583.7
94178.5
94683.5
94178.5
93873.0
94381.1
93773.2
94075.6
93773.2
93773.2
94075.6
93873.0
93667.2
93667.2
93667.2
93773.2
93564.4
93467.7
93361.7
93258.9
93159.1
93056.2
93159.1
92956.5
92647.9
92853.6
92448.3
92753.8
92448.3
92548.1
92753.8
92647.9
92342.4
92647.9
92753.8
92548.1
92548.1
92548.1
92448.3
92448.3
92548.1
92548.1
92448.3
92342.4
92448.3
92242.6
92548.1
92548.1
92342.4
92242.6
92448.3
92548.1
92647.9
92548.1
92548.1
92448.3
92647.9
92548.1
92342.4
92448.3
92956.5
92647.9
92342.4
92342.4
92548.1
92753.8
92448.3
92342.4
92853.6
92647.9
92448.3
92448.3
92448.3
92548.1
92647.9
92448.3
92548.1
92448.3
92647.9
92548.1
92647.9
92242.6
92753.8
92647.9
92753.8
92142.8
92956.5
92342.4
92342.4
92448.3
92548.1
92342.4
92647.9
92342.4
92142.8
92242.6
92448.3
92448.3
92142.8
91937.1
91937.1
92036.9
91734.5
91837.3
92036.9
91631.6
91937.1
91837.3
91837.3
91734.5
91734.5
91734.5
91837.3
91425.9
91937.1
92036.9
91734.5
91837.3
91531.8
91837.3
91734.5
91631.6
91631.6
91734.5
91531.8
91531.8
91837.3
91326.1
91837.3
91631.6
91326.1
91531.8
91531.8
91531.8
91326.1
91226.3
91226.3
91531.8
91326.1
91020.6
91020.6
91425.9
91020.6
91126.6
91126.6
90917.7
91020.6
90917.7
90917.7
91326.1
90917.7
91020.6
91126.6
91126.6
91126.6
91226.3
91326.1
91326.1
91425.9
91226.3
91226.3
91425.9
91531.8
91531.8
91531.8
91631.6
91734.5
91937.1
92036.9
91631.6
91631.6
91937.1
91734.5
91734.5
91837.3
91837.3
91837.3
91937.1
92242.6
92142.8
92242.6
91837.3
92142.8
91734.5
91837.3
92036.9
92036.9
91837.3
92142.8
92036.9
92036.9
91734.5
91937.1
91837.3
91734.5
91734.5
92142.8
91837.3
91837.3
92142.8
91425.9
91837.3
91937.1
91531.8
91531.8
91734.5
91631.6
91425.9
91837.3
91837.3
91425.9
91531.8
91531.8
91326.1
91425.9
91531.8
91226.3
91425.9
91326.1
91326.1
91326.1
91631.6
91531.8
91226.3
91631.6
91531.8
91326.1
91326.1
91631.6
91531.8
91837.3
91425.9
91326.1
91734.5
91326.1
91425.9
91425.9
91226.3
91631.6
91631.6
91326.1
91631.6
91631.6
91425.9
91631.6
91226.3
91631.6
91937.1
91531.8
91631.6
91734.5
91734.5
91734.5
91631.6
91425.9
91734.5
91837.3
92036.9
91837.3
91425.9
91837.3
91734.5
92242.6
92142.8
91937.1
92036.9
92036.9
92036.9
91937.1
92342.4
92242.6
92448.3
92036.9
92342.4
92036.9
92142.8
92142.8
92548.1
92142.8
92647.9
92548.1
92548.1
92242.6
92342.4
92448.3
92548.1
92753.8
92448.3
92242.6
92448.3
92647.9
92647.9
92853.6
92853.6
92956.5
93056.2
92853.6
92956.5
93056.2
92956.5
92853.6
92956.5
92548.1
92548.1
92956.5
93056.2
92647.9
92647.9
92753.8
92753.8
92956.5
93056.2
92548.1
92647.9
92853.6
92647.9
92242.6
92448.3
92342.4
92342.4
92647.9
92448.3
92548.1
92036.9
92548.1
92342.4
92448.3
92242.6
92448.3
92548.1
92242.6
92242.6
92242.6
92242.6
92753.8
92448.3
92342.4
92956.5
92142.8
92448.3
92448.3
92647.9
92753.8
92647.9
92753.8
92753.8
92956.5
92853.6
92753.8
92853.6
92853.6
92647.9
92753.8
92956.5
92853.6
92956.5
92956.5
93056.2
93056.2
92753.8
92956.5
93258.9
93361.7
93159.1
92853.6
93361.7
93258.9
93056.2
93467.7
93159.1
93258.9
93361.7
93258.9
93258.9
93467.7
93467.7
93361.7
93361.7
93467.7
93564.4
93467.7
93667.2
93467.7
93667.2
93467.7
93467.7
93361.7
93564.4
93667.2
93873.0
93773.2
93667.2
93873.0
93773.2
93564.4
93873.0
93873.0
93873.0
93873.0
93773.2
93969.6
94075.6
93564.4
93667.2
93873.0
93969.6
93773.2
93873.0
93969.6
94075.6
93873.0
93873.0
94075.6
93773.2
93667.2
93873.0
93467.7
93969.6
94075.6
93873.0
93667.2
93969.6
93773.2
93467.7
93667.2
93667.2
93873.0
93361.7
93667.2
93361.7
93467.7
93564.4
93467.7
93873.0
93564.4
93467.7
93258.9
93361.7
93564.4
93564.4
93667.2
93159.1
93667.2
93564.4
93361.7
93564.4
93467.7
93667.2
93564.4
93564.4
93564.4
93564.4
93467.7
93467.7
93564.4
93667.2
93667.2
93773.2
93773.2
93773.2
93773.2
94075.6
93564.4
94075.6
93773.2
93873.0
94583.7
94075.6
94178.5
94178.5
94178.5
94278.2
93969.6
94480.9
94178.5
94278.2
94480.9
94683.5
94381.1
94583.7
94683.5
94075.6
94278.2
94381.1
94480.9
94480.9
94480.9
94683.5
94278.2
94583.7
94075.6
94480.9
94278.2
94683.5
94178.5
94075.6
94178.5
94278.2
94583.7
94480.9
94278.2
94381.1
94381.1
94178.5
94480.9
94075.6
94480.9
93969.6
94278.2
94278.2
94178.5
94381.1
94480.9
94381.1
94381.1
94178.5
94278.2
94381.1
94278.2
93873.0
94278.2
94075.6
94178.5
94278.2
94178.5
93773.2
93773.2
93873.0
93873.0
93873.0
93969.6
94075.6
94075.6
93873.0
93969.6
93969.6
93467.7
94075.6
94075.6
94075.6
93564.4
93969.6
93969.6
93773.2
93773.2
93969.6
93667.2
93564.4
93773.2
93667.2
93773.2
93564.4
93667.2
93667.2
93564.4
93564.4
93773.2
93564.4
93667.2
93667.2
93873.0
93773.2
93969.6
93969.6
93773.2
93564.4
93564.4
93667.2
93467.7
93564.4
93667.2
93667.2
93873.0
93969.6
93773.2
93667.2
94178.5
93969.6
93773.2
94075.6
93873.0
94075.6
94480.9
94075.6
94178.5
94075.6
93969.6
93969.6
94075.6
94278.2
94178.5
93873.0
93969.6
93873.0
94075.6
94480.9
94381.1
93873.0
93873.0
93969.6
93773.2
94075.6
93969.6
94278.2
93773.2
93969.6
93969.6
93773.2
93467.7
93773.2
93564.4
93969.6
94075.6
93667.2
93467.7
93361.7
93467.7
93564.4
93467.7
93361.7
93467.7
93361.7
93056.2
93056.2
92956.5
93056.2
92956.5
93056.2
92853.6
93056.2
93159.1
92753.8
93159.1
93258.9
92853.6
92647.9
92753.8
92853.6
93258.9
92853.6
92956.5
92956.5
92753.8
93258.9
93159.1
93258.9
92956.5
93056.2
92753.8
93056.2
92753.8
92956.5
92753.8
93056.2
92647.9
92448.3
92753.8
92853.6
92548.1
93056.2
92753.8
92448.3
92548.1
92548.1
92753.8
92753.8
92342.4
92342.4
92548.1
92647.9
92548.1
92647.9
92342.4
92548.1
92753.8
92548.1
92448.3
92548.1
92548.1
92647.9
92853.6
92548.1
92448.3
92647.9
93056.2
92853.6
92448.3
92448.3
92753.8
92548.1
92548.1
92753.8
92548.1
92753.8
92342.4
92548.1
92342.4
92647.9
92448.3
92448.3
92548.1
92753.8
92647.9
92342.4
92448.3
92548.1
92853.6
92548.1
92448.3
92342.4
92548.1
92647.9
92242.6
92342.4
92142.8
92142.8
92242.6
92036.9
91837.3
91937.1
92342.4
92142.8
91837.3
91837.3
91631.6
91631.6
91937.1
91734.5
91837.3
91531.8
91531.8
91326.1
91326.1
91126.6
91226.3
91126.6
90917.7
91226.3
91126.6
91326.1
91126.6
91326.1
90917.7
91226.3
91020.6
90821.1
90821.1
91226.3
90615.3
90821.1
90715.1
90821.1
90917.7
90715.1
90615.3
90917.7
91020.6
90917.7
90715.1
90615.3
90821.1
91020.6
90917.7
91020.6
90715.1
90917.7
90715.1
91020.6
91226.3
90917.7
90821.1
91020.6
91020.6
91326.1
91020.6
90821.1
91226.3
90821.1
91126.6
91126.6
90715.1
90615.3
91126.6
91126.6
91020.6
90715.1
91020.6
90917.7
90821.1
90917.7
90821.1
90409.6
90409.6
90409.6
90821.1
90409.6
90615.3
90615.3
90409.6
90409.6
90512.5
90309.8
90309.8
90207.0
90409.6
90715.1
90101.0
90309.8
90309.8
90409.6
90309.8
90615.3
90309.8
90409.6
90004.3
90004.3
90004.3
90309.8
90207.0
90309.8
89904.6
90512.5
90101.0
90004.3
90207.0
90101.0
89904.6
89695.7
89695.7
90004.3
89904.6
89695.7
89798.6
89904.6
89904.6
89496.2
89087.8
89393.3
89087.8
89496.2
89190.7
89087.8
89087.8
89190.7
89190.7
88985.0
89087.8
89393.3
88985.0
89290.5
88885.2
89087.8
88985.0
88885.2
88779.2
88985.0
88779.2
89087.8
89290.5
88985.0
88885.2
88885.2
88985.0
88682.6
88779.2
88779.2
89190.7
89087.8
88682.6
88779.2
88985.0
88579.7
88885.2
88885.2
89190.7
88779.2
88885.2
89290.5
88885.2
88885.2
88885.2
88779.2
89087.8
89087.8
88885.2
88779.2
89290.5
89190.7
88985.0
88885.2
88985.0
89190.7
88779.2
88885.2
88885.2
88885.2
88473.7
89190.7
88985.0
89190.7
88579.7
88779.2
88779.2
89190.7
88682.6
88779.2
88682.6
88473.7
88579.7
88682.6
88579.7
88473.7
88274.2
88579.7
88274.2
88473.7
88374.0
88171.3
88274.2
88171.3
87968.7
87968.7
88274.2
88171.3
88274.2
88068.5
88068.5
88274.2
88068.5
87865.8
88171.3
87865.8
88068.5
88171.3
87457.5
87663.2
87968.7
88068.5
87968.7
87663.2
87865.8
87763.0
88068.5
87560.3
88068.5
87865.8
87865.8
87865.8
88068.5
87865.8
87560.3
87357.7
87663.2
87763.0
87357.7
87763.0
87560.3
87763.0
87663.2
87763.0
87560.3
87663.2
87357.7
87663.2
87357.7
87457.5
87560.3
87457.5
87357.7
87357.7
87357.7
87357.7
87049.1
87357.7
87357.7
87257.9
87152.0
87357.7
87663.2
87257.9
87257.9
87560.3
87457.5
87457.5
87457.5
87357.7
87663.2
87560.3
87560.3
87763.0
87457.5
87968.7
87763.0
87457.5
87663.2
87865.8
87968.7
87663.2
87763.0
87763.0
87663.2
87763.0
87257.9
87560.3
87457.5
87457.5
87357.7
87663.2
87457.5
87357.7
87152.0
87560.3
87357.7
87357.7
87257.9
87357.7
87457.5
87457.5
87257.9
87457.5
87357.7
87357.7
87152.0
87457.5
87257.9
87152.0
87152.0
87357.7
86952.4
86952.4
87049.1
86952.4
87457.5
87152.0
87152.0
86952.4
86746.7
87049.1
86541.0
86643.8
86643.8
86541.0
86746.7
86746.7
86643.8
86441.2
86541.0
86746.7
86643.8
86338.3
86541.0
86441.2
86541.0
86441.2
86643.8
86441.2
86441.2
86441.2
86541.0
86746.7
86952.4
86746.7
87049.1
86746.7
86643.8
86746.7
86643.8
86541.0
86746.7
86541.0
86643.8
86846.5
86846.5
86541.0
86846.5
86746.7
86952.4
86746.7
86541.0
86952.4
86846.5
86846.5
86952.4
86643.8
86846.5
86235.5
86746.7
87049.1
87152.0
86746.7
87049.1
86952.4
86746.7
87049.1
87049.1
87152.0
86952.4
87049.1
86952.4
86846.5
86746.7
86846.5
87049.1
87049.1
86746.7
87049.1
86746.7
86746.7
86746.7
87049.1
87152.0
86846.5
87152.0
87152.0
87049.1
86746.7
86846.5
86952.4
86846.5
87049.1
87152.0
86846.5
87049.1
87152.0
86952.4
86643.8
86846.5
86746.7
87049.1
86952.4
86846.5
86846.5
86541.0
86643.8
86441.2
86643.8
86541.0
86338.3
86338.3
86441.2
86235.5
86541.0
86338.3
86235.5
86643.8
86746.7
86441.2
86441.2
86441.2
86235.5
86441.2
86035.9
86338.3
86441.2
86235.5
86235.5
86441.2
86135.7
86235.5
86338.3
86441.2
86441.2
86541.0
86338.3
86338.3
86338.3
86235.5
86643.8
86541.0
86541.0
86541.0
86441.2
86643.8
86338.3
86746.7
86746.7
86846.5
86541.0
86643.8
86541.0
86952.4
86541.0
86846.5
86643.8
86952.4
86846.5
86846.5
86541.0
86952.4
86846.5
86643.8
86846.5
86952.4
87049.1
86643.8
86846.5
86952.4
86846.5
86952.4
86746.7
86643.8
86746.7
87049.1
86846.5
87049.1
86643.8
87049.1
86952.4
87152.0
87049.1
86952.4
86643.8
86952.4
87049.1
86643.8
86846.5
86746.7
86846.5
87049.1
86746.7
86441.2
86541.0
86643.8
86746.7
86746.7
86746.7
86441.2
86846.5
86952.4
86846.5
86643.8
86338.3
86441.2
86846.5
86846.5
86643.8
86846.5
86643.8
86846.5
86441.2
86541.0
86643.8
87049.1
86441.2
86846.5
86235.5
86541.0
86746.7
86541.0
86643.8
86541.0
86338.3
86441.2
86643.8
86541.0
86338.3
86441.2
86441.2
86441.2
86643.8
86441.2
86338.3
86541.0
86338.3
86643.8
86541.0
86235.5
86338.3
86746.7
86441.2
86035.9
86235.5
86235.5
86643.8
86441.2
86338.3
86235.5
86338.3
86441.2
86541.0
86643.8
86746.7
86746.7
86643.8
86746.7
86541.0
86952.4
86746.7
86643.8
86643.8
86846.5
87049.1
86952.4
87152.0
86846.5
87152.0
86846.5
86952.4
86952.4
87049.1
87152.0
87049.1
86746.7
87257.9
86643.8
86952.4
87152.0
86643.8
87049.1
87049.1
87257.9
86952.4
86746.7
86846.5
86643.8
87152.0
86846.5
86746.7
86746.7
86541.0
86846.5
86846.5
86846.5
86643.8
86643.8
86643.8
86541.0
86643.8
86746.7
86541.0
86846.5
86541.0
86846.5
86846.5
86643.8
86746.7
86846.5
86441.2
86643.8
86746.7
86643.8
86541.0
86338.3
86541.0
86846.5
86541.0
86441.2
86541.0
86338.3
86338.3
86541.0
86235.5
86541.0
86235.5
86441.2
86643.8
86746.7
86338.3
86541.0
86441.2
86235.5
86135.7
86643.8
86541.0
86541.0
86643.8
86541.0
86235.5
86746.7
86441.2
86746.7
86338.3
86746.7
86541.0
86746.7
86746.7
86338.3
86746.7
86643.8
86643.8
86135.7
86338.3
86441.2
86441.2
86338.3
86235.5
86338.3
86846.5
86746.7
86135.7
86541.0
86441.2
86338.3
86338.3
86846.5
86235.5
86846.5
86643.8
86746.7
86643.8
86746.7
86643.8
86746.7
86952.4
86541.0
86441.2
86952.4
86746.7
86643.8
86846.5
86746.7
86541.0
86846.5
86746.7
86746.7
87152.0
86643.8
87049.1
86441.2
86746.7
86846.5
86746.7
87049.1
86846.5
86746.7
86338.3
86746.7
86541.0
86541.0
86746.7
86541.0
86338.3
86541.0
86441.2
86338.3
86746.7
86135.7
86135.7
86235.5
86035.9
86441.2
86441.2
86135.7
86235.5
86035.9
86235.5
86235.5
86135.7
86035.9
86441.2
86135.7
86135.7
85827.1
85933.1
86135.7
86035.9
86235.5
85933.1
85627.6
86338.3
85727.3
85827.1
86338.3
86035.9
86135.7
86035.9
86035.9
86135.7
85933.1
85933.1
85524.7
85727.3
86135.7
85933.1
86235.5
86135.7
86135.7
86441.2
85827.1
86135.7
86441.2
86338.3
86035.9
86135.7
85933.1
86135.7
86035.9
85727.3
85933.1
86235.5
85933.1
86035.9
85933.1
85933.1
86035.9
86235.5
86135.7
86235.5
86338.3
86035.9
86235.5
86135.7
86235.5
85827.1
86135.7
86135.7
86135.7
86135.7
86541.0
86035.9
85627.6
86135.7
86135.7
85933.1
86235.5
85933.1
86035.9
86035.9
86035.9
85827.1
86338.3
85933.1
86035.9
86235.5
86135.7
85933.1
86035.9
86035.9
85827.1
86135.7
85933.1
85727.3
86035.9
85933.1
85827.1
86135.7
85933.1
85827.1
85727.3
85727.3
85219.2
85827.1
85827.1
85627.6
85933.1
85219.2
85016.6
85727.3
85727.3
85524.7
85727.3
85219.2
85627.6
85016.6
85219.2
85322.1
85016.6
85016.6
85322.1
84813.9
85219.2
85116.3
85116.3
85219.2
84910.6
84813.9
85016.6
85116.3
84711.1
85524.7
85116.3
84910.6
85016.6
85016.6
85322.1
84910.6
84711.1
85016.6
85016.6
85524.7
85219.2
85322.1
84910.6
84910.6
85219.2
85219.2
85524.7
85219.2
85219.2
85219.2
85322.1
85322.1
85627.6
85219.2
85219.2
85524.7
85219.2
84910.6
85219.2
85219.2
85322.1
85116.3
85524.7
85219.2
85421.8
85116.3
85116.3
85322.1
85116.3
85219.2
85016.6
85524.7
85219.2
85219.2
84813.9
84711.1
84910.6
85116.3
85116.3
84711.1
84605.1
84910.6
85116.3
85322.1
84813.9
84813.9
85016.6
85116.3
84813.9
84505.3
84605.1
84605.1
84605.1
84813.9
84813.9
84605.1
85016.6
84505.3
84305.8
84813.9
84813.9
84813.9
84305.8
84605.1
84605.1
84605.1
84305.8
84199.8
84305.8
84305.8
84505.3
84305.8
84100.1
84100.1
84100.1
84305.8
84505.3
83794.6
84199.8
84199.8
84199.8
84100.1
83894.3
84199.8
83997.2
83794.6
83997.2
83997.2
84199.8
83894.3
83997.2
84305.8
83894.3
83794.6
83997.2
83997.2
83894.3
84100.1
83894.3
84100.1
84100.1
83997.2
83588.8
83997.2
84405.6
83694.8
83794.6
83997.2
84199.8
83894.3
83997.2
83794.6
83997.2
84199.8
83997.2
84199.8
84305.8
83894.3
83894.3
84305.8
84305.8
83794.6
84199.8
83997.2
83694.8
83894.3
83997.2
83894.3
83997.2
83588.8
83894.3
83997.2
84199.8
83894.3
83997.2
83794.6
84199.8
83997.2
83894.3
83997.2
83997.2
83894.3
84405.6
83694.8
83794.6
83997.2
83894.3
83694.8
83489.1
83894.3
83694.8
83794.6
83283.3
83894.3
83588.8
83283.3
83489.1
83180.4
83283.3
83180.4
83489.1
82878.1
83489.1
83283.3
83083.8
82878.1
83180.4
83180.4
83283.3
82878.1
83283.3
82977.8
83083.8
83180.4
83283.3
83283.3
83180.4
83283.3
83180.4
83389.3
83283.3
83180.4
83180.4
83283.3
82977.8
83283.3
83283.3
82878.1
82775.2
82878.1
82977.8
83283.3
82977.8
83083.8
82977.8
82775.2
82878.1
83083.8
82977.8
83180.4
82878.1
82878.1
82572.6
82977.8
82878.1
82572.6
82572.6
83083.8
82572.6
82369.9
82878.1
82678.5
82678.5
82977.8
82977.8
82977.8
82977.8
82878.1
82878.1
82878.1
82977.8
82977.8
82775.2
82572.6
83083.8
83180.4
83083.8
82878.1
83389.3
82878.1
83180.4
82878.1
82878.1
83083.8
82775.2
82977.8
82878.1
82977.8
82572.6
83083.8
83180.4
82878.1
82775.2
82472.8
82878.1
82775.2
82775.2
82572.6
82678.5
82572.6
82678.5
82678.5
82572.6
82572.6
82977.8
82678.5
82369.9
82472.8
82472.8
82369.9
82369.9
82572.6
82572.6
82263.9
82472.8
82167.3
82263.9
82472.8
82472.8
82263.9
82263.9
82263.9
82263.9
82263.9
82263.9
82263.9
81958.4
82064.4
81762.0
82263.9
82064.4
81858.7
82064.4
81762.0
81762.0
82064.4
81553.2
81958.4
82064.4
81858.7
82064.4
82369.9
81858.7
81762.0
82167.3
81656.1
81858.7
81958.4
81762.0
82263.9
82369.9
82167.3
81958.4
81858.7
82064.4
82167.3
81858.7
82064.4
82167.3
82167.3
81858.7
81858.7
81858.7
82167.3
82167.3
81958.4
82167.3
82167.3
82167.3
81958.4
82167.3
82369.9
82263.9
81958.4
81958.4
81858.7
81958.4
81762.0
81958.4
82064.4
82167.3
81762.0
82064.4
81858.7
81762.0
81453.4
81762.0
81553.2
81762.0
81858.7
81762.0
81656.1
81958.4
81762.0
81762.0
81958.4
81553.2
81858.7
81858.7
81958.4
81958.4
82064.4
81858.7
81656.1
81453.4
81553.2
81858.7
81958.4
81858.7
81762.0
81958.4
81858.7
81656.1
81656.1
81958.4
81762.0
81858.7
81553.2
81762.0
81453.4
81656.1
81350.6
81553.2
81350.6
81350.6
81553.2
81453.4
81453.4
81250.8
81250.8
81147.9
81250.8
81147.9
81350.6
81048.2
81048.2
81250.8
81147.9
81350.6
81250.8
81147.9
81250.8
81453.4
81250.8
80945.3
81250.8
81250.8
81147.9
81147.9
81250.8
81350.6
81453.4
81048.2
81350.6
81453.4
81147.9
81250.8
81350.6
81048.2
81553.2
81350.6
81147.9
81250.8
81250.8
81048.2
81250.8
81453.4
81762.0
81350.6
81553.2
81656.1
81250.8
80945.3
81453.4
81656.1
81553.2
81656.1
81350.6
81350.6
81553.2
81350.6
81553.2
81453.4
81762.0
81656.1
81553.2
81350.6
81453.4
81453.4
81350.6
81250.8
81250.8
81350.6
81656.1
81453.4
81147.9
81453.4
81147.9
81147.9
80842.4
81350.6
81350.6
81250.8
81350.6
81250.8
81453.4
81250.8
81147.9
81048.2
81350.6
80742.7
80945.3
81147.9
81147.9
81048.2
81147.9
80742.7
81147.9
81147.9
80945.3
80742.7
80945.3
80842.4
80945.3
80636.7
81147.9
81048.2
80945.3
80842.4
80842.4
80842.4
80842.4
81147.9
80945.3
81048.2
80945.3
80842.4
81147.9
81147.9
80636.7
80842.4
80945.3
81147.9
80842.4
80742.7
80842.4
80742.7
80945.3
80842.4
80945.3
80742.7
80437.2
80742.7
80742.7
80945.3
80945.3
80842.4
80742.7
80536.9
80842.4
80636.7
80742.7
80842.4
80742.7
81048.2
81048.2
80742.7
80742.7
80842.4
81250.8
80945.3
80842.4
80945.3
80945.3
80842.4
81147.9
81147.9
81147.9
80945.3
81147.9
80945.3
81453.4
81048.2
81553.2
81250.8
81350.6
81453.4
80945.3
81048.2
81350.6
81048.2
81250.8
81048.2
80842.4
80945.3
80842.4
80945.3
81250.8
80842.4
80842.4
80742.7
80945.3
81147.9
80842.4
80636.7
81250.8
80742.7
80842.4
81048.2
81048.2
80742.7
80742.7
80842.4
80742.7
80842.4
80742.7
80842.4
80842.4
81147.9
80742.7
80742.7
80437.2
81048.2
80536.9
80636.7
80636.7
80437.2
80536.9
80742.7
80636.7
80842.4
80636.7
80636.7
80231.4
80536.9
80437.2
80437.2
80536.9
80437.2
80536.9
80636.7
80742.7
80231.4
80536.9
80437.2
80437.2
80636.7
80636.7
80536.9
80636.7
80231.4
80231.4
80842.4
80536.9
80437.2
80536.9
80536.9
80437.2
80231.4
80636.7
80945.3
80331.2
80331.2
80536.9
80536.9
80331.2
80025.7
80536.9
80636.7
80742.7
80742.7
80636.7
80231.4
80536.9
80128.6
80437.2
80636.7
80842.4
80636.7
80636.7
80536.9
80331.2
80437.2
80636.7
80437.2
80437.2
80331.2
80536.9
80536.9
80536.9
80842.4
80742.7
80636.7
80636.7
80536.9
80742.7
80536.9
80536.9
80742.7
80536.9
80536.9
80536.9
80636.7
80945.3
80536.9
80331.2
80331.2
80536.9
80437.2
80536.9
80636.7
80636.7
80842.4
80331.2
80945.3
80437.2
80536.9
80437.2
80536.9
80636.7
80128.6
80331.2
80536.9
80231.4
80437.2
80331.2
80437.2
80231.4
80025.7
79826.2
80128.6
80331.2
80025.7
79826.2
79826.2
80128.6
80128.6
79620.4
79925.9
80231.4
80231.4
80025.7
79925.9
79925.9
80128.6
80231.4
80231.4
80025.7
80128.6
80128.6
79925.9
80128.6
80128.6
80231.4
80128.6
80025.7
80128.6
80128.6
80025.7
80231.4
80331.2
80128.6
80025.7
80128.6
79826.2
80331.2
80025.7
80331.2
80025.7
80128.6
80331.2
80025.7
80025.7
80025.7
80231.4
80128.6
80128.6
80128.6
80128.6
80231.4
80128.6
80231.4
80128.6
80128.6
80231.4
80025.7
80231.4
80437.2
80025.7
80331.2
80231.4
80025.7
80231.4
80536.9
80128.6
80128.6
79826.2
80128.6
80025.7
80231.4
80128.6
80231.4
79925.9
80331.2
80128.6
79925.9
79826.2
80128.6
80437.2
79925.9
79925.9
79925.9
80025.7
80025.7
79925.9
79826.2
80128.6
79826.2
79720.2
80128.6
79720.2
79720.2
80025.7
80025.7
79720.2
79620.4
79826.2
79720.2
79826.2
79925.9
79720.2
79720.2
80025.7
80128.6
79720.2
79826.2
79720.2
79925.9
79925.9
79720.2
79826.2
79620.4
79414.7
79314.9
79314.9
79520.7
79520.7
79520.7
79620.4
79115.4
79620.4
79414.7
79414.7
79620.4
79520.7
79215.2
79215.2
79414.7
79215.2
79314.9
79314.9
79414.7
79115.4
79414.7
79720.2
79115.4
79215.2
79520.7
79620.4
79620.4
79520.7
79620.4
79520.7
79826.2
79720.2
79314.9
79115.4
79720.2
79720.2
79720.2
79826.2
79215.2
79720.2
79414.7
79520.7
79414.7
80025.7
79826.2
79826.2
79314.9
79620.4
79620.4
79520.7
79520.7
79314.9
79115.4
79520.7
79620.4
79414.7
79414.7
79414.7
79414.7
79414.7
79414.7
79215.2
79314.9
79414.7
79414.7
79115.4
79314.9
79414.7
79115.4
79115.4
79414.7
79314.9
79314.9
79215.2
79115.4
79215.2
79009.4
79215.2
79009.4
79314.9
79215.2
79414.7
78906.5
79009.4
79215.2
78906.5
79115.4
79009.4
78806.8
78906.5
79314.9
78906.5
78806.8
79009.4
79009.4
79215.2
78906.5
78906.5
79009.4
78703.9
79009.4
78604.2
78806.8
78604.2
79115.4
78703.9
78501.3
78298.7
78703.9
78501.3
78906.5
78604.2
78298.7
79009.4
79009.4
78703.9
78806.8
78806.8
78604.2
78703.9
78604.2
78806.8
78906.5
78703.9
78906.5
78806.8
78501.3
78806.8
78806.8
78604.2
78703.9
78703.9
78395.3
78501.3
78604.2
78703.9
78806.8
78703.9
78604.2
78395.3
78395.3
78806.8
78806.8
78501.3
78501.3
78501.3
78906.5
78703.9
78703.9
78604.2
78501.3
78604.2
78604.2
78703.9
78703.9
78604.2
78703.9
78806.8
78703.9
79009.4
78703.9
78604.2
78501.3
78604.2
78906.5
78906.5
79009.4
78703.9
78806.8
78703.9
78195.8
78501.3
78604.2
78501.3
78501.3
78298.7
77990.0
78298.7
78195.8
78501.3
78298.7
78298.7
77990.0
78298.7
78092.9
77893.4
78298.7
78395.3
78298.7
78298.7
77893.4
78092.9
77893.4
77893.4
77787.4
78298.7
78195.8
78195.8
78298.7
78298.7
77584.8
77787.4
78092.9
78195.8
78298.7
77990.0
77893.4
78092.9
77893.4
77584.8
78092.9
77893.4
77893.4
77990.0
77990.0
77990.0
77990.0
77893.4
77990.0
78092.9
77893.4
77990.0
77584.8
77893.4
78092.9
78092.9
77684.5
78092.9
77893.4
77584.8
77990.0
77684.5
77990.0
77893.4
77584.8
78092.9
77684.5
77787.4
77990.0
77990.0
77787.4
78092.9
77990.0
77787.4
77584.8
77893.4
77684.5
77893.4
77893.4
77893.4
77787.4
78195.8
77893.4
77990.0
77893.4
77584.8
77787.4
77787.4
77893.4
77990.0
77684.5
77684.5
77485.0
77787.4
77684.5
77787.4
77584.8
77787.4
77893.4
77584.8
77684.5
77684.5
77893.4
77584.8
77485.0
77684.5
77787.4
77787.4
77893.4
77684.5
77382.2
77787.4
77584.8
77893.4
77382.2
77382.2
77485.0
77279.3
77382.2
77179.5
77584.8
77279.3
77684.5
77584.8
77485.0
77073.5
77279.3
77073.5
77485.0
77382.2
77073.5
77279.3
77073.5
77279.3
76768.0
76973.8
77073.5
76973.8
77073.5
76973.8
77279.3
77382.2
77279.3
77279.3
77073.5
76874.0
76874.0
77279.3
76874.0
77179.5
76973.8
77382.2
76973.8
77279.3
77073.5
77073.5
77073.5
77382.2
76768.0
77073.5
77179.5
77485.0
77179.5
76768.0
77279.3
77073.5
76874.0
77073.5
77179.5
77073.5
76874.0
77179.5
77279.3
76874.0
77073.5
77382.2
77073.5
76973.8
76874.0
76973.8
77073.5
77179.5
76668.3
76874.0
76973.8
77073.5
76874.0
77073.5
76668.3
77279.3
77179.5
76768.0
77073.5
76668.3
76768.0
77279.3
76973.8
76668.3
76973.8
76768.0
76768.0
76973.8
77073.5
76874.0
76768.0
77179.5
76768.0
76362.8
76973.8
76668.3
76874.0
76874.0
76973.8
76973.8
76362.8
76768.0
76768.0
76768.0
76874.0
76668.3
76462.5
76462.5
76462.5
76973.8
76362.8
76568.5
76362.8
76568.5
76362.8
76259.9
76568.5
76568.5
76462.5
76568.5
76462.5
76259.9
76160.2
76362.8
76362.8
76259.9
76259.9
76057.3
76362.8
76259.9
76259.9
76362.8
76160.2
76057.3
76160.2
76160.2
76462.5
76362.8
76462.5
76462.5
76259.9
76259.9
76362.8
76362.8
76568.5
75854.7
76057.3
76362.8
76462.5
76259.9
76568.5
76462.5
76362.8
76462.5
76462.5
76362.8
76362.8
76362.8
76362.8
76768.0
76160.2
76768.0
76362.8
76057.3
76057.3
76362.8
76462.5
76259.9
76668.3
76362.8
76362.8
76259.9
76362.8
76160.2
76568.5
76259.9
76057.3
76568.5
76462.5
76362.8
76568.5
76568.5
76568.5
76160.2
76462.5
76259.9
76362.8
76259.9
76568.5
76462.5
75957.5
76259.9
76057.3
75957.5
76057.3
75957.5
75652.0
76160.2
76057.3
76057.3
75751.8
75957.5
75854.7
76057.3
76160.2
76057.3
76160.2
76362.8
76160.2
76259.9
75957.5
75854.7
76160.2
75446.3
75854.7
75751.8
76057.3
76160.2
75854.7
75854.7
75854.7
76057.3
75957.5
75751.8
75652.0
76057.3
75751.8
75751.8
75957.5
75957.5
75957.5
75652.0
75854.7
76160.2
75748.7
75854.7
75957.5
76057.3
75652.0
75652.0
75854.7
75748.7
75652.0
75446.3
75751.8
75652.0
75652.0
75549.2
75446.3
75343.4
75549.2
75854.7
75652.0
75549.2
75549.2
75549.2
75854.7
75854.7
75854.7
75652.0
75748.7
75957.5
75751.8
75549.2
75549.2
75957.5
76057.3
75751.8
75748.7
75957.5
75854.7
75854.7
75652.0
75854.7
75751.8
75549.2
75652.0
75957.5
75751.8
75957.5
76160.2
75549.2
75751.8
75854.7
75957.5
75751.8
75854.7
75957.5
75549.2
75957.5
75748.7
75748.7
75652.0
75957.5
75446.3
75957.5
76057.3
75446.3
75957.5
75246.8
75549.2
75446.3
75549.2
75748.7
75549.2
75246.8
75246.8
75652.0
75549.2
75246.8
75343.4
75549.2
75549.2
75446.3
75343.4
75140.8
75652.0
75246.8
75037.9
75246.8
75343.4
75246.8
75343.4
75246.8
75446.3
75343.4
75246.8
75140.8
75343.4
75446.3
75246.8
75246.8
75246.8
75652.0
75246.8
75140.8
75246.8
75343.4
74938.2
75037.9
75037.9
75140.8
75549.2
75343.4
75140.8
75549.2
75246.8
75343.4
75140.8
75549.2
75140.8
75246.8
75446.3
75246.8
75343.4
75343.4
75343.4
75246.8
75343.4
75246.8
75246.8
75246.8
75246.8
75246.8
75343.4
75446.3
75652.0
75140.8
75246.8
75549.2
74835.3
75140.8
75140.8
75140.8
75140.8
75037.9
75446.3
75140.8
75037.9
75140.8
75446.3
75140.8
75037.9
75343.4
75446.3
75140.8
75246.8
75246.8
75343.4
75140.8
75446.3
75446.3
75140.8
75140.8
75446.3
75446.3
75246.8
75140.8
74938.2
75246.8
75037.9
75037.9
75246.8
75037.9
75343.4
75343.4
74835.3
75343.4
75037.9
75140.8
74632.7
75037.9
74938.2
75037.9
74735.5
74938.2
75037.9
74735.5
74938.2
75037.9
74835.3
74632.7
74735.5
74835.3
74835.3
74938.2
74430.0
74735.5
74835.3
74632.7
74735.5
74735.5
74835.3
74632.7
74938.2
74835.3
74632.7
74526.7
74430.0
74526.7
74835.3
75037.9
74526.7
74735.5
74526.7
74735.5
74938.2
74938.2
75037.9
74835.3
74526.7
74835.3
74835.3
74526.7
75037.9
75037.9
74835.3
75037.9
74632.7
74632.7
74735.5
74835.3
74835.3
74735.5
74938.2
74835.3
74735.5
74938.2
74632.7
74735.5
74632.7
74632.7
74735.5
75037.9
74938.2
74632.7
74938.2
74835.3
74735.5
74835.3
74835.3
74735.5
74735.5
74835.3
74938.2
74632.7
74735.5
74632.7
74735.5
74632.7
74526.7
74735.5
74835.3
74632.7
74526.7
74526.7
74632.7
74632.7
74526.7
74526.7
74632.7
74526.7
74227.4
74430.0
74327.1
74526.7
74227.4
74632.7
74430.0
74735.5
74430.0
74735.5
74835.3
74227.4
74632.7
74632.7
74632.7
74327.1
74735.5
74430.0
74227.4
74735.5
74632.7
74430.0
74227.4
74526.7
74735.5
74227.4
74227.4
74526.7
74121.4
74327.1
74327.1
74121.4
74227.4
74227.4
74121.4
74227.4
74121.4
74430.0
74227.4
74227.4
74227.4
74227.4
74024.8
74024.8
73815.9
74121.4
74227.4
74227.4
74430.0
74024.8
74227.4
74327.1
73815.9
74327.1
74227.4
73815.9
74430.0
74024.8
74121.4
74430.0
74632.7
73815.9
74327.1
74327.1
73921.9
74227.4
74430.0
74121.4
74227.4
74024.8
73815.9
74430.0
74526.7
74632.7
74327.1
74526.7
74227.4
74632.7
74327.1
74121.4
74526.7
74121.4
74227.4
74121.4
74121.4
74227.4
74430.0
74121.4
74227.4
74024.8
74430.0
74227.4
74121.4
74430.0
73921.9
74227.4
74327.1
73815.9
73921.9
74121.4
73815.9
74024.8
73815.9
74121.4
73921.9
74121.4
74227.4
74327.1
73815.9
73716.1
73815.9
74227.4
73410.6
73815.9
73815.9
73815.9
73921.9
74024.8
74121.4
73815.9
73616.4
73716.1
73716.1
73921.9
73921.9
73815.9
73716.1
73815.9
73616.4
73410.6
73616.4
73716.1
73815.9
73616.4
73815.9
73815.9
73815.9
73815.9
73716.1
73716.1
73716.1
73616.4
73716.1
73513.5
73513.5
73616.4
73921.9
73616.4
73616.4
73616.4
73616.4
73410.6
73513.5
73815.9
73513.5
73410.6
73616.4
73815.9
73513.5
73616.4
73716.1
73513.5
73513.5
73513.5
73616.4
74121.4
73410.6
73815.9
73616.4
73410.6
73616.4
73410.6
73513.5
73716.1
73513.5
73513.5
73513.5
73513.5
73410.6
73616.4
73616.4
73410.6
73616.4
73616.4
74024.8
73513.5
73616.4
73616.4
73616.4
73716.1
73616.4
73204.9
73921.9
73513.5
73410.6
73616.4
73310.9
73616.4
73716.1
73513.5
73513.5
73616.4
73616.4
73513.5
73204.9
73204.9
73310.9
73410.6
73513.5
73310.9
73204.9
73815.9
73105.1
73204.9
73410.6
73105.1
73513.5
73105.1
73410.6
73310.9
73310.9
73105.1
73005.4
73204.9
73105.1
73204.9
73005.4
72699.9
73105.1
73310.9
73204.9
72899.4
73005.4
72799.6
73204.9
73204.9
73105.1
72899.4
73005.4
73005.4
72899.4
73105.1
73105.1
73513.5
73410.6
73105.1
73204.9
73204.9
73310.9
73005.4
72899.4
73204.9
73105.1
73204.9
73105.1
72899.4
73105.1
73204.9
73105.1
73005.4
73204.9
73005.4
73105.1
72799.6
72799.6
73105.1
73105.1
73005.4
73105.1
73005.4
73005.4
72899.4
72799.6
72699.9
72699.9
72593.9
72799.6
73105.1
73005.4
72799.6
73005.4
72799.6
72799.6
73204.9
73005.4
72899.4
72899.4
73005.4
72899.4
73105.1
72899.4
72799.6
72799.6
73204.9
72899.4
72899.4
72899.4
72699.9
73005.4
72899.4
72593.9
72494.1
73105.1
73105.1
73005.4
72799.6
72899.4
72899.4
72394.4
72699.9
72799.6
72799.6
72699.9
73005.4
72799.6
72593.9
72593.9
72699.9
72699.9
72394.4
72799.6
72188.6
72494.1
72394.4
72799.6
72394.4
72799.6
72494.1
72593.9
72593.9
72394.4
72699.9
72294.6
72394.4
72294.6
72593.9
72188.6
72294.6
71880.0
72294.6
72799.6
72394.4
72294.6
72394.4
71783.4
71986.0
72188.6
72394.4
72394.4
72494.1
72294.6
72294.6
71783.4
72394.4
72394.4
72394.4
72494.1
72088.9
72394.4
72494.1
72294.6
72088.9
72088.9
72188.6
72188.6
72294.6
72294.6
72494.1
72294.6
72294.6
72294.6
72494.1
72394.4
72394.4
72494.1
72294.6
72294.6
72188.6
72394.4
72394.4
72394.4
72188.6
71986.0
72494.1
72088.9
72088.9
72188.6
72088.9
71986.0
72394.4
72088.9
71986.0
72088.9
72294.6
72188.6
72394.4
72294.6
71880.0
71986.0
71880.0
71880.0
72088.9
71880.0
71783.4
72088.9
71986.0
72188.6
71783.4
71880.0
71986.0
71880.0
72088.9
72188.6
72188.6
71783.4
71986.0
71986.0
72088.9
71783.4
72188.6
71986.0
72088.9
72294.6
71683.6
72088.9
72088.9
71880.0
71986.0
71986.0
71783.4
71986.0
72088.9
71880.0
71577.6
71683.6
71474.8
71474.8
71783.4
71577.6
71683.6
71683.6
71783.4
71683.6
71474.8
71783.4
71783.4
72088.9
71880.0
71474.8
71474.8
71880.0
71683.6
71474.8
71378.1
71683.6
71577.6
71986.0
71577.6
71577.6
71683.6
71577.6
71577.6
71378.1
71986.0
71577.6
71474.8
71577.6
71683.6
71378.1
71880.0
71474.8
71683.6
71880.0
71577.6
71577.6
71783.4
71577.6
71783.4
71474.8
71683.6
71577.6
71577.6
71577.6
71378.1
71683.6
71783.4
71577.6
71880.0
71683.6
71577.6
71378.1
71474.8
71577.6
71474.8
71683.6
71683.6
71474.8
71683.6
71577.6
71683.6
71378.1
71683.6
71378.1
71577.6
71880.0
71272.1
71378.1
71069.5
71272.1
71172.4
71378.1
71474.8
71378.1
71378.1
70966.6
71378.1
71272.1
71272.1
71272.1
71783.4
71378.1
70966.6
71172.4
71172.4
70966.6
71272.1
71272.1
71172.4
71378.1
71378.1
70966.6
71378.1
71069.5
71069.5
71172.4
70966.6
71172.4
71069.5
71172.4
71272.1
71272.1
70866.9
71272.1
71069.5
70866.9
71069.5
71272.1
71172.4
70866.9
71378.1
70866.9
71069.5
70866.9
70966.6
70966.6
70966.6
71069.5
71069.5
71069.5
70966.6
71069.5
70866.9
70966.6
70966.6
70866.9
70966.6
71172.4
70966.6
70664.3
70664.3
71069.5
70966.6
70966.6
70764.0
71172.4
71069.5
70764.0
71069.5
70966.6
70966.6
71272.1
71378.1
71172.4
71272.1
70866.9
71069.5
71069.5
71172.4
70966.6
71272.1
70966.6
70866.9
70866.9
70966.6
71172.4
70966.6
70866.9
71378.1
70764.0
71272.1
70966.6
70966.6
71172.4
70966.6
70966.6
71069.5
70561.4
71172.4
70966.6
71069.5
71069.5
71069.5
70664.3
70866.9
70866.9
70866.9
70866.9
70866.9
70866.9
70764.0
70764.0
70461.6
70561.4
70764.0
70561.4
71069.5
70866.9
70461.6
70561.4
70358.8
70664.3
70561.4
70461.6
70664.3
70461.6
70764.0
70664.3
70461.6
70866.9
70866.9
70461.6
70461.6
70561.4
70558.3
70558.3
70153.0
70558.3
70358.8
70252.8
70866.9
70764.0
70558.3
70561.4
70558.3
70461.6
70764.0
70664.3
70558.3
70358.8
70461.6
70664.3
70664.3
70153.0
70764.0
70764.0
70358.8
70461.6
70461.6
70561.4
70764.0
70664.3
70561.4
70252.8
70358.8
70358.8
70664.3
70153.0
70664.3
70664.3
70461.6
70764.0
70358.8
70461.6
70461.6
70764.0
70461.6
70461.6
70664.3
70358.8
70252.8
70558.3
70358.8
70153.0
70358.8
70558.3
70252.8
70358.8
70252.8
70461.6
70252.8
70358.8
70358.8
70358.8
70358.8
70558.3
70561.4
70252.8
70461.6
70153.0
70461.6
70764.0
70664.3
70558.3
70461.6
70558.3
70252.8
70558.3
70358.8
70558.3
70358.8
70252.8
70461.6
70153.0
70358.8
70252.8
70153.0
70358.8
70153.0
70153.0
69747.8
70053.3
70153.0
70252.8
69847.5
70153.0
69847.5
70053.3
70664.3
69950.4
70153.0
69950.4
70153.0
69950.4
69950.4
69847.5
70053.3
70153.0
70053.3
69950.4
69847.5
70153.0
69950.4
70053.3
70053.3
69644.9
70053.3
69847.5
69847.5
70153.0
70053.3
70153.0
70053.3
70153.0
70053.3
70153.0
70053.3
69747.8
69847.5
69542.0
70358.8
69950.4
70053.3
69847.5
69644.9
70153.0
70153.0
69950.4
69747.8
69950.4
69950.4
70153.0
70053.3
70153.0
69950.4
69950.4
70358.8
69950.4
70358.8
69950.4
70358.8
69747.8
69950.4
69950.4
69847.5
70153.0
69950.4
70053.3
70053.3
70053.3
70153.0
69950.4
69950.4
69950.4
70153.0
69950.4
69950.4
70252.8
69747.8
69747.8
69644.9
69847.5
69950.4
69747.8
69847.5
70053.3
69542.0
69747.8
70053.3
70153.0
69847.5
69747.8
70153.0
69442.3
69747.8
69542.0
69644.9
69847.5
69644.9
69644.9
69747.8
69442.3
69747.8
69644.9
69847.5
69442.3
69747.8
69542.0
69542.0
69950.4
69644.9
69336.3
69336.3
69542.0
69542.0
69747.8
69542.0
69442.3
69542.0
69644.9
69644.9
69950.4
69747.8
69542.0
69542.0
69747.8
69239.6
69747.8
69542.0
69950.4
69542.0
69442.3
69442.3
69542.0
69644.9
69136.7
69747.8
69442.3
69542.0
69442.3
69542.0
69542.0
69747.8
69037.0
69747.8
69542.0
69542.0
69644.9
69542.0
69644.9
69336.3
69442.3
69747.8
69644.9
69442.3
69542.0
69442.3
69747.8
69644.9
69644.9
69542.0
69847.5
69644.9
69542.0
69442.3
69442.3
69336.3
69442.3
69644.9
69442.3
69542.0
69644.9
69442.3
69239.6
69747.8
69542.0
69644.9
69136.7
69336.3
69442.3
69542.0
69136.7
69336.3
69336.3
69136.7
69442.3
69239.6
69442.3
68931.0
69442.3
69136.7
69136.7
68931.0
69442.3
69336.3
69442.3
69239.6
69442.3
69442.3
69136.7
69136.7
68931.0
69442.3
69136.7
69542.0
69136.7
68731.5
69136.7
69239.6
69336.3
69136.7
69136.7
69336.3
69136.7
69037.0
69037.0
69239.6
69136.7
69239.6
69136.7
68931.0
68931.0
68731.5
69136.7
68931.0
68731.5
68731.5
68731.5
69136.7
69037.0
69037.0
68931.0
68931.0
68831.2
68931.0
69239.6
69037.0
69136.7
69136.7
68931.0
68931.0
69136.7
69037.0
68828.1
68831.2
68831.2
69037.0
68931.0
68828.1
68828.1
69239.6
69136.7
68828.1
69136.7
68931.0
68625.5
68931.0
68831.2
68931.0
68931.0
69239.6
68731.5
69037.0
68731.5
68931.0
68625.5
68931.0
69336.3
68931.0
68525.7
69136.7
68828.1
68931.0
68731.5
68731.5
68931.0
69037.0
69037.0
69037.0
68831.2
68828.1
68931.0
68931.0
69037.0
68931.0
68831.2
68525.7
68731.5
68731.5
68831.2
68731.5
68422.9
68931.0
69037.0
68731.5
68931.0
68731.5
69037.0
68525.7
68625.5
68731.5
68625.5
68525.7
68731.5
68422.9
68525.7
68320.0
68422.9
68525.7
68731.5
68320.0
68525.7
68525.7
68117.4
68422.9
68422.9
68625.5
68320.0
68828.1
68525.7
68422.9
68320.0
68422.9
68525.7
68320.0
68320.0
68931.0
68220.2
68422.9
68220.2
68625.5
68525.7
68525.7
68320.0
68525.7
68117.4
68320.0
68525.7
68220.2
68320.0
68320.0
68525.7
68320.0
68525.7
68117.4
68525.7
68220.2
68014.5
68117.4
68014.5
68320.0
68320.0
68525.7
68422.9
68422.9
68525.7
68320.0
68220.2
68320.0
68220.2
68117.4
68014.5
68320.0
68320.0
68625.5
68117.4
67815.0
68117.4
68220.2
68320.0
68422.9
68320.0
68117.4
68117.4
68625.5
68117.4
68220.2
68320.0
68117.4
68117.4
67914.7
68117.4
68320.0
68117.4
68117.4
68220.2
68220.2
67914.7
68117.4
68625.5
68117.4
67815.0
68117.4
68014.5
68220.2
68220.2
67709.0
68014.5
68220.2
68320.0
68320.0
67709.0
68117.4
68014.5
68220.2
68117.4
68117.4
68117.4
68525.7
67815.0
68220.2
67815.0
68220.2
67914.7
68014.5
67914.7
68117.4
67914.7
67914.7
68117.4
68220.2
68014.5
67815.0
67914.7
68117.4
67709.0
67815.0
67709.0
67509.5
67406.6
67815.0
68117.4
67509.5
67606.1
67815.0
67914.7
67709.0
67815.0
67606.1
67606.1
68014.5
67914.7
67815.0
67709.0
67815.0
67815.0
68220.2
67709.0
67815.0
68220.2
67606.1
67914.7
67914.7
67914.7
68117.4
68320.0
67815.0
67815.0
68117.4
68014.5
67509.5
68014.5
67815.0
67709.0
68220.2
68014.5
67914.7
67815.0
67815.0
68014.5
67914.7
67914.7
67606.1
67815.0
67815.0
67914.7
67815.0
67606.1
67815.0
67815.0
67509.5
67709.0
67509.5
67509.5
67815.0
67709.0
68014.5
67606.1
67406.6
67509.5
67509.5
67815.0
67815.0
67709.0
67709.0
67606.1
67606.1
67606.1
67815.0
67709.0
67406.6
67606.1
67200.9
67606.1
67606.1
67406.6
67406.6
67815.0
67606.1
67709.0
67303.7
67509.5
67815.0
67606.1
67406.6
67606.1
67406.6
67200.9
67200.9
67606.1
67104.2
67406.6
67406.6
67606.1
67104.2
67509.5
67303.7
67303.7
67303.7
67303.7
67509.5
67200.9
67200.9
67200.9
67200.9
67200.9
67303.7
67303.7
67406.6
66998.2
67104.2
67303.7
67406.6
67303.7
66895.4
67200.9
67406.6
66998.2
66998.2
67104.2
67200.9
66895.4
67200.9
67406.6
67200.9
67303.7
67303.7
67200.9
67104.2
67303.7
67303.7
67303.7
67200.9
67200.9
67303.7
66895.4
67406.6
67200.9
66998.2
67200.9
67200.9
67303.7
67406.6
67200.9
67104.2
67200.9
67406.6
67509.5
67200.9
67200.9
67104.2
67104.2
66895.4
67606.1
66998.2
67509.5
67104.2
66895.4
67200.9
67104.2
67200.9
67104.2
67104.2
67104.2
66689.6
67104.2
66795.6
66998.2
67200.9
67200.9
66689.6
66795.6
66998.2
66795.6
67104.2
66998.2
66593.0
66895.4
66689.6
66689.6
66895.4
66795.6
66795.6
66998.2
66689.6
66593.0
66998.2
67104.2
66593.0
66689.6
66895.4
67200.9
67104.2
66593.0
66895.4
66795.6
66795.6
66689.6
66593.0
66895.4
67104.2
66998.2
66998.2
67104.2
66895.4
66593.0
66895.4
66689.6
66689.6
66998.2
66795.6
66689.6
66689.6
66490.1
66593.0
66895.4
66795.6
66689.6
66490.1
66795.6
66689.6
66689.6
66689.6
66795.6
66184.6
66593.0
66795.6
66795.6
66593.0
66689.6
66795.6
66490.1
66490.1
66490.1
66490.1
66689.6
66689.6
66593.0
66490.1
66490.1
66795.6
66490.1
66490.1
66384.1
66895.4
66490.1
66490.1
66795.6
66795.6
66184.6
66795.6
66689.6
66795.6
66593.0
66795.6
66384.1
66795.6
66490.1
66593.0
66284.4
66490.1
66593.0
66895.4
66384.1
66284.4
66689.6
66795.6
66689.6
66689.6
66284.4
66490.1
66490.1
66384.1
66490.1
66593.0
66184.6
66490.1
66490.1
66284.4
66184.6
66284.4
66284.4
66490.1
66384.1
66384.1
66384.1
66384.1
66081.7
66284.4
66184.6
66184.6
66184.6
65978.9
66081.7
66184.6
66184.6
66081.7
66081.7
65978.9
66284.4
66284.4
66081.7
66284.4
66184.6
66081.7
66184.6
65978.9
66184.6
66081.7
66384.1
66184.6
66081.7
66384.1
65978.9
66284.4
65978.9
66284.4
66284.4
66284.4
66184.6
66184.6
66284.4
66184.6
66184.6
66184.6
66284.4
66184.6
66284.4
66384.1
66384.1
66284.4
66384.1
66081.7
66284.4
66081.7
65978.9
66081.7
65879.1
66081.7
66384.1
66081.7
66081.7
66081.7
66081.7
65673.4
65879.1
65776.2
65978.9
66081.7
66284.4
66384.1
65978.9
65879.1
66081.7
65978.9
65776.2
66081.7
65879.1
65776.2
66384.1
65879.1
65673.4
66081.7
66490.1
65978.9
66184.6
65879.1
66081.7
65776.2
66081.7
65978.9
66081.7
66081.7
65776.2
65673.4
65776.2
66081.7
65879.1
65776.2
65978.9
65879.1
65879.1
65673.4
65776.2
65978.9
65879.1
65776.2
65978.9
65978.9
65879.1
66284.4
65776.2
65673.4
66081.7
65673.4
65573.6
65473.9
65573.6
65473.9
65673.4
65776.2
65473.9
65573.6
65673.4
65673.4
65573.6
64959.5
65776.2
65371.0
65673.4
65673.4
65268.1
65573.6
65473.9
65371.0
65776.2
65473.9
65473.9
65573.6
65879.1
65776.2
65371.0
65473.9
65573.6
65879.1
65776.2
65673.4
65371.0
65573.6
65573.6
65776.2
65673.4
65776.2
65879.1
65371.0
65573.6
65573.6
65268.1
65473.9
65879.1
65371.0
65673.4
65673.4
65473.9
65879.1
65673.4
65673.4
65473.9
65268.1
65673.4
65573.6
65473.9
65673.4
65879.1
65879.1
65673.4
65268.1
65573.6
65473.9
65573.6
65776.2
65473.9
65673.4
65673.4
65371.0
65673.4
65371.0
65371.0
65268.1
65473.9
65168.4
65473.9
65473.9
65473.9
65367.9
65268.1
65062.4
65168.4
65062.4
65573.6
65168.4
65168.4
65168.4
65673.4
65168.4
65168.4
65473.9
65268.1
65473.9
65268.1
65268.1
65168.4
65268.1
65367.9
65367.9
64862.9
65268.1
65268.1
65168.4
65268.1
65168.4
65062.4
65062.4
65268.1
65473.9
65168.4
65168.4
65367.9
65367.9
65268.1
65371.0
65367.9
65367.9
65168.4
65573.6
65062.4
64959.5
65062.4
64862.9
64959.5
65168.4
65062.4
65168.4
65168.4
64959.5
65168.4
65062.4
64959.5
64959.5
64862.9
65168.4
65371.0
65062.4
64959.5
65268.1
65268.1
65168.4
65062.4
65168.4
65062.4
65268.1
65168.4
65168.4
64959.5
64959.5
64657.1
64959.5
64959.5
64862.9
64862.9
65268.1
65367.9
65168.4
65062.4
65168.4
64862.9
65062.4
64959.5
65168.4
64959.5
65062.4
65062.4
64862.9
65168.4
65268.1
65168.4
64862.9
64862.9
65062.4
65062.4
64959.5
64657.1
65473.9
65062.4
64862.9
65268.1
64862.9
64351.6
64756.9
64862.9
64959.5
64756.9
64756.9
64756.9
64657.1
64959.5
64756.9
64862.9
64862.9
64862.9
64959.5
64554.2
64862.9
64657.1
64554.2
64657.1
64554.2
64756.9
64554.2
64862.9
65062.4
64756.9
64756.9
64756.9
64451.4
64554.2
64554.2
65062.4
64756.9
64657.1
64451.4
64657.1
64756.9
64451.4
64657.1
64554.2
64451.4
64554.2
64451.4
64351.6
64554.2
64451.4
64756.9
64657.1
64351.6
64657.1
64351.6
64862.9
64351.6
64657.1
64554.2
64657.1
64145.9
64862.9
64451.4
64554.2
64554.2
64451.4
64554.2
64554.2
64554.2
64451.4
64657.1
64251.9
64145.9
64451.4
64554.2
64554.2
64046.1
64554.2
64862.9
64554.2
64351.6
64451.4
64251.9
64451.4
64251.9
64554.2
64351.6
64554.2
64351.6
64251.9
64351.6
64554.2
64046.1
64351.6
64657.1
64657.1
64046.1
64657.1
64451.4
64145.9
64351.6
64351.6
64451.4
64657.1
64351.6
64554.2
64554.2
64351.6
64451.4
64657.1
64145.9
64554.2
64251.9
64145.9
64451.4
64251.9
64046.1
64251.9
64554.2
64251.9
64046.1
64251.9
64145.9
64046.1
64251.9
64351.6
63946.3
64145.9
64351.6
64046.1
64251.9
64251.9
64145.9
64145.9
64251.9
64251.9
64145.9
64251.9
64351.6
63946.3
64046.1
64145.9
63843.5
63946.3
64351.6
64046.1
63946.3
63946.3
63946.3
63843.5
64145.9
63946.3
64145.9
63946.3
63737.5
63737.5
64145.9
63737.5
64251.9
64145.9
64451.4
64145.9
63946.3
63946.3
63843.5
63946.3
64251.9
63946.3
63843.5
63946.3
63946.3
64145.9
63946.3
64145.9
64046.1
63843.5
63946.3
63541.1
64046.1
64145.9
64046.1
63637.7
64145.9
63946.3
63946.3
63946.3
64046.1
63843.5
64046.1
64145.9
64046.1
63843.5
63737.5
63640.8
63946.3
63843.5
64046.1
63946.3
63435.1
64046.1
63640.8
64046.1
63946.3
64046.1
63737.5
63843.5
64351.6
63843.5
63843.5
63843.5
64046.1
63843.5
63435.1
63843.5
63843.5
63946.3
63843.5
63946.3
63640.8
63737.5
64046.1
63843.5
63541.1
63541.1
63737.5
63541.1
63541.1
63637.7
63737.5
63541.1
63640.8
63435.1
63541.1
63435.1
63737.5
63541.1
63541.1
63737.5
63640.8
63435.1
63332.2
63637.7
63541.1
63843.5
63232.5
63541.1
63435.1
63843.5
63637.7
63541.1
63737.5
63640.8
63435.1
63541.1
63232.5
63737.5
63541.1
63737.5
63332.2
63946.3
63332.2
63843.5
63435.1
63640.8
63435.1
63541.1
63232.5
63435.1
63129.6
63541.1
63435.1
63332.2
63435.1
63637.7
63435.1
63332.2
63637.7
63541.1
63541.1
63435.1
63435.1
63435.1
63435.1
63332.2
63640.8
63332.2
63332.2
63541.1
63737.5
63541.1
63541.1
63332.2
63737.5
63232.5
63541.1
63435.1
63026.7
63435.1
63843.5
63332.2
63541.1
63232.5
63129.6
63332.2
63129.6
63541.1
63332.2
63541.1
63637.7
63332.2
63332.2
63332.2
63332.2
63332.2
63026.7
63129.6
63129.6
63026.7
63232.5
63232.5
63332.2
63332.2
63026.7
63332.2
62927.0
63129.6
63435.1
63541.1
63129.6
63129.6
62821.0
62821.0
63232.5
63129.6
63026.7
63026.7
63026.7
63129.6
63129.6
63026.7
63129.6
63026.7
63026.7
62724.3
63129.6
63332.2
63129.6
63026.7
63026.7
62821.0
62927.0
63129.6
63026.7
63026.7
62927.0
63232.5
62821.0
63026.7
63332.2
63129.6
63129.6
63026.7
62927.0
62927.0
63129.6
63129.6
63026.7
62724.3
62927.0
62927.0
62927.0
62927.0
62927.0
62927.0
62927.0
62821.0
62821.0
63129.6
62927.0
62927.0
62927.0
63129.6
62821.0
62621.5
62927.0
63026.7
62821.0
62927.0
63026.7
62724.3
63026.7
62927.0
63129.6
62927.0
63026.7
62724.3
62821.0
62927.0
62821.0
63129.6
63026.7
62724.3
63129.6
63026.7
62621.5
62515.5
62724.3
62724.3
62821.0
62821.0
62621.5
63129.6
62724.3
62621.5
62621.5
62415.7
62621.5
62927.0
62821.0
62724.3
62821.0
62821.0
62724.3
62927.0
62621.5
62821.0
62621.5
62724.3
62724.3
62621.5
62927.0
62821.0
62319.1
62621.5
62319.1
62621.5
62724.3
62515.5
62621.5
62724.3
62621.5
62621.5
62724.3
62724.3
62515.5
62319.1
62515.5
62724.3
62515.5
62621.5
62415.7
62515.5
62621.5
62621.5
62515.5
62821.0
62621.5
62621.5
62415.7
62415.7
62621.5
62927.0
62821.0
62515.5
62415.7
62621.5
62621.5
62724.3
62415.7
62621.5
62515.5
62415.7
62515.5
62621.5
62515.5
62515.5
62621.5
62010.5
62724.3
62515.5
62515.5
62724.3
62515.5
62515.5
62415.7
62415.7
62010.5
62319.1
62415.7
62621.5
62515.5
62621.5
62621.5
62319.1
61910.7
62415.7
62515.5
62216.2
62216.2
62216.2
62621.5
62216.2
61910.7
62216.2
62319.1
62515.5
62515.5
62319.1
62415.7
62515.5
62415.7
62010.5
62110.2
62415.7
62319.1
62319.1
62216.2
62319.1
62110.2
62319.1
62110.2
62216.2
62216.2
62319.1
62515.5
62319.1
62415.7
62010.5
62319.1
62216.2
62216.2
62216.2
62216.2
61910.7
62216.2
62010.5
62110.2
62010.5
62216.2
62010.5
62110.2
62216.2
62010.5
62110.2
62216.2
62110.2
61910.7
62216.2
62216.2
62319.1
62216.2
61910.7
62010.5
62216.2
62110.2
62010.5
62010.5
62010.5
61910.7
62010.5
62319.1
62110.2
62216.2
62216.2
62515.5
62010.5
62110.2
61907.6
62216.2
62010.5
61705.0
62110.2
61705.0
62216.2
62010.5
61705.0
62319.1
62110.2
62010.5
62110.2
62110.2
62010.5
62010.5
61910.7
62216.2
62216.2
61910.7
62010.5
62010.5
61907.6
62110.2
62110.2
61907.6
61907.6
62110.2
61910.7
61705.0
61804.7
61804.7
61910.7
61910.7
62010.5
62010.5
61907.6
62110.2
61804.7
62110.2
61705.0
61605.2
61705.0
61910.7
62110.2
61705.0
61804.7
61399.5
61705.0
61705.0
61605.2
61804.7
61705.0
62010.5
61605.2
61910.7
61705.0
62010.5
61499.2
61910.7
61499.2
61907.6
61907.6
61705.0
61705.0
61705.0
61399.5
61705.0
61399.5
61705.0
61705.0
61705.0
61499.2
61907.6
61804.7
61605.2
61605.2
61605.2
61705.0
61499.2
61705.0
61907.6
61705.0
61499.2
61705.0
61605.2
61499.2
61399.5
61499.2
61499.2
61499.2
61804.7
61399.5
61399.5
61399.5
61399.5
61499.2
61705.0
61299.7
61399.5
61605.2
61705.0
61193.7
61499.2
61499.2
61399.5
61804.7
61499.2
61399.5
61499.2
61299.7
61193.7
61605.2
61399.5
61499.2
61605.2
61804.7
61399.5
61499.2
61399.5
61399.5
61399.5
61499.2
61299.7
61705.0
61299.7
61399.5
61299.7
61499.2
61705.0
61299.7
61705.0
61399.5
61605.2
61499.2
61804.7
61094.0
61399.5
61299.7
61399.5
61193.7
61299.7
61399.5
61193.7
61193.7
61299.7
61193.7
61193.7
61399.5
61094.0
61499.2
61499.2
61094.0
61094.0
61399.5
61299.7
61094.0
61193.7
61399.5
60888.2
60994.2
61299.7
61094.0
61094.0
61193.7
61094.0
61193.7
61299.7
60994.2
61193.7
61299.7
61193.7
61299.7
61193.7
60888.2
60994.2
61193.7
61399.5
61094.0
60888.2
60888.2
61193.7
60994.2
60888.2
60888.2
60994.2
61193.7
61094.0
60589.0
61499.2
60888.2
61094.0
60888.2
61299.7
60888.2
61193.7
61094.0
61193.7
61299.7
61094.0
60788.5
60788.5
61094.0
61193.7
61193.7
60994.2
60788.5
60994.2
60589.0
61299.7
60994.2
60685.6
60788.5
60994.2
61299.7
60685.6
61094.0
61094.0
60589.0
61094.0
61299.7
60888.2
61094.0
60994.2
61193.7
61094.0
61094.0
60994.2
60994.2
60994.2
61299.7
61094.0
60589.0
60788.5
60888.2
60685.6
60685.6
61094.0
60888.2
61094.0
61094.0
60589.0
60788.5
60483.0
60788.5
60994.2
61094.0
60788.5
60788.5
60888.2
60685.6
60589.0
60589.0
60788.5
60685.6
60888.2
61193.7
60788.5
60589.0
60685.6
60685.6
60888.2
60589.0
60685.6
60589.0
60589.0
60685.6
60589.0
60685.6
60685.6
61094.0
60788.5
60589.0
60280.3
60685.6
60685.6
60174.3
60589.0
60589.0
60589.0
60383.2
60685.6
60589.0
60589.0
60589.0
60483.0
60280.3
60483.0
60280.3
60685.6
60383.2
60483.0
60685.6
60383.2
60483.0
60788.5
60483.0
60483.0
60589.0
60383.2
60589.0
60383.2
60788.5
60589.0
60685.6
60589.0
60788.5
60383.2
60280.3
60383.2
60383.2
60383.2
60483.0
60589.0
60589.0
60589.0
60589.0
60589.0
60483.0
60589.0
60589.0
60280.3
60383.2
60483.0
60685.6
60280.3
60280.3
60383.2
60685.6
60483.0
60589.0
60589.0
60483.0
60483.0
60280.3
60280.3
60174.3
60483.0
60483.0
60483.0
60589.0
60174.3
60483.0
60383.2
60174.3
60174.3
60685.6
60077.7
60280.3
60174.3
60685.6
60483.0
60077.7
60174.3
60589.0
60174.3
60280.3
60383.2
60483.0
60174.3
60174.3
60280.3
60589.0
60174.3
60077.7
59974.8
60077.7
59974.8
60280.3
60589.0
59872.0
60077.7
60280.3
60280.3
59974.8
60174.3
60077.7
59872.0
60174.3
60077.7
60077.7
59974.8
59769.1
59974.8
59974.8
60174.3
60077.7
60077.7
60174.3
59974.8
60383.2
59974.8
60174.3
59769.1
60174.3
59974.8
60077.7
60077.7
60483.0
60280.3
59974.8
59974.8
60077.7
60174.3
59974.8
60077.7
59872.0
60077.7
59769.1
60174.3
59672.5
60077.7
60077.7
59872.0
60077.7
60174.3
59672.5
60077.7
60077.7
59974.8
60077.7
59974.8
60383.2
59974.8
59672.5
60077.7
59974.8
59769.1
60077.7
60174.3
60077.7
60174.3
60077.7
59872.0
59769.1
59872.0
60174.3
60077.7
59769.1
59769.1
59872.0
60077.7
59769.1
60174.3
60077.7
59872.0
59769.1
59974.8
60077.7
60174.3
59974.8
59672.5
59872.0
59974.8
59974.8
59974.8
59672.5
59872.0
59672.5
59872.0
59974.8
59672.5
59872.0
59769.1
60174.3
59672.5
59769.1
59566.5
59769.1
59974.8
59872.0
60077.7
59872.0
59769.1
59672.5
59769.1
59566.5
59672.5
59769.1
59769.1
59974.8
59672.5
59672.5
59769.1
59463.6
59974.8
59261.0
59566.5
59463.6
59872.0
59363.8
59672.5
59463.6
59463.6
59672.5
59463.6
59261.0
59566.5
59363.8
59463.6
59463.6
59463.6
59161.2
59672.5
59463.6
59872.0
59566.5
59769.1
59463.6
59566.5
59463.6
59566.5
59363.8
59363.8
59463.6
59363.8
59463.6
59566.5
59363.8
59566.5
59566.5
59672.5
59463.6
59566.5
59463.6
59463.6
59566.5
59463.6
59161.2
59261.0
59672.5
59672.5
59672.5
59363.8
59261.0
59261.0
59566.5
59463.6
59463.6
59672.5
59363.8
59872.0
59261.0
59672.5
59363.8
59566.5
59261.0
59363.8
59463.6
59261.0
59672.5
59161.2
59463.6
59363.8
59058.3
59363.8
59161.2
59058.3
59161.2
59161.2
59363.8
59058.3
59463.6
59363.8
59261.0
59058.3
59261.0
59463.6
59363.8
58855.7
59161.2
58958.6
59161.2
58958.6
59161.2
59261.0
59463.6
59058.3
59363.8
59161.2
59261.0
59161.2
59058.3
59261.0
58958.6
59161.2
59161.2
59058.3
59463.6
59261.0
58958.6
58958.6
58855.7
59058.3
58958.6
59363.8
59161.2
59161.2
58653.1
58958.6
58855.7
59058.3
59363.8
59161.2
59058.3
58958.6
59058.3
58855.7
58958.6
59161.2
58958.6
58958.6
58958.6
58653.1
59058.3
58958.6
59161.2
59058.3
59058.3
58752.8
59261.0
59058.3
58855.7
58958.6
59161.2
58958.6
58958.6
58752.8
58958.6
59161.2
58752.8
59161.2
59161.2
58958.6
59058.3
58752.8
58855.7
59161.2
59058.3
59058.3
58653.1
58958.6
58958.6
59261.0
58347.6
58855.7
58958.6
58752.8
58958.6
58752.8
58752.8
58752.8
58752.8
58958.6
58855.7
58855.7
58855.7
58653.1
58958.6
58855.7
59058.3
58855.7
58958.6
59161.2
59058.3
58752.8
58752.8
58855.7
58752.8
58855.7
58653.1
58855.7
58752.8
58855.7
58958.6
58653.1
58547.1
58855.7
58450.4
58653.1
58653.1
58752.8
58547.1
58450.4
58447.3
58653.1
58653.1
58653.1
58547.1
58450.4
58958.6
58450.4
58752.8
58752.8
58653.1
58450.4
58752.8
58241.6
58547.1
58752.8
58347.6
58547.1
58347.6
58752.8
58241.6
58855.7
58653.1
58347.6
58752.8
58447.3
58450.4
58752.8
58450.4
58547.1
58141.8
58752.8
58547.1
58547.1
58653.1
58347.6
58347.6
58347.6
58547.1
58653.1
58039.0
58447.3
58347.6
58653.1
58547.1
58447.3
58547.1
58450.4
58347.6
58347.6
58450.4
58547.1
58141.8
58141.8
58450.4
58752.8
58347.6
58347.6
58547.1
58450.4
58347.6
58653.1
58450.4
58547.1
58347.6
58347.6
58039.0
58347.6
58141.8
58547.1
58855.7
58039.0
58653.1
58447.3
58241.6
58241.6
58752.8
58241.6
58039.0
58141.8
58450.4
58141.8
58547.1
58347.6
58347.6
58347.6
58447.3
58447.3
58347.6
58447.3
57939.2
58447.3
58547.1
58347.6
58039.0
58241.6
58241.6
58039.0
58653.1
57836.3
58141.8
58039.0
58141.8
58039.0
58347.6
58347.6
58347.6
58039.0
57736.6
58141.8
58347.6
58141.8
58141.8
58141.8
58347.6
57836.3
58141.8
58141.8
58241.6
57939.2
58039.0
58141.8
58241.6
58447.3
58141.8
57836.3
58347.6
58141.8
57939.2
58141.8
57836.3
58241.6
58447.3
58241.6
58347.6
58141.8
58447.3
58347.6
58141.8
57836.3
58039.0
58447.3
58039.0
57939.2
58141.8
58141.8
58039.0
58241.6
58347.6
58141.8
58039.0
58039.0
58039.0
57939.2
58347.6
57530.8
57939.2
58141.8
58241.6
57736.6
58347.6
57836.3
57836.3
57736.6
57836.3
57939.2
58039.0
57836.3
57736.6
58241.6
57836.3
58039.0
57736.6
58141.8
57836.3
57630.6
58039.0
57939.2
57630.6
58039.0
58039.0
57836.3
57939.2
57836.3
57530.8
57736.6
57736.6
57939.2
57630.6
57836.3
58039.0
57836.3
58039.0
57836.3
57630.6
57939.2
57736.6
57939.2
57530.8
57836.3
57836.3
57736.6
57736.6
57530.8
57630.6
57836.3
57530.8
57630.6
57630.6
57736.6
57836.3
57836.3
57325.1
57736.6
57630.6
57630.6
58039.0
57939.2
57630.6
57530.8
57431.1
57836.3
57939.2
57736.6
57736.6
57530.8
57736.6
57736.6
57630.6
57125.6
57736.6
57836.3
57736.6
57736.6
57630.6
57630.6
57630.6
57431.1
57630.6
57630.6
57630.6
57431.1
57939.2
57225.3
57325.1
57325.1
57431.1
57530.8
57530.8
57630.6
57939.2
57630.6
57630.6
57630.6
57630.6
57530.8
57630.6
57530.8
57630.6
58039.0
57630.6
57630.6
57836.3
57431.1
57630.6
57530.8
57325.1
57431.1
57736.6
57630.6
57431.1
57630.6
57630.6
57939.2
57736.6
57530.8
57325.1
57630.6
57530.8
57125.6
57530.8
57325.1
57431.1
57530.8
57325.1
57630.6
57736.6
56919.8
57325.1
57125.6
57225.3
57025.8
57431.1
57325.1
57431.1
56919.8
57530.8
57025.8
57325.1
57225.3
57530.8
57530.8
56919.8
57225.3
57431.1
57325.1
57125.6
57431.1
57125.6
57025.8
57125.6
57125.6
57225.3
57530.8
57530.8
57025.8
57325.1
57325.1
57125.6
57125.6
57225.3
57225.3
57225.3
57125.6
57325.1
57225.3
57431.1
56919.8
57025.8
57225.3
57225.3
56919.8
57225.3
57125.6
56817.0
56919.8
57431.1
57125.6
56919.8
57125.6
57225.3
57431.1
57225.3
57225.3
57125.6
57225.3
57225.3
57125.6
57025.8
56919.8
56817.0
57125.6
57025.8
57325.1
57225.3
56817.0
57325.1
57125.6
57225.3
57025.8
57025.8
56919.8
57125.6
57125.6
57225.3
56919.8
56817.0
56720.3
56919.8
57025.8
57025.8
57225.3
57225.3
57025.8
57125.6
57225.3
57025.8
57125.6
56817.0
57225.3
57025.8
56919.8
57025.8
57025.8
56919.8
56717.2
57125.6
57025.8
56817.0
57025.8
56817.0
57125.6
57125.6
57125.6
56817.0
56717.2
56919.8
56919.8
57025.8
56614.3
56305.7
56411.7
56614.3
56919.8
56614.3
56514.6
56919.8
56411.7
56817.0
56919.8
56614.3
56305.7
56614.3
56305.7
56717.2
56614.3
56919.8
56720.3
56614.3
56817.0
56614.3
56614.3
56919.8
56919.8
56614.3
56817.0
56919.8
56614.3
56614.3
56514.6
56919.8
56720.3
56514.6
56514.6
56817.0
56919.8
56817.0
56614.3
56817.0
56614.3
56919.8
56411.7
56305.7
56514.6
56305.7
56411.7
56919.8
56514.6
56305.7
56614.3
56614.3
56614.3
56717.2
56919.8
57025.8
56514.6
56720.3
56305.7
56817.0
56514.6
56411.7
56411.7
56614.3
56209.1
56614.3
56614.3
56305.7
56614.3
56514.6
56514.6
56514.6
56614.3
56305.7
56106.2
56514.6
56614.3
56305.7
56209.1
56614.3
56305.7
56817.0
56411.7
56305.7
56305.7
56514.6
