LAT
0980-25 Proyeccion interruptor cerrado
L3+
8 bits, 5000 samples at 16ns
16.00000e-009
-6001.4
-6001.4
-6001.4
-6001.4
-6001.4
-6001.4
-6001.4
-6001.4
-6001.4
-4801.12
-6001.4
-6001.4
-6001.4
-6001.4
-6001.4
-6001.4
-6001.4
-6001.4
-6001.4
-6001.4
-6001.4
-6001.4
-6001.4
-6001.4
-6001.4
-6001.4
-6001.4
-6001.4
-6001.4
-6001.4
-6001.4
-6001.4
-6001.4
-6001.4
-4801.12
-6001.4
-6001.4
-6001.4
-6001.4
-6001.4
-6001.4
-7201.68
-6001.4
-6001.4
-6001.4
-6001.4
-6001.4
-6001.4
-6001.4
-6001.4
-6001.4
-6001.4
-6001.4
-6001.4
-6001.4
-6001.4
-6001.4
-6001.4
-7201.68
-6001.4
-6001.4
-6001.4
-6001.4
-6001.4
-6001.4
-7201.68
-6001.4
-6001.4
-7201.68
-6001.4
-6001.4
-6001.4
-6001.4
-6001.4
-6001.4
-7201.68
-6001.4
-6001.4
-6001.4
-6001.4
-4801.12
-7201.68
-6001.4
-6001.4
-6001.4
-6001.4
-6001.4
-6001.4
-6001.4
-4801.12
-6001.4
-4801.12
-6001.4
-6001.4
-6001.4
-6001.4
-6001.4
-4801.12
-6001.4
-6001.4
-7201.68
-6001.4
-6001.4
-6001.4
-6001.4
-6001.4
-6001.4
-6001.4
-6001.4
-6001.4
-6001.4
-6001.4
-6001.4
-6001.4
-6001.4
-6001.4
-6001.4
-6001.4
-6001.4
-6001.4
-6001.4
-6001.4
-6001.4
-6001.4
-6001.4
-6001.4
-6001.4
-6001.4
-6001.4
-6001.4
-6001.4
-7201.68
-6001.4
-6001.4
-6001.4
-6001.4
-6001.4
-6001.4
-6001.4
-6001.4
-6001.4
-6001.4
-6001.4
-6001.4
-6001.4
-6001.4
-6001.4
-6001.4
-6001.4
-7201.68
-6001.4
-6001.4
-6001.4
-8401.96
-6001.4
-6001.4
-6001.4
-4801.12
-6001.4
-6001.4
-6001.4
0
-7201.68
-7201.68
-8401.96
-2400.56
-6001.4
0
3600.84
0
-7201.68
-20404.76
-22805.32
-10802.52
9602.24
21605.04
44410.36
51612.04
32407.56
40809.52
50411.76
25205.88
4801.12
18004.2
13203.08
1200.28
7201.68
27606.44
40809.52
50411.76
52812.32
62414.56
75617.64
81619.04
82819.32
87620.44
94822.12
92421.56
81619.04
69616.24
66015.4
69616.24
66015.4
64815.12
73217.08
86420.16
88820.72
90021
99623.24
114026.6
120028
123628.84
127229.68
128429.96
123628.84
117627.44
111626.04
104424.36
100823.52
99623.24
97222.68
98422.96
106824.92
114026.6
121228.28
126029.4
133231.08
138032.2
140432.76
141633.04
138032.2
139232.48
136831.92
130830.52
126029.4
123628.84
122428.56
121228.28
122428.56
126029.4
128429.96
134431.36
138032.2
140432.76
142833.32
147634.44
148834.72
146434.16
146434.16
145233.88
142833.32
139232.48
138032.2
136831.92
136831.92
138032.2
136831.92
136831.92
139232.48
142833.32
144033.6
145233.88
147634.44
147634.44
150035
151235.28
152435.56
152435.56
152435.56
152435.56
148834.72
146434.16
142833.32
140432.76
138032.2
138032.2
138032.2
139232.48
142833.32
147634.44
151235.28
153635.84
156036.4
157236.68
157236.68
156036.4
154836.12
152435.56
147634.44
146434.16
142833.32
141633.04
140432.76
141633.04
142833.32
144033.6
146434.16
148834.72
150035
152435.56
152435.56
154836.12
154836.12
154836.12
153635.84
152435.56
150035
147634.44
145233.88
142833.32
142833.32
142833.32
142833.32
145233.88
146434.16
148834.72
151235.28
152435.56
153635.84
152435.56
152435.56
152435.56
152435.56
151235.28
147634.44
146434.16
145233.88
144033.6
144033.6
145233.88
145233.88
145233.88
147634.44
148834.72
151235.28
152435.56
152435.56
152435.56
151235.28
150035
150035
148834.72
150035
147634.44
147634.44
146434.16
146434.16
145233.88
145233.88
146434.16
146434.16
147634.44
147634.44
148834.72
150035
148834.72
150035
150035
150035
150035
151235.28
150035
148834.72
147634.44
147634.44
147634.44
147634.44
147634.44
147634.44
146434.16
147634.44
147634.44
148834.72
148834.72
148834.72
150035
151235.28
150035
150035
150035
148834.72
148834.72
148834.72
148834.72
147634.44
148834.72
147634.44
146434.16
146434.16
147634.44
147634.44
148834.72
147634.44
148834.72
147634.44
147634.44
148834.72
148834.72
147634.44
147634.44
147634.44
147634.44
146434.16
146434.16
145233.88
147634.44
146434.16
147634.44
146434.16
146434.16
147634.44
147634.44
147634.44
146434.16
146434.16
147634.44
147634.44
146434.16
146434.16
145233.88
145233.88
146434.16
146434.16
145233.88
146434.16
146434.16
147634.44
146434.16
147634.44
147634.44
147634.44
147634.44
147634.44
147634.44
146434.16
146434.16
145233.88
147634.44
145233.88
145233.88
146434.16
146434.16
146434.16
146434.16
146434.16
147634.44
146434.16
146434.16
147634.44
146434.16
146434.16
146434.16
147634.44
146434.16
147634.44
146434.16
145233.88
145233.88
145233.88
145233.88
146434.16
145233.88
145233.88
146434.16
145233.88
146434.16
145233.88
146434.16
146434.16
146434.16
146434.16
146434.16
146434.16
145233.88
146434.16
145233.88
145233.88
144033.6
144033.6
145233.88
145233.88
144033.6
145233.88
144033.6
145233.88
145233.88
145233.88
145233.88
145233.88
144033.6
145233.88
145233.88
145233.88
144033.6
144033.6
144033.6
145233.88
144033.6
144033.6
144033.6
144033.6
144033.6
144033.6
144033.6
144033.6
142833.32
144033.6
144033.6
144033.6
142833.32
142833.32
144033.6
144033.6
142833.32
144033.6
144033.6
144033.6
144033.6
142833.32
142833.32
142833.32
142833.32
142833.32
142833.32
144033.6
142833.32
142833.32
142833.32
142833.32
141633.04
142833.32
142833.32
142833.32
142833.32
142833.32
142833.32
142833.32
141633.04
142833.32
142833.32
142833.32
142833.32
142833.32
142833.32
142833.32
142833.32
142833.32
142833.32
141633.04
142833.32
142833.32
142833.32
142833.32
142833.32
142833.32
141633.04
141633.04
141633.04
142833.32
142833.32
144033.6
142833.32
141633.04
142833.32
142833.32
142833.32
141633.04
141633.04
141633.04
141633.04
141633.04
141633.04
141633.04
141633.04
141633.04
141633.04
141633.04
142833.32
142833.32
140432.76
141633.04
141633.04
141633.04
141633.04
141633.04
141633.04
140432.76
141633.04
141633.04
140432.76
141633.04
140432.76
140432.76
141633.04
140432.76
140432.76
141633.04
140432.76
141633.04
140432.76
139232.48
140432.76
141633.04
140432.76
141633.04
141633.04
141633.04
142833.32
142833.32
142833.32
141633.04
140432.76
140432.76
138032.2
138032.2
138032.2
138032.2
138032.2
138032.2
139232.48
140432.76
140432.76
142833.32
142833.32
142833.32
142833.32
142833.32
141633.04
141633.04
139232.48
138032.2
138032.2
138032.2
138032.2
136831.92
138032.2
138032.2
139232.48
140432.76
141633.04
141633.04
141633.04
141633.04
141633.04
140432.76
140432.76
140432.76
138032.2
138032.2
138032.2
136831.92
138032.2
138032.2
138032.2
138032.2
139232.48
140432.76
140432.76
140432.76
141633.04
140432.76
139232.48
139232.48
138032.2
138032.2
138032.2
136831.92
138032.2
138032.2
138032.2
136831.92
136831.92
139232.48
138032.2
139232.48
140432.76
139232.48
139232.48
138032.2
139232.48
138032.2
136831.92
138032.2
138032.2
138032.2
138032.2
136831.92
138032.2
138032.2
138032.2
138032.2
138032.2
138032.2
138032.2
138032.2
139232.48
138032.2
138032.2
138032.2
138032.2
138032.2
138032.2
138032.2
138032.2
136831.92
136831.92
138032.2
138032.2
138032.2
138032.2
136831.92
138032.2
136831.92
136831.92
136831.92
135631.64
138032.2
138032.2
136831.92
138032.2
138032.2
138032.2
136831.92
138032.2
138032.2
136831.92
136831.92
136831.92
136831.92
135631.64
136831.92
135631.64
136831.92
135631.64
136831.92
135631.64
136831.92
138032.2
136831.92
135631.64
136831.92
136831.92
135631.64
135631.64
135631.64
136831.92
134431.36
134431.36
135631.64
135631.64
136831.92
135631.64
135631.64
136831.92
135631.64
135631.64
135631.64
135631.64
135631.64
135631.64
135631.64
135631.64
135631.64
135631.64
133231.08
136831.92
136831.92
134431.36
135631.64
135631.64
135631.64
135631.64
135631.64
135631.64
135631.64
135631.64
135631.64
135631.64
134431.36
133231.08
135631.64
135631.64
134431.36
134431.36
133231.08
135631.64
135631.64
134431.36
135631.64
134431.36
135631.64
134431.36
134431.36
134431.36
134431.36
133231.08
134431.36
133231.08
134431.36
134431.36
135631.64
134431.36
134431.36
133231.08
134431.36
133231.08
133231.08
134431.36
134431.36
133231.08
133231.08
133231.08
133231.08
133231.08
133231.08
133231.08
134431.36
134431.36
134431.36
133231.08
133231.08
133231.08
133231.08
133231.08
133231.08
133231.08
133231.08
133231.08
133231.08
133231.08
134431.36
133231.08
134431.36
132030.8
133231.08
134431.36
133231.08
133231.08
133231.08
133231.08
133231.08
132030.8
132030.8
133231.08
133231.08
133231.08
132030.8
133231.08
132030.8
132030.8
133231.08
132030.8
132030.8
133231.08
132030.8
132030.8
133231.08
132030.8
133231.08
132030.8
133231.08
130830.52
133231.08
132030.8
132030.8
132030.8
132030.8
132030.8
130830.52
132030.8
132030.8
133231.08
132030.8
133231.08
130830.52
130830.52
133231.08
132030.8
132030.8
132030.8
132030.8
132030.8
132030.8
132030.8
132030.8
132030.8
132030.8
132030.8
132030.8
130830.52
130830.52
132030.8
130830.52
130830.52
132030.8
130830.52
129630.24
130830.52
130830.52
130830.52
129630.24
130830.52
130830.52
132030.8
130830.52
130830.52
130830.52
130830.52
130830.52
129630.24
129630.24
130830.52
129630.24
130830.52
130830.52
129630.24
129630.24
129630.24
129630.24
130830.52
130830.52
129630.24
130830.52
129630.24
129630.24
129630.24
129630.24
128429.96
129630.24
128429.96
130830.52
129630.24
129630.24
130830.52
129630.24
128429.96
129630.24
130830.52
128429.96
128429.96
128429.96
128429.96
128429.96
129630.24
129630.24
129630.24
130830.52
128429.96
129630.24
129630.24
128429.96
129630.24
128429.96
129630.24
128429.96
128429.96
129630.24
128429.96
129630.24
129630.24
129630.24
128429.96
128429.96
128429.96
129630.24
128429.96
129630.24
129630.24
128429.96
128429.96
128429.96
128429.96
128429.96
128429.96
128429.96
128429.96
128429.96
128429.96
128429.96
128429.96
129630.24
128429.96
128429.96
128429.96
128429.96
128429.96
127229.68
128429.96
128429.96
127229.68
128429.96
128429.96
127229.68
128429.96
128429.96
127229.68
128429.96
128429.96
127229.68
127229.68
127229.68
127229.68
127229.68
127229.68
127229.68
128429.96
127229.68
128429.96
127229.68
127229.68
127229.68
127229.68
127229.68
126029.4
127229.68
127229.68
127229.68
127229.68
128429.96
127229.68
127229.68
126029.4
128429.96
126029.4
126029.4
127229.68
126029.4
127229.68
126029.4
127229.68
127229.68
126029.4
126029.4
126029.4
127229.68
127229.68
124829.12
126029.4
126029.4
127229.68
126029.4
126029.4
126029.4
126029.4
127229.68
127229.68
126029.4
126029.4
126029.4
126029.4
126029.4
126029.4
124829.12
126029.4
126029.4
127229.68
126029.4
124829.12
126029.4
126029.4
126029.4
126029.4
127229.68
126029.4
124829.12
124829.12
126029.4
124829.12
126029.4
124829.12
126029.4
124829.12
124829.12
124829.12
124829.12
126029.4
124829.12
124829.12
126029.4
124829.12
124829.12
124829.12
124829.12
123628.84
124829.12
124829.12
124829.12
123628.84
124829.12
124829.12
124829.12
123628.84
123628.84
123628.84
123628.84
123628.84
124829.12
123628.84
124829.12
123628.84
123628.84
123628.84
123628.84
122428.56
123628.84
123628.84
123628.84
123628.84
123628.84
123628.84
123628.84
123628.84
123628.84
123628.84
123628.84
123628.84
123628.84
123628.84
123628.84
123628.84
123628.84
123628.84
123628.84
123628.84
123628.84
123628.84
123628.84
123628.84
123628.84
122428.56
122428.56
122428.56
122428.56
123628.84
123628.84
123628.84
123628.84
123628.84
123628.84
123628.84
122428.56
122428.56
123628.84
123628.84
123628.84
122428.56
123628.84
122428.56
123628.84
123628.84
123628.84
123628.84
122428.56
122428.56
122428.56
123628.84
122428.56
122428.56
122428.56
122428.56
122428.56
122428.56
123628.84
122428.56
122428.56
122428.56
122428.56
122428.56
122428.56
122428.56
121228.28
122428.56
122428.56
122428.56
122428.56
122428.56
122428.56
122428.56
121228.28
122428.56
122428.56
122428.56
122428.56
122428.56
121228.28
121228.28
121228.28
121228.28
121228.28
122428.56
121228.28
121228.28
122428.56
121228.28
121228.28
120028
121228.28
121228.28
121228.28
121228.28
120028
121228.28
121228.28
121228.28
120028
121228.28
120028
121228.28
121228.28
121228.28
121228.28
121228.28
121228.28
120028
120028
120028
120028
118827.72
121228.28
120028
120028
120028
120028
121228.28
121228.28
120028
120028
120028
118827.72
121228.28
120028
120028
120028
120028
118827.72
120028
120028
118827.72
121228.28
120028
121228.28
120028
120028
120028
120028
118827.72
120028
120028
118827.72
118827.72
121228.28
120028
118827.72
118827.72
120028
118827.72
118827.72
118827.72
120028
118827.72
120028
118827.72
118827.72
118827.72
118827.72
118827.72
118827.72
118827.72
118827.72
118827.72
118827.72
118827.72
118827.72
118827.72
118827.72
118827.72
118827.72
118827.72
118827.72
118827.72
118827.72
118827.72
118827.72
118827.72
118827.72
118827.72
117627.44
118827.72
117627.44
118827.72
117627.44
117627.44
117627.44
117627.44
118827.72
118827.72
118827.72
117627.44
118827.72
117627.44
118827.72
118827.72
118827.72
117627.44
117627.44
118827.72
118827.72
117627.44
117627.44
117627.44
117627.44
117627.44
116427.16
117627.44
117627.44
117627.44
117627.44
117627.44
118827.72
117627.44
117627.44
117627.44
117627.44
116427.16
116427.16
116427.16
117627.44
117627.44
116427.16
117627.44
116427.16
116427.16
117627.44
116427.16
116427.16
117627.44
116427.16
117627.44
117627.44
116427.16
117627.44
117627.44
117627.44
116427.16
117627.44
117627.44
116427.16
117627.44
116427.16
117627.44
117627.44
116427.16
115226.88
116427.16
116427.16
116427.16
116427.16
117627.44
115226.88
116427.16
116427.16
115226.88
116427.16
116427.16
116427.16
116427.16
116427.16
115226.88
116427.16
116427.16
116427.16
115226.88
116427.16
117627.44
115226.88
116427.16
115226.88
116427.16
115226.88
115226.88
115226.88
115226.88
115226.88
115226.88
116427.16
116427.16
116427.16
115226.88
115226.88
115226.88
115226.88
116427.16
115226.88
115226.88
115226.88
115226.88
114026.6
115226.88
115226.88
115226.88
115226.88
115226.88
115226.88
115226.88
114026.6
115226.88
115226.88
114026.6
114026.6
114026.6
114026.6
115226.88
115226.88
115226.88
115226.88
114026.6
114026.6
114026.6
114026.6
115226.88
114026.6
114026.6
114026.6
114026.6
115226.88
114026.6
114026.6
114026.6
114026.6
114026.6
114026.6
114026.6
114026.6
114026.6
115226.88
115226.88
114026.6
114026.6
114026.6
114026.6
114026.6
114026.6
114026.6
114026.6
114026.6
114026.6
114026.6
112826.32
114026.6
114026.6
114026.6
114026.6
112826.32
114026.6
114026.6
112826.32
112826.32
114026.6
114026.6
112826.32
114026.6
114026.6
114026.6
112826.32
114026.6
112826.32
114026.6
114026.6
112826.32
111626.04
112826.32
114026.6
114026.6
112826.32
112826.32
114026.6
112826.32
114026.6
112826.32
112826.32
112826.32
112826.32
111626.04
112826.32
112826.32
111626.04
112826.32
112826.32
112826.32
112826.32
112826.32
112826.32
114026.6
112826.32
111626.04
111626.04
112826.32
112826.32
111626.04
112826.32
110425.76
114026.6
111626.04
112826.32
111626.04
111626.04
112826.32
112826.32
112826.32
111626.04
112826.32
112826.32
111626.04
112826.32
112826.32
111626.04
112826.32
111626.04
111626.04
111626.04
111626.04
111626.04
112826.32
111626.04
111626.04
112826.32
111626.04
111626.04
111626.04
110425.76
110425.76
111626.04
111626.04
112826.32
111626.04
111626.04
110425.76
110425.76
110425.76
110425.76
111626.04
110425.76
110425.76
110425.76
110425.76
110425.76
111626.04
110425.76
110425.76
110425.76
109225.48
111626.04
110425.76
110425.76
111626.04
110425.76
110425.76
110425.76
110425.76
110425.76
110425.76
110425.76
110425.76
110425.76
110425.76
110425.76
111626.04
110425.76
110425.76
110425.76
109225.48
109225.48
110425.76
110425.76
109225.48
109225.48
109225.48
109225.48
109225.48
109225.48
109225.48
109225.48
109225.48
109225.48
110425.76
109225.48
109225.48
109225.48
109225.48
109225.48
109225.48
110425.76
109225.48
109225.48
110425.76
109225.48
109225.48
109225.48
109225.48
108025.2
108025.2
109225.48
110425.76
108025.2
108025.2
109225.48
108025.2
109225.48
108025.2
108025.2
108025.2
109225.48
108025.2
109225.48
109225.48
109225.48
109225.48
108025.2
109225.48
109225.48
108025.2
109225.48
109225.48
109225.48
108025.2
109225.48
109225.48
108025.2
108025.2
109225.48
109225.48
108025.2
109225.48
109225.48
109225.48
106824.92
108025.2
108025.2
108025.2
109225.48
108025.2
108025.2
108025.2
108025.2
109225.48
108025.2
109225.48
108025.2
106824.92
108025.2
106824.92
108025.2
109225.48
108025.2
108025.2
109225.48
106824.92
108025.2
108025.2
108025.2
106824.92
106824.92
108025.2
108025.2
106824.92
108025.2
108025.2
108025.2
106824.92
108025.2
108025.2
108025.2
106824.92
106824.92
106824.92
108025.2
108025.2
106824.92
106824.92
108025.2
106824.92
108025.2
108025.2
106824.92
106824.92
106824.92
106824.92
106824.92
106824.92
108025.2
106824.92
106824.92
106824.92
106824.92
105624.64
106824.92
106824.92
105624.64
106824.92
105624.64
106824.92
106824.92
106824.92
108025.2
106824.92
106824.92
106824.92
105624.64
106824.92
105624.64
106824.92
104424.36
106824.92
105624.64
105624.64
105624.64
106824.92
106824.92
105624.64
106824.92
105624.64
106824.92
106824.92
105624.64
106824.92
105624.64
106824.92
105624.64
105624.64
105624.64
106824.92
104424.36
105624.64
104424.36
105624.64
105624.64
105624.64
105624.64
105624.64
105624.64
104424.36
104424.36
105624.64
105624.64
105624.64
104424.36
104424.36
105624.64
104424.36
104424.36
105624.64
104424.36
104424.36
105624.64
105624.64
104424.36
105624.64
105624.64
105624.64
104424.36
104424.36
104424.36
104424.36
105624.64
104424.36
104424.36
105624.64
104424.36
104424.36
104424.36
104424.36
104424.36
104424.36
104424.36
104424.36
104424.36
104424.36
105624.64
104424.36
104424.36
104424.36
103224.08
103224.08
104424.36
104424.36
104424.36
103224.08
104424.36
103224.08
104424.36
103224.08
104424.36
103224.08
103224.08
104424.36
103224.08
103224.08
104424.36
103224.08
103224.08
104424.36
103224.08
104424.36
103224.08
103224.08
103224.08
104424.36
103224.08
104424.36
103224.08
103224.08
104424.36
103224.08
104424.36
103224.08
102023.8
103224.08
103224.08
104424.36
103224.08
103224.08
103224.08
103224.08
103224.08
104424.36
103224.08
102023.8
103224.08
102023.8
103224.08
103224.08
103224.08
103224.08
103224.08
104424.36
103224.08
103224.08
103224.08
103224.08
102023.8
103224.08
103224.08
102023.8
103224.08
102023.8
102023.8
103224.08
102023.8
102023.8
103224.08
103224.08
102023.8
102023.8
102023.8
103224.08
102023.8
103224.08
102023.8
103224.08
102023.8
102023.8
103224.08
102023.8
100823.52
103224.08
103224.08
102023.8
103224.08
102023.8
102023.8
102023.8
102023.8
102023.8
102023.8
102023.8
102023.8
102023.8
100823.52
102023.8
100823.52
102023.8
100823.52
100823.52
102023.8
100823.52
102023.8
99623.24
100823.52
102023.8
100823.52
100823.52
102023.8
100823.52
100823.52
100823.52
100823.52
100823.52
99623.24
102023.8
100823.52
99623.24
100823.52
102023.8
99623.24
102023.8
100823.52
100823.52
100823.52
100823.52
100823.52
99623.24
99623.24
99623.24
99623.24
100823.52
99623.24
100823.52
99623.24
100823.52
99623.24
99623.24
99623.24
99623.24
99623.24
99623.24
100823.52
99623.24
99623.24
100823.52
99623.24
99623.24
100823.52
99623.24
100823.52
99623.24
99623.24
99623.24
100823.52
99623.24
99623.24
99623.24
99623.24
99623.24
99623.24
99623.24
99623.24
99623.24
99623.24
99623.24
99623.24
99623.24
99623.24
99623.24
99623.24
99623.24
99623.24
99623.24
99623.24
99623.24
99623.24
98422.96
99623.24
98422.96
99623.24
99623.24
98422.96
99623.24
99623.24
98422.96
98422.96
98422.96
98422.96
99623.24
99623.24
99623.24
99623.24
99623.24
99623.24
98422.96
99623.24
99623.24
99623.24
99623.24
99623.24
98422.96
98422.96
98422.96
98422.96
99623.24
99623.24
98422.96
96022.4
97222.68
98422.96
98422.96
98422.96
98422.96
98422.96
99623.24
98422.96
98422.96
98422.96
98422.96
98422.96
98422.96
99623.24
98422.96
99623.24
97222.68
98422.96
98422.96
98422.96
99623.24
97222.68
98422.96
98422.96
98422.96
98422.96
97222.68
98422.96
97222.68
97222.68
98422.96
98422.96
97222.68
98422.96
97222.68
98422.96
98422.96
97222.68
97222.68
98422.96
97222.68
97222.68
98422.96
97222.68
98422.96
97222.68
98422.96
96022.4
97222.68
98422.96
97222.68
97222.68
97222.68
97222.68
98422.96
97222.68
97222.68
97222.68
97222.68
97222.68
96022.4
97222.68
97222.68
96022.4
97222.68
97222.68
97222.68
96022.4
96022.4
97222.68
96022.4
97222.68
97222.68
97222.68
96022.4
97222.68
96022.4
97222.68
97222.68
96022.4
96022.4
96022.4
96022.4
97222.68
97222.68
96022.4
97222.68
96022.4
96022.4
97222.68
96022.4
96022.4
96022.4
96022.4
96022.4
96022.4
96022.4
96022.4
97222.68
96022.4
94822.12
96022.4
96022.4
96022.4
94822.12
96022.4
94822.12
96022.4
97222.68
94822.12
96022.4
96022.4
96022.4
96022.4
94822.12
94822.12
94822.12
96022.4
96022.4
94822.12
97222.68
96022.4
94822.12
94822.12
96022.4
96022.4
96022.4
96022.4
94822.12
94822.12
94822.12
94822.12
96022.4
94822.12
94822.12
94822.12
94822.12
94822.12
94822.12
94822.12
94822.12
94822.12
94822.12
94822.12
94822.12
94822.12
94822.12
94822.12
94822.12
94822.12
94822.12
94822.12
94822.12
94822.12
93621.84
94822.12
94822.12
94822.12
94822.12
93621.84
94822.12
94822.12
96022.4
93621.84
93621.84
93621.84
93621.84
94822.12
94822.12
94822.12
94822.12
94822.12
93621.84
94822.12
94822.12
93621.84
94822.12
93621.84
94822.12
93621.84
94822.12
93621.84
93621.84
94822.12
93621.84
93621.84
93621.84
94822.12
92421.56
93621.84
93621.84
94822.12
93621.84
93621.84
94822.12
93621.84
93621.84
93621.84
93621.84
93621.84
94822.12
93621.84
93621.84
93621.84
94822.12
92421.56
93621.84
92421.56
94822.12
92421.56
93621.84
93621.84
93621.84
92421.56
92421.56
93621.84
93621.84
93621.84
93621.84
92421.56
93621.84
92421.56
92421.56
91221.28
93621.84
93621.84
93621.84
94822.12
92421.56
93621.84
93621.84
93621.84
93621.84
92421.56
92421.56
91221.28
92421.56
92421.56
93621.84
91221.28
92421.56
93621.84
92421.56
92421.56
92421.56
92421.56
92421.56
92421.56
92421.56
91221.28
92421.56
92421.56
92421.56
92421.56
92421.56
92421.56
91221.28
91221.28
92421.56
91221.28
92421.56
91221.28
91221.28
91221.28
92421.56
91221.28
91221.28
91221.28
91221.28
91221.28
91221.28
91221.28
91221.28
91221.28
91221.28
91221.28
90021
91221.28
91221.28
91221.28
92421.56
91221.28
91221.28
91221.28
91221.28
90021
91221.28
91221.28
92421.56
90021
91221.28
90021
92421.56
91221.28
91221.28
91221.28
90021
91221.28
91221.28
90021
90021
91221.28
90021
90021
91221.28
91221.28
90021
92421.56
90021
90021
91221.28
90021
91221.28
90021
90021
88820.72
90021
90021
90021
90021
90021
91221.28
90021
91221.28
90021
91221.28
90021
91221.28
90021
90021
90021
91221.28
90021
90021
91221.28
91221.28
90021
88820.72
90021
91221.28
90021
91221.28
90021
90021
90021
90021
90021
90021
88820.72
90021
91221.28
90021
90021
88820.72
90021
90021
90021
90021
88820.72
90021
90021
90021
88820.72
88820.72
88820.72
88820.72
90021
88820.72
90021
90021
88820.72
90021
90021
88820.72
88820.72
88820.72
90021
90021
90021
88820.72
87620.44
90021
90021
90021
88820.72
88820.72
88820.72
90021
90021
88820.72
88820.72
87620.44
88820.72
88820.72
90021
88820.72
88820.72
87620.44
88820.72
90021
88820.72
88820.72
88820.72
88820.72
88820.72
88820.72
88820.72
88820.72
90021
88820.72
88820.72
87620.44
88820.72
87620.44
87620.44
88820.72
88820.72
87620.44
88820.72
87620.44
88820.72
88820.72
87620.44
88820.72
87620.44
87620.44
88820.72
90021
87620.44
88820.72
88820.72
87620.44
88820.72
88820.72
87620.44
87620.44
87620.44
87620.44
87620.44
87620.44
86420.16
88820.72
87620.44
87620.44
87620.44
87620.44
87620.44
87620.44
87620.44
87620.44
86420.16
87620.44
86420.16
87620.44
87620.44
87620.44
86420.16
87620.44
86420.16
86420.16
87620.44
86420.16
86420.16
87620.44
86420.16
87620.44
87620.44
87620.44
85219.88
86420.16
87620.44
86420.16
86420.16
86420.16
88820.72
87620.44
86420.16
86420.16
86420.16
86420.16
87620.44
86420.16
87620.44
86420.16
86420.16
86420.16
85219.88
86420.16
86420.16
86420.16
86420.16
86420.16
86420.16
87620.44
86420.16
86420.16
86420.16
86420.16
86420.16
86420.16
86420.16
85219.88
87620.44
87620.44
85219.88
85219.88
85219.88
86420.16
85219.88
86420.16
85219.88
87620.44
85219.88
86420.16
86420.16
85219.88
86420.16
85219.88
85219.88
85219.88
85219.88
86420.16
85219.88
85219.88
85219.88
86420.16
86420.16
85219.88
86420.16
85219.88
85219.88
85219.88
85219.88
85219.88
85219.88
85219.88
84019.6
85219.88
85219.88
86420.16
85219.88
85219.88
85219.88
85219.88
86420.16
85219.88
84019.6
85219.88
85219.88
85219.88
85219.88
85219.88
85219.88
84019.6
85219.88
85219.88
84019.6
85219.88
85219.88
84019.6
85219.88
85219.88
85219.88
85219.88
85219.88
84019.6
84019.6
85219.88
85219.88
85219.88
85219.88
85219.88
84019.6
85219.88
84019.6
84019.6
84019.6
84019.6
84019.6
85219.88
85219.88
85219.88
84019.6
84019.6
85219.88
84019.6
84019.6
84019.6
84019.6
85219.88
84019.6
84019.6
84019.6
85219.88
85219.88
84019.6
85219.88
85219.88
85219.88
84019.6
84019.6
84019.6
85219.88
85219.88
85219.88
84019.6
85219.88
84019.6
84019.6
84019.6
84019.6
84019.6
85219.88
84019.6
84019.6
84019.6
82819.32
84019.6
82819.32
84019.6
84019.6
84019.6
82819.32
84019.6
82819.32
84019.6
84019.6
84019.6
84019.6
84019.6
84019.6
84019.6
82819.32
84019.6
82819.32
82819.32
82819.32
81619.04
82819.32
84019.6
84019.6
82819.32
84019.6
82819.32
81619.04
82819.32
82819.32
84019.6
82819.32
84019.6
82819.32
82819.32
82819.32
81619.04
82819.32
82819.32
82819.32
82819.32
82819.32
82819.32
82819.32
82819.32
81619.04
82819.32
82819.32
82819.32
82819.32
82819.32
82819.32
81619.04
81619.04
82819.32
81619.04
82819.32
81619.04
81619.04
81619.04
80418.76
82819.32
82819.32
81619.04
81619.04
82819.32
82819.32
81619.04
81619.04
81619.04
81619.04
81619.04
80418.76
81619.04
82819.32
81619.04
81619.04
81619.04
81619.04
81619.04
81619.04
81619.04
82819.32
81619.04
82819.32
82819.32
81619.04
80418.76
80418.76
82819.32
81619.04
80418.76
82819.32
81619.04
80418.76
81619.04
80418.76
80418.76
82819.32
80418.76
81619.04
82819.32
81619.04
81619.04
81619.04
80418.76
81619.04
81619.04
81619.04
81619.04
81619.04
82819.32
80418.76
81619.04
80418.76
82819.32
80418.76
81619.04
81619.04
80418.76
80418.76
80418.76
80418.76
80418.76
80418.76
80418.76
80418.76
80418.76
80418.76
80418.76
80418.76
81619.04
80418.76
79218.48
80418.76
80418.76
79218.48
81619.04
80418.76
80418.76
80418.76
80418.76
80418.76
80418.76
80418.76
80418.76
80418.76
80418.76
80418.76
80418.76
80418.76
80418.76
80418.76
80418.76
79218.48
80418.76
80418.76
80418.76
80418.76
79218.48
79218.48
80418.76
80418.76
80418.76
80418.76
80418.76
80418.76
80418.76
80418.76
79218.48
80418.76
79218.48
80418.76
80418.76
80418.76
80418.76
80418.76
80418.76
80418.76
79218.48
79218.48
80418.76
80418.76
79218.48
80418.76
79218.48
80418.76
79218.48
80418.76
80418.76
80418.76
79218.48
80418.76
79218.48
81619.04
79218.48
79218.48
80418.76
80418.76
80418.76
80418.76
79218.48
79218.48
80418.76
80418.76
80418.76
79218.48
78018.2
79218.48
80418.76
79218.48
79218.48
79218.48
79218.48
79218.48
78018.2
79218.48
80418.76
78018.2
79218.48
78018.2
79218.48
79218.48
79218.48
79218.48
79218.48
78018.2
79218.48
79218.48
78018.2
78018.2
78018.2
79218.48
78018.2
79218.48
79218.48
78018.2
78018.2
78018.2
79218.48
79218.48
79218.48
78018.2
79218.48
79218.48
78018.2
78018.2
78018.2
78018.2
78018.2
78018.2
78018.2
78018.2
78018.2
76817.92
78018.2
78018.2
76817.92
76817.92
76817.92
79218.48
78018.2
76817.92
78018.2
78018.2
79218.48
78018.2
76817.92
76817.92
79218.48
76817.92
78018.2
78018.2
78018.2
78018.2
78018.2
78018.2
78018.2
78018.2
78018.2
78018.2
78018.2
78018.2
78018.2
76817.92
76817.92
76817.92
76817.92
78018.2
78018.2
78018.2
78018.2
75617.64
76817.92
78018.2
78018.2
76817.92
78018.2
75617.64
76817.92
78018.2
78018.2
76817.92
76817.92
78018.2
76817.92
76817.92
76817.92
75617.64
76817.92
78018.2
75617.64
76817.92
76817.92
75617.64
75617.64
76817.92
75617.64
76817.92
76817.92
76817.92
76817.92
76817.92
76817.92
75617.64
75617.64
76817.92
76817.92
75617.64
76817.92
75617.64
75617.64
75617.64
75617.64
76817.92
75617.64
75617.64
76817.92
76817.92
75617.64
75617.64
75617.64
76817.92
76817.92
75617.64
75617.64
75617.64
75617.64
75617.64
75617.64
75617.64
75617.64
75617.64
75617.64
75617.64
76817.92
75617.64
75617.64
76817.92
76817.92
75617.64
75617.64
76817.92
75617.64
74417.36
75617.64
75617.64
75617.64
75617.64
75617.64
75617.64
75617.64
75617.64
75617.64
75617.64
75617.64
75617.64
75617.64
74417.36
75617.64
75617.64
75617.64
75617.64
75617.64
75617.64
75617.64
75617.64
75617.64
75617.64
75617.64
75617.64
75617.64
75617.64
75617.64
75617.64
75617.64
75617.64
75617.64
75617.64
74417.36
75617.64
75617.64
75617.64
75617.64
75617.64
75617.64
75617.64
75617.64
75617.64
74417.36
75617.64
74417.36
74417.36
75617.64
75617.64
75617.64
74417.36
74417.36
74417.36
75617.64
74417.36
75617.64
75617.64
74417.36
74417.36
74417.36
73217.08
75617.64
75617.64
74417.36
75617.64
75617.64
75617.64
75617.64
74417.36
74417.36
74417.36
75617.64
75617.64
75617.64
74417.36
75617.64
74417.36
74417.36
75617.64
74417.36
74417.36
74417.36
74417.36
74417.36
75617.64
74417.36
74417.36
75617.64
74417.36
74417.36
73217.08
74417.36
74417.36
74417.36
75617.64
75617.64
74417.36
74417.36
74417.36
75617.64
74417.36
74417.36
74417.36
74417.36
74417.36
74417.36
74417.36
74417.36
74417.36
74417.36
73217.08
74417.36
74417.36
73217.08
74417.36
73217.08
74417.36
73217.08
74417.36
73217.08
73217.08
73217.08
73217.08
74417.36
73217.08
73217.08
73217.08
74417.36
74417.36
73217.08
74417.36
74417.36
73217.08
74417.36
74417.36
73217.08
73217.08
73217.08
73217.08
73217.08
73217.08
73217.08
74417.36
73217.08
73217.08
73217.08
73217.08
72016.8
73217.08
73217.08
73217.08
73217.08
72016.8
72016.8
73217.08
73217.08
73217.08
73217.08
72016.8
72016.8
73217.08
73217.08
73217.08
73217.08
73217.08
72016.8
73217.08
73217.08
73217.08
72016.8
70816.52
72016.8
73217.08
73217.08
72016.8
72016.8
73217.08
72016.8
72016.8
72016.8
72016.8
72016.8
72016.8
72016.8
72016.8
72016.8
72016.8
72016.8
72016.8
72016.8
70816.52
72016.8
72016.8
72016.8
72016.8
72016.8
72016.8
72016.8
72016.8
72016.8
70816.52
72016.8
72016.8
72016.8
72016.8
72016.8
72016.8
72016.8
72016.8
70816.52
72016.8
73217.08
70816.52
72016.8
70816.52
70816.52
70816.52
72016.8
70816.52
70816.52
72016.8
70816.52
72016.8
72016.8
72016.8
72016.8
72016.8
70816.52
70816.52
72016.8
72016.8
72016.8
70816.52
72016.8
70816.52
72016.8
70816.52
70816.52
70816.52
70816.52
70816.52
70816.52
70816.52
70816.52
70816.52
70816.52
72016.8
70816.52
70816.52
70816.52
70816.52
70816.52
70816.52
70816.52
70816.52
70816.52
70816.52
70816.52
70816.52
70816.52
69616.24
69616.24
70816.52
69616.24
70816.52
70816.52
70816.52
70816.52
69616.24
70816.52
70816.52
70816.52
70816.52
69616.24
70816.52
70816.52
70816.52
70816.52
70816.52
70816.52
70816.52
70816.52
70816.52
70816.52
70816.52
70816.52
70816.52
70816.52
70816.52
69616.24
70816.52
70816.52
70816.52
69616.24
69616.24
69616.24
70816.52
70816.52
69616.24
70816.52
69616.24
69616.24
69616.24
70816.52
70816.52
69616.24
69616.24
69616.24
70816.52
69616.24
70816.52
70816.52
69616.24
69616.24
70816.52
69616.24
70816.52
70816.52
68415.96
69616.24
70816.52
70816.52
69616.24
69616.24
70816.52
69616.24
70816.52
70816.52
69616.24
69616.24
69616.24
69616.24
70816.52
69616.24
68415.96
69616.24
68415.96
69616.24
69616.24
69616.24
69616.24
68415.96
69616.24
69616.24
68415.96
68415.96
68415.96
69616.24
69616.24
68415.96
69616.24
69616.24
69616.24
68415.96
68415.96
69616.24
68415.96
69616.24
69616.24
68415.96
69616.24
68415.96
68415.96
69616.24
69616.24
68415.96
68415.96
68415.96
69616.24
69616.24
68415.96
69616.24
68415.96
68415.96
67215.68
68415.96
67215.68
67215.68
69616.24
68415.96
67215.68
68415.96
68415.96
68415.96
68415.96
68415.96
68415.96
67215.68
68415.96
68415.96
68415.96
68415.96
67215.68
69616.24
68415.96
68415.96
68415.96
68415.96
68415.96
68415.96
68415.96
67215.68
69616.24
69616.24
69616.24
68415.96
68415.96
68415.96
68415.96
68415.96
68415.96
68415.96
67215.68
67215.68
67215.68
67215.68
68415.96
68415.96
67215.68
67215.68
67215.68
68415.96
67215.68
68415.96
67215.68
66015.4
67215.68
67215.68
67215.68
68415.96
68415.96
67215.68
66015.4
67215.68
68415.96
66015.4
67215.68
67215.68
67215.68
67215.68
68415.96
67215.68
67215.68
67215.68
67215.68
67215.68
67215.68
66015.4
66015.4
66015.4
66015.4
68415.96
66015.4
66015.4
67215.68
66015.4
66015.4
67215.68
66015.4
66015.4
67215.68
66015.4
66015.4
66015.4
67215.68
66015.4
67215.68
67215.68
66015.4
68415.96
67215.68
66015.4
66015.4
67215.68
66015.4
66015.4
66015.4
67215.68
66015.4
66015.4
66015.4
66015.4
67215.68
66015.4
66015.4
66015.4
66015.4
67215.68
67215.68
67215.68
66015.4
66015.4
66015.4
66015.4
66015.4
66015.4
66015.4
67215.68
66015.4
66015.4
66015.4
66015.4
66015.4
66015.4
66015.4
66015.4
67215.68
67215.68
66015.4
66015.4
66015.4
66015.4
66015.4
66015.4
64815.12
66015.4
66015.4
66015.4
66015.4
66015.4
66015.4
66015.4
66015.4
63614.84
66015.4
66015.4
64815.12
64815.12
66015.4
66015.4
66015.4
64815.12
66015.4
66015.4
66015.4
64815.12
66015.4
66015.4
66015.4
66015.4
66015.4
64815.12
66015.4
64815.12
64815.12
64815.12
64815.12
63614.84
64815.12
64815.12
66015.4
64815.12
64815.12
64815.12
64815.12
64815.12
66015.4
64815.12
64815.12
66015.4
64815.12
64815.12
64815.12
64815.12
64815.12
66015.4
64815.12
64815.12
64815.12
64815.12
64815.12
64815.12
64815.12
64815.12
64815.12
64815.12
66015.4
66015.4
64815.12
64815.12
64815.12
64815.12
64815.12
64815.12
64815.12
64815.12
64815.12
64815.12
64815.12
64815.12
64815.12
64815.12
63614.84
64815.12
64815.12
63614.84
63614.84
64815.12
63614.84
64815.12
63614.84
64815.12
66015.4
63614.84
64815.12
64815.12
63614.84
63614.84
64815.12
63614.84
64815.12
64815.12
63614.84
63614.84
63614.84
63614.84
63614.84
64815.12
63614.84
63614.84
64815.12
63614.84
63614.84
63614.84
63614.84
64815.12
63614.84
64815.12
63614.84
63614.84
62414.56
62414.56
63614.84
62414.56
63614.84
63614.84
63614.84
63614.84
63614.84
63614.84
63614.84
63614.84
63614.84
62414.56
62414.56
63614.84
63614.84
62414.56
62414.56
63614.84
63614.84
63614.84
62414.56
63614.84
62414.56
63614.84
63614.84
62414.56
62414.56
63614.84
63614.84
63614.84
63614.84
62414.56
62414.56
63614.84
63614.84
62414.56
63614.84
63614.84
63614.84
62414.56
62414.56
62414.56
63614.84
61214.28
63614.84
63614.84
62414.56
63614.84
62414.56
62414.56
62414.56
62414.56
62414.56
62414.56
63614.84
63614.84
62414.56
62414.56
62414.56
62414.56
63614.84
63614.84
63614.84
62414.56
63614.84
62414.56
62414.56
62414.56
62414.56
62414.56
62414.56
63614.84
62414.56
62414.56
62414.56
62414.56
61214.28
62414.56
61214.28
62414.56
62414.56
62414.56
61214.28
62414.56
62414.56
62414.56
61214.28
62414.56
61214.28
62414.56
62414.56
61214.28
62414.56
62414.56
62414.56
62414.56
61214.28
61214.28
61214.28
61214.28
61214.28
61214.28
61214.28
61214.28
61214.28
61214.28
61214.28
61214.28
61214.28
61214.28
61214.28
62414.56
61214.28
61214.28
61214.28
62414.56
61214.28
62414.56
61214.28
61214.28
61214.28
61214.28
62414.56
61214.28
61214.28
61214.28
61214.28
61214.28
61214.28
61214.28
61214.28
61214.28
61214.28
61214.28
61214.28
61214.28
61214.28
61214.28
61214.28
61214.28
61214.28
61214.28
61214.28
61214.28
61214.28
61214.28
61214.28
61214.28
61214.28
61214.28
61214.28
61214.28
61214.28
61214.28
61214.28
61214.28
60014
61214.28
60014
61214.28
61214.28
61214.28
61214.28
61214.28
61214.28
61214.28
61214.28
61214.28
61214.28
61214.28
60014
61214.28
61214.28
61214.28
60014
61214.28
61214.28
60014
61214.28
61214.28
61214.28
61214.28
60014
60014
61214.28
60014
60014
60014
58813.72
60014
61214.28
60014
60014
60014
60014
60014
60014
60014
60014
60014
60014
60014
58813.72
60014
61214.28
60014
60014
60014
60014
60014
60014
58813.72
60014
61214.28
61214.28
58813.72
60014
58813.72
60014
60014
60014
60014
61214.28
60014
60014
60014
58813.72
58813.72
58813.72
60014
60014
60014
60014
60014
60014
58813.72
60014
58813.72
60014
60014
58813.72
60014
60014
58813.72
60014
58813.72
58813.72
58813.72
58813.72
60014
58813.72
58813.72
60014
58813.72
60014
58813.72
58813.72
60014
60014
57613.44
58813.72
57613.44
58813.72
58813.72
58813.72
58813.72
58813.72
60014
58813.72
58813.72
60014
58813.72
58813.72
60014
60014
58813.72
58813.72
58813.72
58813.72
58813.72
58813.72
58813.72
58813.72
60014
58813.72
57613.44
58813.72
58813.72
58813.72
58813.72
58813.72
58813.72
57613.44
58813.72
57613.44
58813.72
57613.44
60014
57613.44
57613.44
57613.44
57613.44
58813.72
57613.44
57613.44
57613.44
57613.44
57613.44
57613.44
57613.44
56413.16
57613.44
57613.44
57613.44
58813.72
58813.72
58813.72
56413.16
57613.44
58813.72
57613.44
57613.44
57613.44
57613.44
57613.44
57613.44
56413.16
56413.16
57613.44
58813.72
57613.44
57613.44
57613.44
57613.44
57613.44
57613.44
57613.44
56413.16
57613.44
57613.44
56413.16
57613.44
56413.16
57613.44
57613.44
57613.44
56413.16
56413.16
57613.44
57613.44
56413.16
57613.44
56413.16
56413.16
57613.44
56413.16
57613.44
56413.16
56413.16
57613.44
57613.44
56413.16
56413.16
57613.44
57613.44
56413.16
57613.44
56413.16
57613.44
56413.16
56413.16
57613.44
57613.44
56413.16
57613.44
56413.16
56413.16
56413.16
56413.16
56413.16
57613.44
56413.16
57613.44
57613.44
56413.16
56413.16
56413.16
56413.16
56413.16
56413.16
56413.16
56413.16
56413.16
56413.16
56413.16
56413.16
56413.16
56413.16
56413.16
56413.16
56413.16
56413.16
56413.16
55212.88
55212.88
56413.16
56413.16
56413.16
56413.16
56413.16
56413.16
56413.16
56413.16
56413.16
56413.16
56413.16
56413.16
56413.16
55212.88
55212.88
56413.16
56413.16
56413.16
55212.88
56413.16
55212.88
56413.16
56413.16
55212.88
56413.16
56413.16
56413.16
56413.16
56413.16
56413.16
55212.88
56413.16
55212.88
56413.16
56413.16
56413.16
56413.16
55212.88
56413.16
55212.88
55212.88
56413.16
56413.16
56413.16
55212.88
56413.16
56413.16
55212.88
56413.16
55212.88
55212.88
55212.88
55212.88
55212.88
55212.88
56413.16
55212.88
54012.6
55212.88
56413.16
55212.88
56413.16
55212.88
55212.88
54012.6
56413.16
56413.16
54012.6
55212.88
54012.6
55212.88
54012.6
55212.88
54012.6
55212.88
56413.16
55212.88
55212.88
55212.88
55212.88
55212.88
55212.88
54012.6
55212.88
55212.88
55212.88
54012.6
55212.88
55212.88
54012.6
55212.88
54012.6
55212.88
54012.6
54012.6
54012.6
55212.88
54012.6
55212.88
55212.88
54012.6
55212.88
54012.6
55212.88
54012.6
54012.6
55212.88
54012.6
55212.88
55212.88
54012.6
55212.88
55212.88
55212.88
54012.6
55212.88
54012.6
54012.6
55212.88
54012.6
55212.88
54012.6
54012.6
54012.6
54012.6
54012.6
54012.6
55212.88
55212.88
54012.6
54012.6
52812.32
54012.6
55212.88
54012.6
54012.6
54012.6
52812.32
54012.6
54012.6
52812.32
54012.6
54012.6
54012.6
54012.6
54012.6
54012.6
54012.6
54012.6
54012.6
54012.6
54012.6
54012.6
55212.88
52812.32
54012.6
54012.6
54012.6
52812.32
54012.6
54012.6
54012.6
55212.88
54012.6
52812.32
52812.32
54012.6
54012.6
52812.32
54012.6
52812.32
54012.6
52812.32
52812.32
54012.6
54012.6
52812.32
52812.32
52812.32
52812.32
54012.6
52812.32
52812.32
52812.32
51612.04
52812.32
52812.32
52812.32
52812.32
52812.32
52812.32
52812.32
52812.32
52812.32
52812.32
52812.32
52812.32
52812.32
52812.32
52812.32
52812.32
54012.6
52812.32
54012.6
51612.04
52812.32
54012.6
52812.32
52812.32
52812.32
52812.32
51612.04
52812.32
51612.04
51612.04
52812.32
51612.04
51612.04
51612.04
51612.04
52812.32
52812.32
52812.32
52812.32
52812.32
51612.04
51612.04
52812.32
54012.6
51612.04
51612.04
51612.04
52812.32
52812.32
52812.32
51612.04
51612.04
51612.04
51612.04
51612.04
51612.04
51612.04
51612.04
51612.04
51612.04
52812.32
52812.32
52812.32
51612.04
51612.04
51612.04
51612.04
52812.32
54012.6
52812.32
52812.32
51612.04
51612.04
51612.04
51612.04
51612.04
51612.04
51612.04
51612.04
51612.04
51612.04
51612.04
51612.04
51612.04
51612.04
51612.04
51612.04
51612.04
50411.76
51612.04
51612.04
51612.04
51612.04
51612.04
51612.04
50411.76
51612.04
51612.04
51612.04
51612.04
51612.04
51612.04
51612.04
51612.04
51612.04
51612.04
51612.04
50411.76
51612.04
51612.04
51612.04
51612.04
51612.04
50411.76
51612.04
51612.04
51612.04
51612.04
51612.04
51612.04
51612.04
51612.04
51612.04
51612.04
51612.04
51612.04
50411.76
51612.04
51612.04
51612.04
51612.04
50411.76
51612.04
50411.76
51612.04
51612.04
50411.76
51612.04
50411.76
51612.04
50411.76
50411.76
50411.76
51612.04
50411.76
50411.76
51612.04
51612.04
50411.76
50411.76
51612.04
50411.76
51612.04
50411.76
50411.76
50411.76
51612.04
50411.76
50411.76
50411.76
51612.04
51612.04
50411.76
50411.76
51612.04
50411.76
50411.76
51612.04
50411.76
51612.04
51612.04
50411.76
51612.04
51612.04
51612.04
50411.76
51612.04
49211.48
49211.48
50411.76
50411.76
50411.76
50411.76
51612.04
49211.48
50411.76
50411.76
50411.76
49211.48
50411.76
50411.76
50411.76
50411.76
50411.76
50411.76
50411.76
50411.76
50411.76
50411.76
50411.76
50411.76
49211.48
49211.48
50411.76
49211.48
50411.76
49211.48
50411.76
50411.76
50411.76
50411.76
49211.48
50411.76
49211.48
49211.48
49211.48
49211.48
49211.48
50411.76
49211.48
50411.76
49211.48
50411.76
51612.04
50411.76
49211.48
50411.76
49211.48
50411.76
49211.48
48011.2
50411.76
50411.76
50411.76
48011.2
50411.76
50411.76
49211.48
50411.76
48011.2
49211.48
49211.48
49211.48
49211.48
49211.48
49211.48
49211.48
49211.48
46810.92
49211.48
50411.76
49211.48
50411.76
48011.2
49211.48
49211.48
49211.48
49211.48
49211.48
49211.48
49211.48
49211.48
49211.48
50411.76
49211.48
49211.48
49211.48
49211.48
49211.48
48011.2
49211.48
48011.2
49211.48
49211.48
48011.2
49211.48
48011.2
48011.2
49211.48
48011.2
49211.48
49211.48
46810.92
48011.2
48011.2
48011.2
49211.48
49211.48
49211.48
48011.2
48011.2
48011.2
49211.48
48011.2
49211.48
46810.92
48011.2
50411.76
48011.2
48011.2
49211.48
49211.48
49211.48
48011.2
49211.48
48011.2
49211.48
48011.2
48011.2
49211.48
48011.2
48011.2
49211.48
49211.48
48011.2
49211.48
48011.2
48011.2
48011.2
48011.2
48011.2
48011.2
48011.2
48011.2
48011.2
49211.48
49211.48
48011.2
49211.48
49211.48
48011.2
48011.2
49211.48
48011.2
48011.2
46810.92
48011.2
46810.92
48011.2
48011.2
46810.92
48011.2
48011.2
48011.2
46810.92
46810.92
49211.48
48011.2
48011.2
48011.2
48011.2
48011.2
46810.92
49211.48
46810.92
48011.2
46810.92
46810.92
48011.2
48011.2
48011.2
48011.2
48011.2
46810.92
48011.2
46810.92
46810.92
46810.92
46810.92
48011.2
46810.92
46810.92
46810.92
46810.92
46810.92
46810.92
46810.92
46810.92
46810.92
48011.2
46810.92
46810.92
46810.92
46810.92
46810.92
48011.2
46810.92
46810.92
46810.92
46810.92
46810.92
48011.2
48011.2
48011.2
46810.92
46810.92
46810.92
46810.92
48011.2
46810.92
46810.92
46810.92
46810.92
46810.92
46810.92
46810.92
46810.92
46810.92
45610.64
46810.92
46810.92
46810.92
46810.92
46810.92
46810.92
46810.92
46810.92
46810.92
46810.92
46810.92
46810.92
46810.92
46810.92
46810.92
46810.92
46810.92
46810.92
46810.92
46810.92
46810.92
46810.92
46810.92
46810.92
46810.92
46810.92
46810.92
46810.92
46810.92
45610.64
46810.92
46810.92
46810.92
46810.92
46810.92
46810.92
46810.92
46810.92
46810.92
46810.92
46810.92
45610.64
46810.92
46810.92
46810.92
46810.92
46810.92
46810.92
46810.92
45610.64
46810.92
45610.64
46810.92
46810.92
46810.92
46810.92
46810.92
45610.64
45610.64
46810.92
45610.64
48011.2
46810.92
45610.64
46810.92
45610.64
46810.92
45610.64
45610.64
45610.64
45610.64
45610.64
46810.92
45610.64
46810.92
45610.64
46810.92
46810.92
45610.64
45610.64
45610.64
46810.92
46810.92
45610.64
46810.92
45610.64
46810.92
46810.92
45610.64
45610.64
45610.64
45610.64
45610.64
46810.92
46810.92
46810.92
46810.92
45610.64
45610.64
45610.64
46810.92
45610.64
46810.92
46810.92
46810.92
45610.64
45610.64
45610.64
46810.92
45610.64
45610.64
45610.64
44410.36
45610.64
45610.64
45610.64
45610.64
45610.64
45610.64
45610.64
46810.92
46810.92
45610.64
45610.64
46810.92
45610.64
46810.92
45610.64
44410.36
44410.36
45610.64
45610.64
45610.64
45610.64
45610.64
45610.64
45610.64
45610.64
44410.36
45610.64
45610.64
45610.64
45610.64
44410.36
45610.64
45610.64
45610.64
45610.64
44410.36
45610.64
44410.36
43210.08
44410.36
44410.36
45610.64
44410.36
44410.36
45610.64
45610.64
44410.36
44410.36
45610.64
44410.36
44410.36
44410.36
44410.36
44410.36
45610.64
44410.36
44410.36
44410.36
44410.36
44410.36
45610.64
45610.64
44410.36
45610.64
44410.36
44410.36
43210.08
43210.08
44410.36
44410.36
44410.36
44410.36
44410.36
44410.36
45610.64
44410.36
44410.36
44410.36
44410.36
44410.36
44410.36
45610.64
44410.36
45610.64
44410.36
45610.64
44410.36
44410.36
44410.36
44410.36
44410.36
44410.36
44410.36
44410.36
44410.36
44410.36
44410.36
43210.08
44410.36
44410.36
45610.64
44410.36
44410.36
44410.36
43210.08
44410.36
43210.08
43210.08
44410.36
44410.36
44410.36
44410.36
44410.36
44410.36
43210.08
43210.08
44410.36
44410.36
44410.36
43210.08
43210.08
44410.36
43210.08
43210.08
44410.36
45610.64
43210.08
43210.08
44410.36
44410.36
43210.08
43210.08
44410.36
43210.08
44410.36
44410.36
43210.08
43210.08
43210.08
43210.08
43210.08
43210.08
42009.8
42009.8
44410.36
43210.08
44410.36
43210.08
44410.36
44410.36
43210.08
42009.8
42009.8
44410.36
43210.08
43210.08
43210.08
43210.08
44410.36
43210.08
43210.08
44410.36
43210.08
43210.08
43210.08
43210.08
43210.08
44410.36
43210.08
43210.08
42009.8
43210.08
43210.08
43210.08
44410.36
43210.08
42009.8
43210.08
43210.08
42009.8
43210.08
43210.08
43210.08
42009.8
42009.8
43210.08
42009.8
43210.08
43210.08
43210.08
42009.8
43210.08
43210.08
43210.08
43210.08
43210.08
43210.08
42009.8
42009.8
42009.8
42009.8
42009.8
43210.08
43210.08
44410.36
43210.08
43210.08
44410.36
44410.36
42009.8
43210.08
43210.08
43210.08
44410.36
43210.08
43210.08
43210.08
42009.8
43210.08
42009.8
43210.08
42009.8
42009.8
42009.8
42009.8
42009.8
42009.8
42009.8
42009.8
42009.8
42009.8
42009.8
42009.8
43210.08
42009.8
42009.8
42009.8
42009.8
42009.8
42009.8
42009.8
42009.8
42009.8
42009.8
42009.8
42009.8
43210.08
42009.8
42009.8
42009.8
40809.52
42009.8
42009.8
42009.8
42009.8
42009.8
42009.8
42009.8
42009.8
42009.8
43210.08
42009.8
42009.8
42009.8
42009.8
42009.8
42009.8
42009.8
42009.8
42009.8
42009.8
40809.52
42009.8
42009.8
42009.8
42009.8
42009.8
42009.8
42009.8
40809.52
42009.8