LAT
1215-25 impulso cuchilla 13 - MetalCe
Contacto fijo A-
8 bits, 5000 samples at 16ns
16.00000e-009
-600.14
-600.14
0
-600.14
-600.14
-600.14
-600.14
-600.14
0
0
-600.14
-600.14
-600.14
0
-600.14
0
-600.14
-600.14
0
0
-600.14
-600.14
-600.14
0
600.14
0
-600.14
-600.14
-600.14
-600.14
-600.14
0
600.14
0
-600.14
0
0
-600.14
-600.14
0
-600.14
-600.14
-600.14
0
0
0
0
0
-600.14
-600.14
-600.14
-600.14
-600.14
-600.14
0
0
-600.14
0
0
-600.14
-600.14
600.14
0
0
-600.14
-600.14
-600.14
0
-600.14
-600.14
-600.14
-600.14
0
-600.14
-600.14
0
-600.14
-600.14
-600.14
0
-600.14
-1200.28
-600.14
0
-600.14
-600.14
0
-600.14
-600.14
-1200.28
-600.14
0
-600.14
-600.14
600.14
-600.14
0
-600.14
-600.14
0
-600.14
-600.14
-600.14
-600.14
-600.14
-600.14
-600.14
0
-600.14
-600.14
-600.14
-600.14
-600.14
0
0
-600.14
0
-600.14
-600.14
-600.14
-600.14
-600.14
-600.14
-600.14
0
-600.14
0
-600.14
0
0
0
-600.14
-600.14
-600.14
-600.14
0
0
0
0
0
-600.14
0
-600.14
0
0
0
0
0
1200.28
0
0
0
-3600.84
16203.78
600.14
-4200.98
-9002.1
-22205.18
-4200.98
9002.1
10802.52
2400.56
-9002.1
-21004.9
-44410.36
-48611.34
-37808.82
-43210.08
-48011.2
-21605.04
-8401.96
-8401.96
7801.82
18004.2
-5401.26
-33607.84
-52212.18
-76817.92
-84019.6
-74417.36
-66015.4
-66615.54
-57613.44
-46210.78
-45010.5
-49211.48
-48011.2
-52812.32
-69616.24
-77418.06
-72016.8
-75617.64
-79818.62
-69616.24
-64214.98
-69016.1
-70216.38
-70816.52
-82219.18
-91221.28
-90621.14
-93621.84
-95422.26
-91821.42
-89420.86
-86420.16
-78018.2
-73817.22
-78618.34
-82819.32
-81619.04
-85820.02
-93021.7
-96622.54
-98422.96
-101423.66
-102623.94
-100223.38
-96622.54
-96622.54
-97222.68
-96022.4
-94221.98
-93021.7
-93621.84
-93021.7
-94221.98
-95422.26
-97222.68
-97822.82
-98422.96
-99023.1
-100823.52
-102023.8
-103824.22
-104424.36
-105024.5
-105024.5
-104424.36
-103224.08
-102623.94
-102623.94
-101423.66
-100223.38
-99023.1
-99623.24
-99023.1
-99623.24
-102023.8
-102623.94
-103824.22
-105024.5
-106224.78
-107425.06
-107425.06
-107425.06
-106824.92
-105024.5
-103824.22
-103224.08
-102023.8
-102623.94
-102623.94
-102623.94
-102623.94
-103224.08
-103224.08
-104424.36
-105624.64
-106224.78
-106224.78
-105624.64
-105624.64
-105624.64
-105624.64
-105624.64
-105624.64
-104424.36
-103824.22
-103224.08
-102623.94
-103224.08
-103224.08
-103224.08
-103824.22
-105024.5
-105024.5
-106224.78
-106224.78
-106224.78
-106224.78
-105624.64
-105024.5
-105024.5
-105024.5
-104424.36
-105024.5
-104424.36
-104424.36
-103824.22
-103224.08
-103824.22
-103824.22
-104424.36
-105024.5
-105024.5
-105624.64
-105624.64
-105624.64
-105624.64
-105624.64
-105024.5
-104424.36
-104424.36
-103824.22
-103224.08
-102623.94
-103224.08
-103224.08
-103224.08
-103824.22
-103824.22
-104424.36
-105024.5
-105024.5
-105624.64
-105024.5
-105024.5
-105024.5
-104424.36
-104424.36
-103824.22
-103824.22
-103824.22
-103224.08
-103224.08
-103824.22
-103224.08
-103224.08
-103824.22
-103824.22
-103824.22
-105024.5
-105024.5
-105024.5
-104424.36
-105024.5
-105024.5
-104424.36
-103824.22
-104424.36
-103824.22
-103824.22
-103824.22
-103224.08
-103824.22
-103824.22
-103824.22
-103824.22
-103824.22
-104424.36
-104424.36
-104424.36
-104424.36
-104424.36
-105024.5
-105024.5
-104424.36
-103824.22
-104424.36
-103824.22
-103824.22
-103824.22
-103824.22
-103824.22
-103824.22
-103824.22
-104424.36
-104424.36
-103824.22
-103824.22
-103824.22
-103824.22
-103824.22
-103824.22
-103224.08
-103224.08
-103224.08
-102623.94
-102623.94
-102623.94
-103224.08
-102623.94
-103224.08
-103224.08
-102623.94
-103824.22
-103224.08
-103224.08
-103224.08
-102623.94
-103224.08
-103224.08
-103224.08
-103224.08
-103224.08
-102623.94
-102623.94
-102623.94
-102623.94
-102623.94
-103224.08
-102623.94
-102623.94
-103224.08
-103224.08
-103824.22
-102623.94
-103224.08
-102623.94
-103224.08
-102623.94
-102623.94
-102623.94
-102023.8
-102623.94
-102623.94
-102623.94
-102623.94
-102623.94
-103224.08
-103224.08
-102623.94
-103224.08
-102623.94
-102623.94
-102623.94
-102623.94
-102623.94
-102623.94
-102623.94
-102623.94
-102623.94
-102023.8
-102623.94
-102623.94
-102623.94
-102023.8
-102023.8
-102023.8
-102023.8
-102023.8
-102023.8
-102023.8
-102023.8
-102623.94
-102623.94
-102623.94
-102023.8
-102023.8
-102023.8
-102023.8
-102623.94
-102023.8
-102023.8
-102023.8
-101423.66
-102023.8
-102023.8
-101423.66
-102023.8
-102023.8
-101423.66
-102023.8
-101423.66
-102023.8
-101423.66
-102023.8
-102023.8
-102023.8
-101423.66
-101423.66
-102023.8
-102023.8
-101423.66
-101423.66
-101423.66
-101423.66
-102023.8
-101423.66
-101423.66
-100823.52
-101423.66
-100823.52
-101423.66
-100823.52
-100823.52
-100823.52
-100823.52
-100823.52
-100823.52
-101423.66
-101423.66
-100823.52
-101423.66
-100823.52
-100823.52
-100823.52
-100823.52
-100823.52
-100823.52
-100223.38
-100823.52
-100223.38
-100223.38
-100223.38
-100223.38
-100223.38
-100823.52
-100223.38
-100823.52
-100223.38
-100223.38
-100223.38
-100223.38
-100223.38
-100823.52
-100223.38
-100223.38
-100223.38
-100823.52
-100223.38
-100223.38
-100223.38
-100223.38
-100223.38
-100223.38
-100223.38
-100223.38
-100223.38
-100223.38
-100223.38
-100223.38
-99623.24
-100223.38
-100223.38
-100223.38
-100223.38
-99623.24
-100223.38
-100223.38
-100223.38
-100223.38
-100223.38
-100223.38
-100223.38
-100223.38
-99623.24
-100223.38
-99623.24
-99623.24
-100223.38
-99623.24
-99623.24
-99623.24
-99623.24
-99623.24
-99623.24
-100223.38
-99623.24
-100223.38
-100223.38
-99023.1
-99623.24
-100223.38
-100223.38
-99623.24
-99623.24
-99623.24
-99623.24
-99623.24
-99623.24
-99023.1
-100223.38
-100223.38
-99623.24
-99023.1
-98422.96
-99023.1
-99023.1
-98422.96
-99023.1
-100223.38
-99023.1
-99623.24
-99623.24
-99023.1
-98422.96
-99023.1
-98422.96
-99023.1
-99023.1
-99023.1
-98422.96
-98422.96
-99023.1
-99023.1
-99023.1
-99023.1
-99023.1
-99023.1
-98422.96
-99023.1
-98422.96
-98422.96
-99023.1
-98422.96
-98422.96
-98422.96
-98422.96
-98422.96
-97822.82
-98422.96
-98422.96
-97822.82
-98422.96
-98422.96
-98422.96
-98422.96
-97822.82
-97822.82
-98422.96
-97822.82
-97822.82
-97822.82
-97822.82
-97822.82
-97822.82
-97822.82
-97822.82
-97822.82
-98422.96
-97822.82
-97822.82
-97822.82
-97822.82
-97822.82
-97822.82
-98422.96
-97822.82
-97822.82
-97222.68
-98422.96
-97822.82
-97822.82
-97822.82
-97822.82
-97822.82
-97822.82
-97822.82
-97822.82
-97822.82
-97822.82
-97822.82
-97822.82
-98422.96
-97822.82
-97822.82
-97822.82
-98422.96
-97822.82
-97822.82
-97822.82
-97822.82
-97822.82
-97822.82
-97222.68
-97222.68
-97822.82
-97822.82
-97822.82
-97222.68
-97222.68
-97222.68
-97222.68
-97222.68
-97222.68
-97222.68
-97222.68
-96622.54
-97222.68
-97222.68
-97222.68
-97222.68
-97222.68
-96622.54
-96622.54
-96622.54
-96022.4
-97222.68
-97222.68
-96622.54
-97222.68
-96022.4
-96622.54
-96622.54
-96622.54
-96622.54
-97222.68
-96022.4
-96622.54
-96022.4
-96022.4
-96022.4
-96022.4
-96022.4
-96022.4
-96022.4
-96022.4
-96022.4
-96022.4
-96022.4
-96022.4
-96022.4
-95422.26
-96022.4
-96022.4
-96022.4
-96022.4
-96022.4
-96022.4
-96022.4
-96022.4
-96022.4
-95422.26
-95422.26
-96022.4
-96022.4
-96022.4
-96022.4
-96022.4
-96022.4
-96022.4
-95422.26
-96022.4
-96022.4
-95422.26
-96022.4
-95422.26
-95422.26
-95422.26
-95422.26
-95422.26
-96022.4
-95422.26
-96022.4
-95422.26
-95422.26
-95422.26
-95422.26
-95422.26
-95422.26
-95422.26
-95422.26
-95422.26
-95422.26
-95422.26
-94221.98
-95422.26
-95422.26
-95422.26
-95422.26
-95422.26
-95422.26
-95422.26
-95422.26
-94822.12
-95422.26
-95422.26
-95422.26
-95422.26
-94822.12
-95422.26
-94822.12
-94822.12
-94822.12
-94822.12
-94822.12
-94822.12
-94822.12
-94221.98
-94822.12
-94822.12
-94221.98
-94822.12
-94822.12
-94221.98
-94822.12
-94822.12
-94822.12
-94221.98
-94822.12
-94221.98
-94822.12
-94822.12
-94221.98
-94822.12
-94822.12
-94221.98
-94221.98
-94221.98
-94221.98
-94221.98
-94221.98
-94221.98
-94221.98
-94221.98
-94221.98
-94221.98
-94221.98
-93621.84
-93621.84
-94221.98
-93621.84
-94221.98
-94221.98
-93621.84
-94221.98
-94221.98
-93621.84
-93621.84
-94221.98
-93621.84
-93621.84
-93621.84
-94221.98
-93621.84
-93621.84
-94221.98
-94221.98
-93021.7
-94221.98
-93621.84
-93621.84
-94221.98
-93621.84
-93621.84
-93021.7
-94221.98
-93621.84
-93621.84
-93621.84
-93621.84
-93621.84
-93621.84
-93621.84
-93021.7
-93621.84
-93621.84
-93021.7
-93021.7
-93621.84
-93621.84
-93621.84
-93021.7
-93021.7
-93621.84
-93021.7
-93621.84
-93021.7
-93021.7
-92421.56
-93021.7
-93621.84
-93021.7
-93021.7
-93021.7
-93021.7
-93021.7
-93021.7
-93021.7
-93021.7
-93021.7
-93021.7
-93021.7
-93021.7
-92421.56
-92421.56
-93021.7
-93021.7
-93021.7
-92421.56
-91821.42
-92421.56
-92421.56
-93021.7
-92421.56
-92421.56
-92421.56
-92421.56
-91821.42
-92421.56
-91821.42
-92421.56
-92421.56
-92421.56
-92421.56
-92421.56
-92421.56
-92421.56
-91821.42
-91821.42
-91221.28
-91821.42
-92421.56
-91821.42
-91821.42
-92421.56
-91821.42
-91821.42
-91821.42
-91821.42
-91821.42
-91821.42
-91821.42
-91821.42
-91821.42
-91821.42
-91821.42
-91821.42
-91821.42
-91821.42
-91221.28
-91821.42
-91821.42
-92421.56
-91821.42
-91821.42
-91221.28
-91221.28
-91221.28
-91221.28
-92421.56
-92421.56
-91221.28
-92421.56
-91821.42
-91221.28
-91821.42
-91821.42
-91821.42
-91221.28
-91221.28
-91221.28
-91221.28
-91221.28
-90621.14
-90621.14
-91221.28
-91221.28
-91221.28
-90621.14
-91221.28
-91221.28
-91221.28
-91221.28
-91221.28
-90621.14
-91221.28
-91221.28
-91221.28
-90621.14
-91221.28
-90621.14
-91221.28
-90621.14
-90621.14
-90621.14
-90621.14
-91221.28
-91221.28
-90621.14
-90621.14
-90621.14
-90021
-90621.14
-90621.14
-90621.14
-90621.14
-90621.14
-90021
-90621.14
-90621.14
-90621.14
-90621.14
-90021
-90621.14
-90621.14
-90621.14
-90021
-90621.14
-90621.14
-90621.14
-90021
-90621.14
-90021
-90021
-90621.14
-90021
-90021
-90021
-90021
-90021
-90021
-90021
-90021
-90621.14
-90021
-90021
-90021
-90021
-89420.86
-90021
-90021
-89420.86
-90021
-90021
-90021
-89420.86
-90021
-90021
-89420.86
-90021
-88820.72
-89420.86
-89420.86
-89420.86
-90021
-90021
-89420.86
-89420.86
-89420.86
-89420.86
-89420.86
-89420.86
-89420.86
-88820.72
-89420.86
-89420.86
-89420.86
-89420.86
-89420.86
-89420.86
-89420.86
-88820.72
-89420.86
-90021
-88820.72
-88820.72
-89420.86
-88820.72
-89420.86
-89420.86
-88820.72
-88820.72
-88820.72
-89420.86
-88820.72
-88820.72
-88820.72
-88220.58
-88820.72
-88820.72
-88220.58
-88820.72
-88220.58
-88820.72
-88220.58
-88820.72
-88220.58
-88220.58
-88820.72
-88220.58
-88820.72
-88220.58
-88820.72
-88220.58
-88220.58
-88220.58
-88220.58
-88220.58
-88220.58
-88220.58
-88820.72
-88220.58
-88220.58
-87620.44
-88220.58
-88220.58
-88220.58
-88220.58
-88820.72
-88220.58
-88820.72
-88220.58
-88220.58
-88220.58
-88220.58
-88220.58
-88220.58
-88220.58
-87620.44
-87620.44
-87620.44
-88220.58
-87620.44
-87620.44
-87620.44
-87620.44
-88220.58
-88220.58
-87620.44
-88220.58
-87620.44
-88220.58
-87620.44
-87620.44
-87620.44
-88220.58
-87620.44
-88220.58
-87620.44
-87020.3
-87020.3
-87020.3
-87620.44
-87020.3
-87020.3
-87620.44
-87620.44
-87020.3
-87620.44
-87620.44
-87020.3
-87020.3
-87620.44
-87020.3
-87020.3
-87620.44
-87620.44
-87020.3
-88220.58
-87020.3
-87020.3
-87020.3
-87020.3
-87620.44
-87020.3
-87020.3
-87020.3
-87620.44
-87020.3
-87020.3
-87020.3
-87020.3
-86420.16
-87020.3
-87020.3
-86420.16
-86420.16
-87020.3
-87020.3
-87020.3
-87020.3
-85820.02
-86420.16
-86420.16
-86420.16
-86420.16
-85820.02
-86420.16
-86420.16
-86420.16
-85820.02
-86420.16
-86420.16
-86420.16
-86420.16
-86420.16
-85820.02
-85820.02
-85820.02
-85820.02
-86420.16
-85820.02
-85820.02
-85820.02
-85820.02
-85820.02
-86420.16
-86420.16
-85820.02
-85820.02
-85820.02
-85820.02
-85820.02
-85820.02
-85820.02
-85820.02
-85820.02
-85820.02
-85820.02
-85820.02
-85820.02
-85820.02
-85820.02
-85820.02
-85820.02
-85820.02
-85820.02
-85820.02
-85219.88
-85219.88
-85820.02
-85219.88
-85820.02
-85219.88
-85219.88
-85820.02
-85820.02
-85820.02
-85820.02
-85820.02
-85820.02
-85219.88
-85820.02
-85820.02
-85219.88
-85820.02
-85219.88
-85219.88
-86420.16
-85219.88
-84619.74
-85219.88
-85219.88
-85219.88
-85219.88
-85219.88
-85219.88
-85820.02
-85219.88
-85219.88
-84619.74
-84619.74
-85219.88
-84619.74
-85219.88
-85219.88
-84619.74
-85219.88
-84619.74
-85219.88
-84619.74
-84619.74
-84619.74
-84619.74
-84619.74
-84619.74
-84619.74
-84619.74
-84619.74
-84619.74
-84619.74
-84619.74
-84619.74
-84619.74
-84019.6
-84619.74
-84019.6
-84019.6
-84019.6
-84619.74
-84019.6
-84019.6
-84019.6
-84619.74
-84019.6
-84619.74
-84019.6
-84619.74
-83419.46
-84019.6
-84019.6
-84019.6
-84019.6
-83419.46
-83419.46
-84019.6
-83419.46
-83419.46
-84019.6
-83419.46
-84019.6
-84019.6
-83419.46
-83419.46
-84019.6
-83419.46
-84019.6
-84019.6
-83419.46
-83419.46
-83419.46
-84019.6
-83419.46
-83419.46
-83419.46
-83419.46
-83419.46
-84019.6
-83419.46
-83419.46
-83419.46
-83419.46
-83419.46
-83419.46
-83419.46
-83419.46
-83419.46
-84019.6
-83419.46
-84019.6
-84019.6
-83419.46
-83419.46
-83419.46
-83419.46
-83419.46
-83419.46
-83419.46
-83419.46
-83419.46
-82819.32
-82819.32
-84019.6
-83419.46
-83419.46
-83419.46
-82819.32
-82819.32
-83419.46
-83419.46
-82819.32
-83419.46
-82819.32
-83419.46
-82819.32
-82819.32
-82819.32
-82819.32
-83419.46
-82819.32
-83419.46
-82819.32
-82819.32
-82819.32
-82219.18
-81619.04
-82819.32
-82819.32
-82219.18
-82819.32
-82219.18
-82219.18
-82219.18
-82819.32
-81619.04
-82219.18
-82219.18
-82219.18
-82219.18
-82819.32
-82219.18
-82219.18
-82219.18
-82219.18
-82219.18
-82219.18
-82219.18
-82219.18
-82219.18
-81619.04
-82819.32
-81619.04
-82219.18
-81619.04
-82219.18
-81619.04
-81619.04
-81619.04
-81619.04
-81619.04
-81619.04
-81619.04
-81619.04
-82219.18
-81619.04
-81619.04
-81619.04
-81619.04
-82219.18
-81018.9
-81619.04
-82219.18
-81018.9
-81018.9
-81619.04
-81619.04
-81018.9
-81619.04
-81619.04
-81018.9
-81018.9
-81619.04
-81619.04
-82219.18
-81619.04
-81619.04
-81619.04
-81018.9
-81619.04
-81018.9
-81619.04
-81018.9
-81018.9
-81018.9
-81018.9
-81619.04
-81018.9
-80418.76
-81018.9
-81018.9
-81619.04
-81619.04
-81018.9
-81018.9
-81018.9
-81018.9
-81018.9
-81018.9
-81018.9
-81018.9
-81018.9
-81619.04
-81018.9
-81619.04
-81018.9
-81018.9
-81018.9
-81018.9
-81018.9
-81018.9
-81018.9
-80418.76
-80418.76
-80418.76
-81018.9
-81018.9
-81018.9
-80418.76
-81018.9
-80418.76
-81018.9
-80418.76
-80418.76
-80418.76
-80418.76
-80418.76
-80418.76
-80418.76
-80418.76
-79818.62
-80418.76
-80418.76
-79818.62
-80418.76
-80418.76
-80418.76
-79818.62
-79818.62
-79818.62
-80418.76
-79818.62
-79818.62
-80418.76
-79818.62
-80418.76
-79818.62
-79818.62
-79818.62
-79818.62
-79818.62
-80418.76
-79818.62
-79218.48
-79818.62
-79218.48
-79818.62
-79218.48
-79818.62
-79818.62
-79218.48
-79818.62
-79818.62
-79818.62
-79818.62
-79818.62
-79218.48
-79818.62
-79818.62
-79818.62
-79818.62
-79218.48
-79818.62
-79818.62
-79818.62
-79818.62
-79218.48
-79818.62
-79818.62
-79218.48
-79218.48
-79818.62
-79218.48
-79818.62
-79818.62
-79218.48
-79218.48
-78618.34
-79218.48
-78618.34
-79218.48
-78618.34
-79218.48
-78618.34
-78618.34
-78618.34
-78618.34
-79218.48
-78618.34
-78618.34
-79218.48
-78618.34
-78618.34
-78618.34
-79218.48
-79218.48
-79218.48
-79218.48
-78618.34
-79218.48
-78618.34
-78618.34
-78618.34
-78618.34
-78618.34
-79218.48
-78618.34
-78618.34
-78618.34
-78618.34
-78618.34
-78618.34
-78618.34
-78618.34
-78018.2
-78618.34
-78618.34
-78618.34
-78018.2
-78618.34
-78618.34
-78618.34
-78618.34
-78618.34
-78618.34
-78018.2
-78018.2
-78618.34
-78618.34
-78618.34
-78018.2
-77418.06
-78018.2
-78018.2
-78018.2
-78618.34
-78018.2
-78618.34
-78618.34
-78018.2
-77418.06
-78018.2
-78618.34
-78018.2
-77418.06
-78018.2
-78018.2
-78018.2
-77418.06
-78018.2
-78018.2
-78018.2
-78018.2
-78018.2
-78018.2
-78018.2
-78018.2
-78018.2
-78018.2
-78018.2
-77418.06
-78018.2
-77418.06
-77418.06
-78018.2
-78018.2
-77418.06
-77418.06
-77418.06
-77418.06
-78018.2
-78018.2
-78018.2
-77418.06
-77418.06
-77418.06
-77418.06
-77418.06
-77418.06
-77418.06
-77418.06
-77418.06
-77418.06
-76817.92
-77418.06
-77418.06
-77418.06
-76217.78
-76817.92
-77418.06
-77418.06
-76817.92
-76817.92
-76817.92
-76817.92
-76817.92
-76817.92
-77418.06
-76817.92
-77418.06
-76217.78
-76817.92
-76817.92
-76817.92
-76217.78
-76817.92
-76817.92
-76817.92
-76817.92
-76217.78
-76217.78
-76217.78
-76217.78
-76217.78
-76817.92
-76217.78
-76217.78
-76217.78
-76817.92
-76817.92
-76217.78
-76217.78
-76217.78
-76817.92
-76817.92
-76217.78
-76217.78
-76217.78
-76217.78
-76217.78
-76217.78
-76217.78
-76817.92
-76217.78
-76817.92
-76217.78
-76817.92
-76217.78
-76217.78
-76217.78
-76217.78
-76217.78
-76217.78
-76217.78
-76217.78
-76217.78
-76217.78
-76217.78
-76217.78
-76217.78
-76217.78
-76217.78
-76217.78
-76217.78
-75617.64
-76217.78
-76217.78
-76217.78
-76217.78
-76217.78
-75617.64
-76217.78
-75617.64
-75617.64
-75617.64
-75617.64
-75617.64
-76217.78
-75617.64
-76217.78
-75617.64
-75617.64
-76217.78
-76217.78
-76217.78
-75617.64
-75017.5
-75617.64
-75617.64
-75617.64
-76217.78
-75017.5
-75617.64
-75017.5
-75617.64
-75017.5
-75617.64
-75617.64
-75017.5
-75017.5
-75017.5
-75017.5
-75617.64
-75017.5
-75017.5
-74417.36
-75017.5
-74417.36
-75017.5
-75017.5
-74417.36
-75017.5
-75017.5
-75017.5
-74417.36
-75017.5
-75017.5
-75017.5
-74417.36
-75017.5
-74417.36
-75017.5
-74417.36
-74417.36
-74417.36
-75017.5
-75017.5
-74417.36
-74417.36
-75017.5
-74417.36
-74417.36
-74417.36
-74417.36
-75017.5
-74417.36
-75017.5
-74417.36
-73817.22
-74417.36
-73817.22
-73817.22
-74417.36
-75017.5
-74417.36
-73817.22
-74417.36
-73817.22
-74417.36
-74417.36
-74417.36
-74417.36
-74417.36
-74417.36
-73817.22
-73817.22
-74417.36
-74417.36
-74417.36
-74417.36
-73817.22
-73817.22
-74417.36
-74417.36
-73817.22
-73817.22
-73817.22
-73817.22
-74417.36
-73817.22
-73817.22
-73817.22
-73817.22
-74417.36
-74417.36
-74417.36
-74417.36
-73817.22
-73817.22
-73817.22
-73817.22
-73817.22
-73817.22
-74417.36
-73817.22
-73817.22
-73817.22
-73817.22
-74417.36
-73817.22
-73817.22
-73817.22
-73817.22
-73817.22
-73817.22
-73217.08
-73817.22
-73817.22
-73817.22
-73217.08
-73817.22
-73817.22
-73217.08
-73817.22
-73817.22
-73817.22
-73217.08
-73217.08
-73217.08
-73217.08
-73217.08
-73217.08
-73817.22
-73217.08
-73217.08
-73217.08
-73217.08
-73217.08
-73217.08
-73217.08
-72616.94
-73817.22
-73217.08
-72616.94
-72616.94
-73217.08
-73217.08
-72616.94
-73217.08
-73217.08
-73217.08
-73217.08
-72616.94
-73217.08
-72616.94
-73217.08
-73217.08
-72616.94
-72616.94
-72616.94
-72616.94
-72616.94
-73217.08
-72616.94
-73217.08
-73217.08
-72616.94
-72616.94
-72616.94
-73217.08
-72616.94
-72616.94
-73217.08
-72616.94
-73217.08
-72616.94
-72616.94
-72616.94
-72616.94
-72616.94
-72616.94
-72616.94
-72616.94
-72616.94
-73217.08
-72616.94
-72616.94
-72616.94
-72016.8
-71416.66
-72616.94
-72016.8
-72016.8
-72016.8
-72016.8
-72616.94
-72016.8
-72016.8
-72616.94
-72016.8
-72616.94
-72016.8
-72016.8
-72016.8
-71416.66
-72016.8
-72016.8
-71416.66
-72016.8
-72016.8
-72016.8
-72016.8
-72016.8
-71416.66
-71416.66
-72016.8
-72016.8
-71416.66
-72016.8
-71416.66
-71416.66
-72016.8
-72016.8
-71416.66
-72016.8
-71416.66
-71416.66
-71416.66
-71416.66
-71416.66
-72016.8
-71416.66
-71416.66
-71416.66
-71416.66
-71416.66
-72016.8
-71416.66
-71416.66
-71416.66
-71416.66
-71416.66
-71416.66
-71416.66
-71416.66
-71416.66
-71416.66
-71416.66
-71416.66
-71416.66
-71416.66
-71416.66
-71416.66
-71416.66
-71416.66
-71416.66
-70816.52
-70816.52
-70816.52
-71416.66
-71416.66
-70816.52
-71416.66
-71416.66
-70816.52
-71416.66
-70816.52
-71416.66
-71416.66
-71416.66
-71416.66
-71416.66
-70816.52
-70816.52
-70816.52
-71416.66
-71416.66
-70816.52
-70816.52
-70816.52
-70816.52
-70216.38
-70816.52
-70816.52
-70816.52
-70816.52
-70216.38
-70816.52
-70816.52
-70216.38
-70816.52
-70816.52
-70816.52
-70816.52
-70816.52
-70216.38
-70216.38
-70816.52
-70816.52
-70216.38
-70216.38
-70216.38
-70216.38
-70216.38
-70816.52
-69616.24
-70216.38
-69616.24
-70216.38
-70216.38
-70216.38
-70216.38
-70216.38
-69616.24
-69616.24
-70216.38
-70216.38
-70216.38
-70216.38
-70216.38
-70216.38
-70216.38
-69616.24
-69016.1
-70216.38
-69616.24
-69616.24
-70216.38
-69616.24
-69616.24
-69616.24
-70216.38
-69616.24
-69616.24
-70216.38
-69616.24
-69616.24
-69616.24
-69616.24
-69616.24
-69616.24
-69616.24
-69616.24
-69016.1
-69616.24
-69016.1
-69616.24
-69016.1
-69016.1
-69616.24
-69616.24
-69616.24
-69016.1
-69016.1
-69016.1
-69616.24
-69016.1
-69016.1
-69016.1
-69616.24
-69616.24
-69616.24
-69616.24
-69016.1
-69616.24
-69616.24
-69016.1
-69616.24
-69616.24
-69016.1
-69616.24
-69616.24
-69016.1
-69016.1
-69616.24
-69016.1
-69616.24
-69016.1
-69016.1
-69016.1
-69016.1
-69016.1
-69016.1
-69016.1
-69016.1
-69016.1
-69016.1
-69016.1
-69016.1
-69016.1
-69616.24
-69016.1
-69016.1
-69016.1
-69016.1
-69016.1
-69616.24
-69016.1
-69016.1
-69016.1
-69016.1
-69016.1
-68415.96
-69016.1
-69016.1
-68415.96
-68415.96
-69016.1
-68415.96
-68415.96
-68415.96
-68415.96
-69016.1
-68415.96
-68415.96
-68415.96
-68415.96
-68415.96
-68415.96
-68415.96
-68415.96
-68415.96
-68415.96
-68415.96
-68415.96
-68415.96
-68415.96
-67815.82
-68415.96
-69016.1
-68415.96
-67815.82
-68415.96
-67815.82
-67815.82
-67815.82
-67815.82
-67815.82
-67815.82
-68415.96
-67815.82
-67815.82
-68415.96
-67815.82
-68415.96
-67815.82
-67815.82
-67815.82
-67815.82
-68415.96
-67215.68
-67815.82
-67815.82
-67815.82
-67815.82
-67815.82
-67815.82
-67815.82
-68415.96
-67215.68
-67815.82
-68415.96
-67815.82
-67815.82
-68415.96
-67815.82
-67215.68
-67815.82
-67215.68
-67815.82
-67215.68
-67215.68
-67215.68
-67815.82
-67215.68
-67815.82
-67815.82
-67815.82
-67815.82
-67215.68
-67215.68
-67215.68
-67215.68
-67215.68
-67215.68
-67215.68
-67215.68
-67215.68
-67215.68
-66615.54
-66615.54
-67215.68
-66615.54
-67215.68
-67215.68
-67215.68
-67215.68
-67215.68
-67215.68
-67215.68
-67215.68
-67215.68
-66615.54
-67215.68
-66615.54
-66615.54
-66615.54
-67215.68
-67215.68
-67215.68
-66615.54
-66615.54
-66615.54
-66615.54
-66615.54
-66615.54
-66615.54
-66615.54
-66615.54
-66615.54
-66015.4
-66615.54
-66615.54
-66615.54
-66015.4
-67815.82
-66615.54
-66615.54
-66615.54
-66615.54
-66615.54
-66615.54
-66615.54
-66015.4
-66615.54
-66615.54
-66615.54
-66615.54
-66615.54
-66615.54
-66615.54
-66015.4
-66615.54
-66015.4
-66615.54
-66615.54
-66615.54
-66615.54
-66015.4
-66015.4
-66015.4
-66615.54
-66615.54
-66615.54
-66615.54
-66615.54
-66615.54
-66015.4
-66615.54
-66015.4
-66015.4
-66015.4
-66015.4
-66615.54
-66015.4
-66015.4
-66615.54
-66015.4
-66015.4
-66015.4
-66015.4
-66015.4
-66015.4
-66015.4
-66615.54
-66015.4
-65415.26
-66015.4
-65415.26
-65415.26
-66015.4
-65415.26
-65415.26
-65415.26
-65415.26
-65415.26
-66015.4
-66015.4
-65415.26
-66015.4
-65415.26
-65415.26
-65415.26
-65415.26
-64815.12
-65415.26
-65415.26
-65415.26
-65415.26
-65415.26
-65415.26
-64815.12
-65415.26
-64815.12
-65415.26
-64815.12
-64815.12
-65415.26
-65415.26
-65415.26
-65415.26
-65415.26
-64815.12
-65415.26
-64815.12
-65415.26
-64815.12
-64815.12
-65415.26
-64815.12
-64815.12
-64815.12
-64815.12
-64815.12
-64815.12
-64815.12
-64815.12
-64815.12
-64815.12
-64815.12
-64815.12
-64815.12
-64815.12
-64214.98
-64214.98
-64815.12
-64815.12
-64815.12
-64214.98
-64815.12
-64214.98
-64815.12
-64815.12
-64214.98
-64815.12
-64214.98
-64815.12
-64815.12
-64815.12
-64815.12
-64815.12
-64214.98
-64815.12
-64214.98
-64214.98
-64214.98
-64815.12
-64214.98
-64815.12
-64815.12
-64815.12
-64214.98
-64214.98
-64214.98
-64214.98
-64214.98
-64214.98
-64214.98
-64214.98
-64214.98
-64815.12
-64214.98
-64815.12
-64214.98
-64214.98
-64214.98
-64214.98
-64214.98
-64815.12
-64214.98
-64214.98
-64214.98
-64214.98
-64214.98
-64214.98
-64214.98
-64214.98
-64214.98
-64214.98
-64214.98
-64214.98
-64214.98
-64214.98
-64214.98
-64214.98
-64214.98
-64214.98
-64214.98
-64214.98
-63614.84
-63614.84
-64214.98
-64214.98
-63614.84
-64214.98
-63614.84
-63614.84
-63614.84
-63614.84
-63614.84
-63614.84
-63614.84
-63614.84
-63614.84
-63014.7
-64214.98
-63614.84
-64214.98
-63614.84
-63614.84
-63614.84
-63614.84
-63614.84
-64214.98
-63614.84
-63014.7
-63014.7
-62414.56
-63014.7
-64214.98
-63014.7
-63614.84
-63614.84
-63614.84
-63614.84
-63014.7
-63614.84
-63014.7
-63014.7
-63014.7
-63614.84
-63014.7
-63014.7
-63014.7
-63014.7
-63014.7
-63014.7
-63014.7
-63614.84
-63014.7
-63614.84
-63014.7
-63614.84
-63014.7
-63014.7
-63614.84
-63014.7
-63014.7
-63014.7
-62414.56
-63014.7
-62414.56
-62414.56
-63014.7
-63014.7
-63014.7
-62414.56
-63614.84
-63014.7
-63014.7
-63014.7
-63014.7
-63614.84
-62414.56
-62414.56
-63014.7
-62414.56
-63014.7
-63014.7
-62414.56
-62414.56
-62414.56
-62414.56
-62414.56
-62414.56
-62414.56
-62414.56
-62414.56
-62414.56
-62414.56
-61814.42
-62414.56
-62414.56
-62414.56
-62414.56
-62414.56
-62414.56
-62414.56
-62414.56
-62414.56
-61814.42
-63014.7
-62414.56
-62414.56
-62414.56
-62414.56
-61814.42
-61814.42
-62414.56
-62414.56
-61814.42
-62414.56
-61814.42
-61814.42
-62414.56
-62414.56
-62414.56
-62414.56
-61814.42
-61814.42
-62414.56
-62414.56
-61814.42
-61814.42
-61814.42
-61814.42
-61814.42
-61814.42
-61814.42
-62414.56
-62414.56
-61814.42
-61814.42
-61814.42
-61814.42
-61814.42
-61814.42
-61814.42
-61214.28
-61814.42
-61814.42
-61814.42
-61214.28
-61814.42
-61814.42
-61814.42
-61814.42
-61214.28
-61814.42
-61814.42
-61814.42
-61814.42
-61814.42
-61814.42
-61214.28
-61814.42
-61814.42
-61814.42
-61214.28
-60614.14
-61814.42
-61814.42
-61214.28
-61814.42
-61214.28
-61814.42
-61214.28
-61814.42
-61214.28
-61814.42
-61814.42
-61214.28
-61214.28
-61214.28
-60614.14
-61214.28
-61814.42
-60614.14
-61214.28
-61214.28
-61214.28
-61214.28
-61214.28
-60614.14
-61214.28
-61214.28
-60614.14
-61214.28
-60614.14
-61214.28
-61214.28
-61214.28
-61214.28
-61214.28
-60614.14
-60614.14
-60614.14
-61214.28
-60614.14
-60614.14
-60614.14
-60014
-61214.28
-60614.14
-60614.14
-60614.14
-60614.14
-60614.14
-60614.14
-60014
-61214.28
-61214.28
-60614.14
-60014
-60614.14
-60014
-60614.14
-60014
-60614.14
-60614.14
-60014
-60014
-60014
-60014
-60614.14
-60014
-60614.14
-60014
-60014
-60014
-60614.14
-60014
-60614.14
-60014
-60014
-60614.14
-60014
-60614.14
-60614.14
-60014
-60014
-60014
-60014
-60014
-60014
-60014
-60014
-60614.14
-60014
-59413.86
-60014
-60014
-60014
-60014
-60014
-59413.86
-60014
-60014
-60014
-60014
-59413.86
-59413.86
-60014
-59413.86
-60014
-60014
-59413.86
-60014
-59413.86
-59413.86
-59413.86
-60014
-59413.86
-59413.86
-59413.86
-59413.86
-59413.86
-60014
-59413.86
-60014
-59413.86
-60014
-59413.86
-59413.86
-59413.86
-60014
-59413.86
-59413.86
-59413.86
-59413.86
-59413.86
-59413.86
-59413.86
-59413.86
-59413.86
-59413.86
-58813.72
-59413.86
-60014
-59413.86
-59413.86
-58813.72
-59413.86
-58813.72
-59413.86
-59413.86
-58813.72
-59413.86
-59413.86
-58813.72
-59413.86
-58813.72
-59413.86
-59413.86
-58813.72
-58813.72
-59413.86
-58813.72
-58813.72
-59413.86
-58813.72
-59413.86
-59413.86
-58213.58
-58813.72
-58813.72
-58813.72
-58813.72
-58813.72
-59413.86
-58813.72
-58813.72
-58813.72
-59413.86
-59413.86
-58813.72
-58813.72
-58813.72
-59413.86
-58813.72
-58213.58
-58813.72
-59413.86
-58813.72
-58213.58
-58813.72
-58813.72
-59413.86
-58813.72
-58813.72
-58213.58
-58213.58
-58213.58
-58213.58
-58813.72
-59413.86
-58813.72
-58813.72
-58213.58
-58813.72
-58813.72
-58213.58
-58813.72
-58213.58
-58813.72
-58213.58
-58213.58
-58213.58
-58213.58
-58213.58
-58213.58
-58213.58
-58213.58
-58813.72
-57613.44
-58213.58
-57613.44
-58213.58
-58213.58
-57613.44
-57613.44
-58213.58
-58213.58
-58213.58
-58213.58
-57613.44
-57613.44
-57613.44
-57613.44
-58213.58
-57613.44
-58213.58
-58213.58
-57613.44
-57613.44
-58213.58
-57613.44
-57613.44
-57013.3
-57613.44
-58213.58
-57613.44
-57613.44
-57613.44
-57613.44
-57613.44
-57613.44
-57613.44
-57613.44
-57013.3
-57613.44
-57613.44
-57613.44
-57613.44
-57613.44
-57613.44
-57613.44
-57613.44
-57613.44
-57613.44
-57613.44
-57013.3
-57613.44
-57613.44
-57613.44
-57613.44
-57613.44
-57013.3
-57013.3
-57013.3
-57013.3
-57613.44
-57613.44
-57013.3
-57613.44
-57013.3
-57613.44
-57613.44
-57613.44
-57613.44
-57013.3
-57613.44
-57013.3
-57613.44
-57013.3
-57613.44
-57013.3
-57013.3
-57613.44
-57013.3
-57013.3
-57613.44
-57013.3
-57613.44
-57013.3
-57613.44
-57013.3
-57013.3
-57013.3
-57013.3
-57013.3
-57013.3
-57013.3
-57013.3
-57013.3
-57013.3
-57013.3
-57013.3
-57013.3
-57013.3
-57013.3
-57013.3
-57013.3
-57013.3
-57013.3
-57013.3
-57013.3
-57013.3
-57013.3
-57013.3
-57013.3
-57013.3
-57013.3
-57013.3
-57013.3
-56413.16
-57013.3
-57013.3
-55813.02
-57013.3
-57013.3
-56413.16
-57013.3
-56413.16
-56413.16
-56413.16
-56413.16
-56413.16
-57013.3
-57013.3
-57013.3
-56413.16
-57013.3
-56413.16
-57013.3
-56413.16
-55813.02
-55813.02
-57013.3
-56413.16
-56413.16
-56413.16
-55813.02
-55813.02
-56413.16
-56413.16
-56413.16
-56413.16
-57013.3
-56413.16
-55813.02
-56413.16
-56413.16
-56413.16
-56413.16
-56413.16
-57013.3
-56413.16
-56413.16
-56413.16
-55813.02
-56413.16
-57013.3
-55813.02
-56413.16
-55813.02
-56413.16
-56413.16
-56413.16
-55813.02
-56413.16
-56413.16
-55813.02
-56413.16
-55813.02
-56413.16
-55813.02
-56413.16
-56413.16
-55813.02
-56413.16
-55212.88
-55813.02
-56413.16
-55813.02
-55813.02
-55813.02
-55813.02
-55813.02
-55813.02
-55813.02
-55813.02
-55813.02
-55813.02
-55212.88
-55813.02
-55813.02
-55813.02
-55212.88
-55212.88
-55813.02
-55212.88
-55813.02
-55212.88
-55813.02
-55212.88
-55212.88
-55212.88
-55813.02
-54612.74
-55212.88
-55212.88
-55212.88
-55212.88
-55212.88
-54612.74
-55212.88
-55212.88
-55212.88
-55212.88
-54612.74
-55212.88
-55212.88
-55212.88
-55212.88
-55212.88
-55212.88
-55212.88
-55212.88
-55212.88
-55212.88
-55212.88
-55212.88
-55212.88
-55212.88
-55212.88
-54612.74
-54612.74
-54612.74
-55212.88
-54612.74
-55212.88
-55212.88
-55212.88
-54612.74
-54612.74
-54612.74
-55212.88
-54612.74
-54612.74
-54612.74
-54612.74
-54612.74
-55212.88
-55212.88
-55212.88
-55212.88
-54612.74
-54612.74
-55212.88
-54612.74
-54612.74
-54612.74
-55212.88
-55212.88
-54612.74
-54612.74
-54612.74
-54612.74
-54612.74
-54012.6
-54612.74
-54612.74
-55212.88
-54612.74
-54612.74
-54612.74
-55212.88
-54612.74
-54612.74
-54612.74
-54612.74
-54612.74
-54612.74
-54612.74
-54612.74
-54612.74
-54612.74
-54612.74
-54612.74
-54612.74
-54612.74
-54612.74
-54612.74
-54612.74
-54612.74
-54612.74
-54012.6
-54012.6
-54012.6
-54612.74
-54612.74
-54612.74
-54612.74
-54012.6
-54012.6
-54012.6
-54012.6
-54012.6
-54612.74
-54012.6
-54612.74
-54012.6
-54012.6
-54012.6
-54012.6
-54012.6
-54012.6
-54612.74
-54012.6
-54012.6
-54012.6
-54012.6
-54012.6
-53412.46
-53412.46
-53412.46
-53412.46
-54012.6
-54012.6
-53412.46
-54012.6
-54012.6
-54012.6
-54012.6
-53412.46
-54012.6
-53412.46
-54012.6
-53412.46
-53412.46
-54012.6
-53412.46
-54012.6
-53412.46
-54012.6
-54012.6
-53412.46
-53412.46
-53412.46
-53412.46
-53412.46
-53412.46
-54012.6
-54012.6
-53412.46
-53412.46
-53412.46
-54012.6
-53412.46
-53412.46
-53412.46
-53412.46
-54012.6
-52812.32
-53412.46
-54012.6
-53412.46
-53412.46
-53412.46
-53412.46
-52812.32
-54012.6
-53412.46
-53412.46
-53412.46
-54012.6
-53412.46
-53412.46
-53412.46
-52812.32
-52812.32
-53412.46
-53412.46
-53412.46
-52812.32
-52812.32
-52812.32
-53412.46
-52812.32
-53412.46
-53412.46
-53412.46
-53412.46
-52212.18
-52812.32
-52812.32
-52812.32
-53412.46
-52812.32
-53412.46
-52812.32
-52812.32
-52212.18
-53412.46
-52212.18
-52812.32
-52812.32
-52812.32
-53412.46
-52812.32
-52212.18
-53412.46
-52812.32
-52812.32
-52212.18
-52212.18
-52812.32
-52212.18
-52212.18
-52812.32
-52212.18
-52812.32
-52812.32
-52212.18
-52212.18
-52812.32
-52212.18
-52212.18
-52812.32
-52212.18
-51612.04
-52212.18
-52212.18
-52212.18
-52812.32
-52812.32
-52812.32
-52212.18
-52812.32
-52812.32
-52812.32
-52812.32
-52812.32
-52212.18
-52212.18
-52212.18
-52212.18
-52212.18
-52212.18
-52212.18
-52812.32
-52812.32
-52812.32
-52212.18
-52212.18
-52212.18
-52212.18
-52212.18
-52812.32
-52212.18
-52212.18
-52212.18
-52212.18
-52812.32
-51612.04
-52212.18
-52212.18
-52212.18
-52212.18
-52212.18
-52212.18
-52212.18
-52212.18
-52212.18
-52212.18
-52212.18
-52212.18
-52212.18
-52212.18
-52212.18
-52212.18
-51612.04
-52212.18
-52212.18
-52212.18
-51612.04
-51612.04
-52212.18
-52212.18
-52212.18
-51612.04
-52212.18
-51612.04
-52212.18
-52212.18
-51612.04
-52212.18
-51612.04
-52212.18
-52212.18
-52212.18
-52212.18
-51011.9
-52212.18
-51612.04
-52212.18
-51612.04
-51612.04
-51612.04
-51612.04
-51612.04
-51612.04
-51612.04
-51011.9
-51612.04
-51011.9
-51612.04
-51011.9
-51011.9
-51612.04
-51011.9
-51612.04
-51011.9
-51612.04
-51011.9
-51612.04
-51612.04
-51011.9
-51011.9
-51612.04
-51011.9
-51612.04
-51612.04
-51612.04
-51612.04
-51011.9
-52212.18
-51612.04
-51011.9
-51011.9
-51612.04
-51011.9
-51011.9
-51612.04
-51011.9
-51011.9
-51011.9
-51011.9
-51011.9
-51612.04
-51011.9
-51011.9
-51011.9
-51011.9
-51011.9
-51011.9
-51011.9
-51612.04
-51612.04
-51011.9
-50411.76
-51011.9
-50411.76
-51011.9
-51011.9
-50411.76
-50411.76
-51011.9
-51011.9
-50411.76
-51011.9
-51011.9
-50411.76
-51011.9
-51011.9
-50411.76
-51011.9
-51011.9
-50411.76
-49811.62
-50411.76
-50411.76
-50411.76
-50411.76
-50411.76
-50411.76
-51011.9
-50411.76
-51011.9
-50411.76
-50411.76
-51011.9
-51011.9
-49811.62
-50411.76
-50411.76
-50411.76
-50411.76
-50411.76
-50411.76
-50411.76
-49811.62
-50411.76
-49811.62
-50411.76
-50411.76
-50411.76
-50411.76
-49811.62
-50411.76
-49811.62
-50411.76
-49811.62
-49811.62
-49811.62
-50411.76
-49811.62
-50411.76
-49811.62
-49811.62
-50411.76
-50411.76
-49811.62
-50411.76
-49811.62
-49811.62
-50411.76
-50411.76
-50411.76
-49811.62
-49811.62
-49811.62
-49811.62
-50411.76
-49811.62
-50411.76
-49211.48
-49811.62
-49811.62
-49811.62
-49811.62
-50411.76
-49811.62
-50411.76
-49811.62
-49811.62
-49811.62
-49811.62
-49811.62
-50411.76
-49811.62
-49811.62
-49811.62
-49811.62
-50411.76
-50411.76
-49811.62
-49811.62
-49811.62
-49811.62
-49811.62
-49811.62
-49811.62
-49811.62
-49211.48
-49811.62
-49811.62
-49811.62
-49811.62
-49811.62
-49811.62
-49811.62
-50411.76
-49811.62
-49811.62
-49811.62
-49811.62
-49811.62
-49811.62
-49811.62
-49811.62
-49811.62
-49811.62
-49211.48
-49811.62
-48611.34
-49211.48
-49811.62
-49211.48
-49211.48
-49811.62
-49211.48
-49811.62
-49811.62
-48611.34
-49811.62
-49811.62
-49811.62
-49811.62
-48611.34
-49211.48
-49211.48
-49211.48
-49211.48
-49211.48
-49211.48
-48611.34
-49211.48
-49211.48
-49211.48
-49211.48
-49211.48
-48611.34
-48611.34
-49211.48
-49211.48
-49211.48
-48611.34
-49211.48
-49211.48
-48611.34
-48611.34
-49811.62
-49211.48
-48611.34
-49211.48
-48611.34
-49211.48
-49211.48
-48611.34
-49211.48
-49211.48
-49211.48
-48611.34
-48611.34
-49211.48
-49211.48
-48611.34
-48611.34
-48611.34
-49211.48
-49211.48
-49211.48
-48611.34
-48611.34
-48611.34
-49211.48
-48611.34
-49211.48
-48611.34
-48611.34
-48611.34
-49211.48
-48611.34
-48611.34
-48011.2
-48611.34
-48611.34
-48611.34
-48611.34
-48611.34
-48611.34
-49211.48
-48011.2
-48611.34
-48611.34
-48611.34
-48011.2
-48611.34
-48611.34
-48011.2
-48611.34
-48611.34
-48011.2
-48611.34
-48011.2
-48011.2
-48011.2
-48011.2
-48011.2
-48611.34
-48611.34
-48011.2
-48011.2
-48011.2
-48611.34
-48011.2
-48611.34
-48611.34
-48011.2
-48611.34
-48011.2
-48011.2
-48011.2
-48011.2
-48011.2
-48011.2
-47411.06
-48011.2
-48011.2
-48611.34
-48011.2
-48011.2
-48011.2
-47411.06
-48011.2
-48011.2
-48011.2
-48011.2
-48011.2
-47411.06
-47411.06
-48011.2
-47411.06
-48011.2
-48011.2
-47411.06
-48011.2
-48011.2
-48011.2
-48011.2
-48011.2
-48011.2
-47411.06
-48011.2
-47411.06
-47411.06
-48011.2
-48011.2
-47411.06
-48611.34
-48011.2
-47411.06
-47411.06
-48011.2
-48011.2
-48011.2
-48011.2
-47411.06
-47411.06
-48011.2
-48011.2
-47411.06
-48011.2
-48011.2
-47411.06
-48011.2
-47411.06
-47411.06
-48011.2
-48011.2
-48011.2
-48011.2
-47411.06
-47411.06
-47411.06
-47411.06
-47411.06
-47411.06
-47411.06
-47411.06
-47411.06
-48011.2
-47411.06
-47411.06
-48011.2
-47411.06
-47411.06
-47411.06
-46810.92
-47411.06
-47411.06
-47411.06
-47411.06
-47411.06
-47411.06
-47411.06
-47411.06
-47411.06
-46810.92
-46810.92
-46810.92
-46810.92
-47411.06
-46810.92
-46810.92
-47411.06
-46810.92
-46210.78
-47411.06
-46810.92
-47411.06
-47411.06
-47411.06
-46810.92
-47411.06
-47411.06
-46810.92
-46810.92
-47411.06
-46810.92
-46810.92
-46810.92
-47411.06
-46810.92
-46810.92
-46810.92
-47411.06
-46810.92
-46810.92
-47411.06
-46810.92
-46810.92
-46810.92
-46810.92
-46810.92
-46810.92
-46810.92
-46810.92
-46210.78
-46810.92
-46810.92
-46210.78
-46810.92
-46810.92
-46810.92
-47411.06
-46810.92
-46210.78
-47411.06
-46210.78
-46810.92
-46810.92
-47411.06
-46810.92
-46810.92
-46810.92
-46810.92
-46810.92
-46810.92
-46210.78
-46810.92
-46810.92
-46810.92
-46810.92
-47411.06
-46810.92
-46210.78
-46810.92
-46810.92
-46810.92
-46210.78
-46810.92
-46210.78
-46210.78
-46810.92
-46210.78
-46810.92
-46210.78
-46210.78
-46210.78
-46810.92
-46210.78
-46210.78
-46210.78
-46210.78
-46210.78
-46810.92
-45610.64
-45610.64
-46210.78
-46210.78
-45610.64
-45610.64
-45610.64
-45610.64
-46210.78
-45610.64
-45610.64
-46210.78
-46210.78
-45610.64
-45610.64
-45610.64
-45610.64
-45610.64
-45610.64
-45610.64
-46210.78
-46210.78
-45610.64
-45610.64
-45610.64
-47411.06
-42009.8
-49811.62
-44410.36
-47411.06
-51011.9
-46210.78
-48011.2
-47411.06
-45610.64
-48611.34
-46810.92
-45010.5
-45010.5
-45610.64
-45610.64
-45610.64
-46210.78
-45610.64
-45010.5
-45610.64
-45010.5
-45010.5
-46210.78
-46210.78
-46210.78
-46210.78
-45610.64
-45610.64
-46210.78
-45610.64
-45610.64
-45010.5
-45010.5
-45010.5
-45610.64
-46210.78
-45610.64
-45010.5
-45010.5
-45010.5
-45610.64
-46210.78
-46210.78
-45610.64
-45010.5
-45610.64
-45610.64
-45610.64
-46210.78
-45010.5
-46210.78
-45610.64
-45010.5
-45010.5
-45610.64
-45610.64
-45610.64
-45010.5
-45010.5
-45610.64
-45610.64
-45010.5
-45010.5
-45010.5
-45610.64
-45010.5
-45010.5
-45010.5
-45010.5
-45010.5
-45610.64
-45010.5
-45010.5
-45010.5
-45010.5
-45010.5
-45010.5
-45010.5
-45010.5
-45010.5
-45010.5
-44410.36
-45010.5
-45010.5
-45010.5
-45010.5
-45010.5
-45010.5
-45010.5
-45010.5
-45010.5
-45010.5
-45010.5
-44410.36
-45010.5
-45010.5
-45010.5
-45010.5
-45010.5
-45010.5
-45010.5
-45010.5
-45010.5
-44410.36
-45010.5
-45010.5
-45010.5
-45010.5
-45010.5
-45010.5
-44410.36
-45010.5
-45010.5
-44410.36
-45010.5
-45010.5
-45010.5
-45010.5
-44410.36
-45010.5
-44410.36
-44410.36
-45010.5
-45010.5
-44410.36
-45010.5
-45010.5
-44410.36
-44410.36
-44410.36
-45010.5
-44410.36
-45010.5
-45010.5
-44410.36
-44410.36
-44410.36
-44410.36
-44410.36
-45010.5
-44410.36
-44410.36
-44410.36
-43810.22
-44410.36
-45010.5
-44410.36
-45010.5
-44410.36
-45010.5
-44410.36
-44410.36
-45010.5
-44410.36
-44410.36
-44410.36
-44410.36
-44410.36
-45010.5
-43810.22
-43810.22
-44410.36
-44410.36
-44410.36
-44410.36
-43810.22
-44410.36
-43810.22
-44410.36
-43810.22
-44410.36
-44410.36
-44410.36
-43810.22
-43810.22
-43810.22
-43810.22
-43810.22
-43810.22
-43810.22
-43810.22
-43810.22
-44410.36
-44410.36
-44410.36
-43810.22
-43810.22
-43810.22
-43810.22
-43810.22
-43810.22
-43210.08
-43810.22
-43810.22
-43810.22
-43210.08
-43810.22
-43810.22
-43810.22
-43810.22
-43210.08
-43810.22
-43810.22
-43210.08
-43210.08
-43810.22
-43210.08
-43810.22
-43810.22
-43810.22
-43810.22
-43810.22
-43810.22
-43810.22
-43810.22
-43810.22
-43210.08
-43810.22
-43810.22
-43810.22
-43810.22
-43810.22
-43810.22
-43210.08
-43810.22
-43810.22
-43210.08
-43210.08
-43810.22
-43210.08
-43210.08
-43210.08
-43210.08
-43810.22
-43810.22
-43210.08
-43810.22
-43810.22
-43810.22
-43210.08
-43810.22
-43810.22
-43210.08
-43810.22
-43210.08
-43210.08
-43210.08
-43210.08
-43210.08
-43210.08
-43210.08
-43210.08
-43210.08
-43210.08
-43210.08
-43210.08
-43210.08
-43210.08
-43210.08
-43210.08
-42609.94
-42609.94
-42609.94
-42609.94
-43210.08
-42609.94
-42609.94
-42609.94
-42609.94
-42609.94
-42609.94
-42609.94
-43210.08
-42609.94
-42609.94
-43210.08
-42609.94
-42609.94
-42609.94
-43210.08
-43210.08
-42609.94
-42609.94
-42609.94
-42609.94
-42609.94
-42609.94
-42609.94
-42609.94
-42609.94
-42609.94
-42609.94
-42609.94
-42609.94
-42609.94
-42609.94
-42609.94
-42609.94
-42609.94
-42009.8
-42609.94
-42609.94
-42609.94
-43210.08
-42609.94
-42609.94
-42609.94
-42609.94
-42609.94
-43210.08
-42609.94
-42609.94
-42609.94
-42609.94
-42609.94
-42609.94
-42609.94
-42609.94
-42009.8
-42609.94
-42609.94
-42609.94
-42609.94
-42609.94
-42609.94
-42609.94
-42609.94
-43210.08
-42609.94
-42609.94
-42609.94
-42009.8
-42609.94
-42609.94
-42609.94
-42609.94
-42609.94
-42609.94
-42609.94
-42609.94
-42009.8
-42609.94
-42609.94
-42609.94
-42609.94
-42609.94
-42609.94
-42609.94
-42609.94
-42609.94
-42609.94
-42609.94
-42609.94
-42009.8
-42609.94
-42009.8
-42609.94
-42009.8
-42009.8
-42609.94
-42009.8
-41409.66
-42009.8
-42009.8
-42009.8
-42009.8
-42009.8
-42609.94
-42009.8
-42609.94
-42009.8
-42009.8
-42009.8
-42009.8
-42009.8
-42009.8
-42609.94
-42009.8
-41409.66
-42009.8
-41409.66
-41409.66
-42009.8
-42009.8
-42009.8
-41409.66
-42009.8
-42009.8
-42009.8
-42009.8
-42009.8
-40809.52
-41409.66
-42009.8
-41409.66
-42009.8
-41409.66
-42009.8
-41409.66
-42009.8
-41409.66
-42009.8
-42009.8
-42009.8
-42009.8
-41409.66
-42009.8
-42009.8
-42009.8
-42009.8
-42009.8
-42009.8
-41409.66
-41409.66
-42009.8
-42009.8
-41409.66
-41409.66
-42009.8
-41409.66
-41409.66
-41409.66
-42009.8
-42009.8
-41409.66
-42009.8
-42009.8
-41409.66
-40809.52
-41409.66
-41409.66
-42009.8
-42009.8
-41409.66
-40809.52
-41409.66
-41409.66
-41409.66
-41409.66
-41409.66
-42009.8
-41409.66
-41409.66
-41409.66
-41409.66
-41409.66
-40809.52
-41409.66
-41409.66
-40809.52
-41409.66
-42009.8
-41409.66
-41409.66
-41409.66
-41409.66
-40809.52
-41409.66
-41409.66
-40809.52
-41409.66
-40809.52
-40809.52
-40809.52
-41409.66
-40809.52
-40809.52
-41409.66
-40809.52
-40809.52
-40809.52
-40809.52
-40809.52
-41409.66
-40809.52
-40809.52
-41409.66
-40809.52
-40809.52
-41409.66
-40809.52
-40209.38
-40809.52
-40809.52
-40809.52
-40209.38
-40809.52
-40209.38
-40209.38
-40809.52
-40809.52
-40809.52
-40809.52
-40809.52
-40209.38
-40809.52
-40809.52
-40809.52
-40809.52
-40209.38
-40209.38
-40209.38
-40809.52
-40809.52
-40809.52
-40209.38
-40809.52
-40209.38
-40809.52
-40209.38
-40809.52
-40209.38
-40809.52
-40809.52
-40209.38
-40209.38
-40209.38
-41409.66
-40809.52
-40809.52
-40209.38
-40809.52
-40809.52
-40809.52
-40809.52
-40209.38
-40809.52
-40209.38
-40809.52
-40809.52
-41409.66
-40809.52
-40809.52
-40209.38
-40209.38
-40809.52
-40209.38
-40209.38
-40209.38
-40209.38
-40209.38
-40809.52
-40209.38
-40809.52
-40209.38
-40209.38
-40209.38
-40209.38
-40209.38
-40209.38
-40209.38
-40209.38
-40209.38
-40809.52
-40209.38
-40809.52
-40209.38
-40209.38
-40209.38
-40209.38
-40209.38
-40209.38
-39609.24
-39609.24
-40209.38
-40209.38
-40209.38
-40209.38
-40209.38
-40209.38
-40209.38
-40209.38
-40209.38
-40209.38
-40209.38
-39609.24
-39609.24
-40209.38
-40209.38
-39609.24
-40209.38
-40209.38
-40209.38
-39609.24
-40209.38
-40209.38
-40209.38
-39609.24
-40209.38
-39609.24
-40209.38
-39609.24
-39609.24
-39609.24
-39609.24
-40209.38
-39609.24
-40209.38
-39609.24
-39609.24
-40209.38
-39609.24
-39609.24
-40209.38
-39609.24
-39609.24
-40209.38
-39009.1
-40209.38
-39609.24
-39609.24
-39609.24
-39609.24
-40209.38
-39609.24
-39609.24
-39009.1
-39609.24
-39609.24
-39609.24
-39609.24
-40209.38
-40209.38
-39609.24
-40209.38
-40209.38
-39609.24
-39609.24
-40209.38
-39609.24
-39609.24
-39609.24
-39009.1
-39009.1
-39609.24
-39609.24
-39009.1
-39609.24
-39609.24
-39009.1
-39609.24
-39609.24
-39609.24
-39009.1
-39009.1
-39609.24
-39009.1
-39609.24
-39609.24
-39009.1
-39609.24
-39009.1
-39609.24
-39009.1
-39609.24
-39009.1
-39009.1
-39009.1
-38408.96
-39609.24
-39009.1
-39009.1
-39009.1
-39009.1
-39009.1
-39009.1
-39009.1
-39009.1
-39009.1
-38408.96
-39009.1
-39009.1
-39009.1
-39009.1
-39009.1
-39609.24
-39009.1
-38408.96
-39009.1
-38408.96
-39009.1
-38408.96
-38408.96
-39009.1
-38408.96
-39009.1
-39009.1
-39009.1
-39009.1
-39009.1
-38408.96
-39009.1
-39009.1
-38408.96
-39009.1
-39009.1
-38408.96
-39009.1
-38408.96
-39009.1
-39009.1
-39009.1
-39009.1
-39009.1
-39009.1
-38408.96
-38408.96
-39009.1
-39009.1
-38408.96
-38408.96
-39009.1
-39009.1
-39009.1
-38408.96
-38408.96
-38408.96
-38408.96
-38408.96
-39009.1
-38408.96
-38408.96
-38408.96
-39009.1
-38408.96
-38408.96
-39009.1
-38408.96
-38408.96
-38408.96
-38408.96
-38408.96
-38408.96
-38408.96
-38408.96
-38408.96
-38408.96
-38408.96
-39009.1
-38408.96
-38408.96
-38408.96
-37808.82
-38408.96
-38408.96
-38408.96
-38408.96
-38408.96
-39009.1
-37808.82
-37808.82
-38408.96
-37808.82
-37808.82
-38408.96
-37808.82
-37808.82
-37808.82
-37808.82
-38408.96
-37808.82
-37808.82
-38408.96
-37808.82
-38408.96
-37808.82
-38408.96
-37808.82
-38408.96
-38408.96
-37808.82
-37808.82
-37808.82
-37808.82
-38408.96
-37808.82
-37808.82
-38408.96
-37808.82
-37808.82
-38408.96
-37808.82
-37808.82
-37808.82
-38408.96
-37808.82
-37808.82
-38408.96
-37808.82
-37808.82
-37808.82
-38408.96
-37808.82
-37808.82
-38408.96
-37808.82
-38408.96
-38408.96
-37808.82
-37808.82
-37808.82
-37808.82
-37808.82
-37808.82
-37808.82
-37808.82
-38408.96
-37808.82
-37808.82
-37808.82
-37808.82
-37808.82
-37808.82
-37808.82
-38408.96
-37808.82
-37808.82
-37808.82
-37808.82
-38408.96
-37808.82
-37808.82
-37808.82
-37808.82
-37808.82
-37808.82
-37808.82
-37208.68
-37808.82
-37808.82
-37808.82
-37808.82
-37808.82
-37808.82
-37208.68
-37808.82
-37808.82
-37808.82
-37808.82
-37808.82
-37808.82
-37208.68
-37208.68
-37808.82
-37808.82
-37208.68
-37808.82
-37808.82
-37208.68
-37808.82
-37208.68
-37208.68
-37208.68
-37208.68
-37208.68
-37808.82
-37808.82
-37208.68
-37808.82
-37208.68
-37208.68
-37208.68
-37808.82
-37208.68
-37208.68
-37208.68
-37208.68
-37208.68
-37208.68
-37808.82
-37808.82
-37808.82
-37208.68
-37808.82
-37808.82
-37208.68
-37208.68
-37208.68
-37208.68
-37208.68
-37808.82
-37208.68
-37208.68
-37208.68
-37208.68
-37208.68
-36008.4
-37208.68
-37208.68
-37208.68
-37808.82
-37808.82
-37808.82
-37208.68
-37208.68
-37808.82
-37208.68
-37208.68
-37808.82
-37208.68
-37808.82
-37208.68
-37208.68
-37208.68
-37208.68
-37208.68
-37208.68
-37208.68
-36608.54
-37208.68
-36608.54
-37208.68
-37208.68
-37208.68
-37208.68
-37208.68
-37208.68
-37208.68
-37208.68
-36608.54
-37208.68
-37208.68
-37208.68
-37208.68
-36608.54
-37208.68
-37208.68
-37208.68
-36608.54
-36608.54
-36008.4
-37208.68
-36608.54
-37208.68
-36608.54
-36608.54
-36608.54
-36608.54
-37208.68
-36608.54
-36608.54
-36608.54
-37208.68
-36608.54
-36608.54
-37208.68
-36608.54
-36608.54
-36608.54
-36608.54
-36608.54
-36608.54
-36008.4
-36608.54
-36608.54
-36608.54
-36008.4
-36608.54
-36008.4
-36008.4
-37208.68
-36608.54
-36608.54
-36008.4
-36008.4
-36608.54
-36608.54
-36008.4
-36608.54
-36608.54
-36608.54
-36008.4
-36608.54
-36008.4
-36608.54
-36008.4
-36008.4
-36008.4
-36008.4
-36008.4
-36008.4
-36008.4
-36008.4
-36008.4
-36608.54
-36008.4
-36008.4
-36608.54
-36608.54
-36608.54
-36008.4
-36608.54
-36608.54
-36608.54
-36608.54
-36008.4
-36008.4
-36008.4
-36608.54
-36008.4
-36008.4
-36608.54
-36008.4
-36608.54
-36008.4
-36008.4
-36008.4
-36008.4
-35408.26
-36608.54
-36008.4
-36008.4
-36008.4
-35408.26
-36008.4
-36008.4
-36608.54
-36008.4
-36008.4
-36008.4
-36008.4
-36008.4
-36008.4
-36008.4
-36008.4
-36008.4
-36008.4
-35408.26
-36008.4
-35408.26
-35408.26
-35408.26
-35408.26
-35408.26
-35408.26
-36008.4
-35408.26
-35408.26
-35408.26
-36608.54
-35408.26
-36008.4
-35408.26
-36008.4
-35408.26
-35408.26
-36008.4
-35408.26
-35408.26
-35408.26
-35408.26
-35408.26
-35408.26
-36008.4
-36008.4
-34808.12
-35408.26
-35408.26
-35408.26
-36008.4
-35408.26
-36008.4
-36008.4
-35408.26
-35408.26
-35408.26
-35408.26
-35408.26
-35408.26
-35408.26
-35408.26
-35408.26
-35408.26
-36008.4
-36008.4
-36008.4
-35408.26
-35408.26
-35408.26
-35408.26
-36008.4
-35408.26
-35408.26
-36008.4
-35408.26
-36008.4
-36008.4
-35408.26
-35408.26
-35408.26
-35408.26
-35408.26
-35408.26
-36008.4
-35408.26
-35408.26
-35408.26
-35408.26
-35408.26
-36008.4
-35408.26
-35408.26
-34808.12
-36008.4
-35408.26
-35408.26
-35408.26
-35408.26
-35408.26
-35408.26
-36008.4
-35408.26
-35408.26
-35408.26
-35408.26
-35408.26
-35408.26
-35408.26
-34808.12
-35408.26
-35408.26
-35408.26
-35408.26
-34808.12
-35408.26
-35408.26
-34808.12
-35408.26
-34808.12
-35408.26
-35408.26
-34808.12
-34808.12
-34808.12
-34808.12
-34808.12
-35408.26
-34808.12
-34808.12
-35408.26
-34808.12
-34808.12
-35408.26
-35408.26
-34808.12
-34808.12
-35408.26
-35408.26
-35408.26
-34207.98
-34808.12
-34808.12
-34808.12
-34808.12
-34808.12
-34808.12
-35408.26
-34207.98
-34808.12
-34808.12
-34808.12
-34808.12
-34808.12
-35408.26
-35408.26
-34808.12
-34808.12
-34808.12
-34808.12
-34808.12
-34207.98
-34808.12
-34808.12
-34207.98
-34808.12
-34808.12
-35408.26
-34808.12
-35408.26
-34207.98
-34808.12
-35408.26
-34808.12
-34207.98
-35408.26
-34808.12
-35408.26
-35408.26
-34808.12
-35408.26
-34808.12
-34808.12
-34808.12
-34808.12
-35408.26
-35408.26
-34207.98
-34808.12
-34808.12
-35408.26
-35408.26
-34808.12
-34808.12