IEC 61083-2 TDG Version 2.1.0
Data File Version  2.1.0
01 LI-A1
16 bits, 10000 samples at 10ns, 0.4 percent noise
1.000000e-008
-45861
-53310
-49135
-51706
-46123
-49266
-54014
-53130
-45877
-53458
-51607
-52934
-50969
-50199
-53441
-51427
-49790
-46352
-53507
-52639
-54178
-47498
-48169
-51673
-54276
-49070
-50625
-52623
-53900
-50887
-48742
-53245
-47924
-47105
-49839
-47023
-48431
-47793
-53589
-53932
-51624
-53130
-45861
-53278
-48595
-50576
-51755
-46990
-47743
-52655
-46073
-48398
-47121
-49937
-49004
-49250
-53851
-50068
-51346
-48267
-53359
-49987
-49692
-52934
-50903
-49021
-49643
-52164
-45811
-52262
-47596
-49954
-49021
-49757
-54211
-48136
-50936
-49463
-48971
-48726
-52966
-51607
-52950
-51215
-46090
-48742
-53147
-46073
-48546
-49839
-47072
-49152
-51935
-50298
-46843
-53523
-52999
-52082
-52901
-50412
-48775
-53851
-50085
-51591
-52737
-47547
-48922
-47989
-48366
-46646
-50036
-50609
-52213
-46565
-48742
-53261
-48087
-50118
-52197
-46254
-51640
-53458
-51591
-52721
-47203
-51526
-51542
-51738
-46761
-52066
-52557
-52672
-46335
-53212
-47285
-52852
-49479
-49168
-52164
-54244
-48480
-48448
-48136
-50936
-49626
-51935
-50330
-47301
-53196
-46958
-47121
-49987
-49790
-46319
-52803
-48497
-48873
-47072
-49299
-46106
-49217
-53097
-53851
-50167
-52934
-50936
-49479
-49299
-46123
-49430
-48284
-53589
-54080
-45746
-51280
-47269
-52704
-46745
-52033
-52000
-51558
-51984
-50985
-50347
-47612
-50347
-47465
-47743
-52606
-53654
-46532
-48202
-52082
-52966
-51542
-51820
-48186
-51755
-47072
-49086
-50854
-48005
-48775
-53801
-49168
-52312
-48497
-48890
-47334
-53818
-49626
-51984
-51002
-50674
-53605
-45762
-51476
-50543
-51002
-50592
-52131
-53900
-50985
-50494
-50298
-46712
-51313
-47694
-51820
-48120
-50871
-48497
-48939
-48120
-50838
-47874
-46303
-52606
-53654
-46581
-48955
-48398
-47072
-49152
-51984
-51051
-51689
-45811
-52279
-47842
-45844
-52901
-50396
-48480
-48611
-50969
-50281
-46483
-47334
-53900
-50969
-50167
-52901
-50265
-46090
-48890
-47318
-53605
-45910
-54063
-53982
-52557
-52868
-49774
-45893
-53801
-49381
-47547
-48955
-48366
-46532
-47989
-48284
-53556
-53376
-50199
-53490
-52344
-49070
-50641
-52917
-50543
-51084
-52066
-52590
-53310
-48971
-48775
-53801
-49414
-48202
-52328
-48775
-53916
-51264
-46761
-52328
-48693
-52442
-50854
-48153
-51362
-48660
-51853
-48726
-52999
-52230
-47007
-47858
-46041
-48005
-48628
-51198
-45713
-50707
-54014
-53130
-45779
-51951
-50412
-48644
-51378
-48857
-46745
-51820
-48153
-51378
-48906
-47743
-52606
-53605
-45779
-51935
-50150
-52737
-47498
-48218
-52426
-50576
-51755
-47121
-49970
-49381
-47416
-46597
-49397
-47727
-52164
-45861
-53310
-49135
-51706
-46123
-49266
-54014
-53130
-45877
-53458
-51607
-52934
-50969
-50199
-53441
-51427
-49790
-46352
-53507
-52639
-54178
-47498
-48169
-51673
-54276
-49070
-50625
-52623
-53900
-50887
-48742
-53245
-47924
-47105
-49839
-47023
-48431
-47793
-53589
-53932
-51624
-53130
-45861
-53278
-48595
-50576
-51755
-46990
-47743
-52655
-46073
-48398
-47121
-49937
-49004
-49250
-53851
-50068
-51346
-48267
-53359
-49987
-49692
-52934
-50903
-49021
-49643
-52164
-45811
-52262
-47596
-49954
-49021
-49757
-54211
-48136
-50936
-49463
-48971
-48726
-52966
-51607
-52950
-51215
-46090
-48742
-53147
-46073
-48546
-49839
-47072
-49152
-51935
-50298
-46843
-53523
-52999
-52082
-52901
-50412
-48775
-53851
-50085
-51591
-52737
-47547
-48922
-47989
-48366
-46646
-50036
-50609
-52213
-46565
-48742
-53261
-48087
-50118
-52197
-46254
-51640
-53458
-51591
-52721
-47203
-51526
-51542
-51738
-46761
-52066
-52557
-52672
-46335
-53212
-47285
-52852
-49479
-49168
-52164
-54244
-48480
-48448
-48136
-50936
-49626
-51935
-50330
-47301
-53196
-46958
-47121
-49987
-49790
-46319
-52803
-48497
-48873
-47072
-49299
-46106
-49217
-53097
-53851
-50167
-52934
-50936
-49479
-49299
-46123
-49430
-48284
-53589
-54080
-45746
-51280
-47269
-52704
-46745
-52033
-52000
-51558
-51984
-50985
-50347
-47612
-50347
-47465
-47743
-52606
-53654
-46532
-48202
-52082
-52966
-51542
-51820
-48186
-51755
-47072
-49086
-50854
-48005
-48775
-53801
-49168
-52312
-48497
-48890
-47334
-53818
-49626
-51984
-51002
-50674
-53605
-45762
-51476
-50543
-51002
-50592
-52131
-53900
-50985
-50494
-50298
-46712
-51313
-47694
-51820
-48120
-50871
-48497
-48939
-48120
-50838
-47874
-46303
-52606
-53654
-46581
-48955
-48398
-47072
-49152
-51984
-51051
-51689
-45811
-52279
-47842
-45844
-52901
-50396
-48480
-48611
-50969
-50281
-46483
-47334
-53900
-50969
-50167
-52901
-50265
-46090
-48890
-47318
-53605
-45910
-54063
-53982
-52557
-52868
-49774
-45893
-53801
-49381
-47547
-48955
-48366
-46532
-47989
-48284
-53556
-53376
-50199
-53490
-52344
-49070
-50641
-52917
-50543
-51084
-52066
-52590
-53310
-48971
-48775
-53801
-49414
-48202
-52328
-48775
-53916
-51264
-46761
-52328
-48693
-52442
-50854
-48153
-51362
-48660
-51853
-48726
-52999
-52230
-47007
-47858
-46041
-48005
-48628
-51198
-45713
-50707
-54014
-53130
-45779
-51951
-50412
-48644
-51378
-48857
-46745
-51820
-48153
-51378
-48906
-47743
-52606
-53605
-45779
-51935
-50150
-52737
-47498
-48218
-52426
-50576
-51755
-47121
-49970
-49381
-47416
-46597
-49397
-47727
-52164
-45861
-53310
-49135
-51706
-46123
-49266
-54014
-53130
-45877
-53458
-51607
-52934
-50969
-50199
-53441
-51427
-49790
-46352
-53507
-52639
-54178
-47498
-48169
-51673
-54276
-49070
-50625
-52623
-53900
-50887
-48742
-53245
-47924
-47105
-49839
-47023
-48431
-47793
-53589
-53932
-51624
-53130
-45861
-53278
-48595
-50576
-51755
-46990
-47743
-52655
-46073
-48398
-47121
-49937
-49004
-49250
-53851
-50068
-51346
-48267
-53359
-49987
-49692
-52934
-50903
-49021
-49643
-52164
-45811
-52262
-47596
-49954
-49021
-49757
-54211
-48136
-50936
-49463
-48971
-48726
-52966
-51607
-52950
-51215
-46090
-48742
-53147
-46073
-48546
-49839
-47072
-49152
-51935
-50298
-46843
-53523
-52999
-52082
-52901
-50412
-48775
-53851
-50085
-51591
-52737
-47547
-48922
-47989
-48366
-46646
-50036
-50609
-52213
-46565
-48742
-53261
-48087
-50118
-52197
-46254
-51640
-53458
-51591
-52721
-47203
-51526
-51542
-51738
-46761
-52066
-52557
-52672
-46335
-53212
-47285
-52852
-49479
-49168
-52164
-54244
-48480
-48448
-48136
-50936
-49626
-51935
-50330
-47301
-53196
-46958
-47121
-49987
-49790
-46319
-52803
-48497
-48873
-47072
-49299
-46106
-49217
-53097
-53851
-50167
-52934
-50936
-49479
-49299
-46123
-49430
-48284
-53589
-54080
-45746
-51280
-47269
-52704
-46745
-52033
-52000
-51558
-51984
-50985
-50347
-47612
-50347
-47465
-47743
-52606
-53654
-46532
-48202
-52082
-52966
-51542
-51820
-48186
-51755
-47072
-49086
-50854
-48005
-48775
-53801
-49168
-52312
-48497
-48890
-47334
-53818
-49626
-51984
-51002
-50674
-53605
-45762
-51476
-50543
-51002
-50592
-52131
-53900
-50985
-50494
-50298
-46712
-51313
-47694
-51820
-48120
-50871
-48497
-48939
-48120
-50838
-47874
-46303
-52606
-53654
-46581
-48955
-48398
-47072
-49152
-51984
-51051
-51689
-45811
-52279
-47842
-45844
-52901
-50396
-48480
-48611
-50969
-50281
-46483
-47334
-53900
-50969
-50167
-52901
-50265
-46090
-48890
-47318
-53605
-45910
-54063
-53982
-52557
-52868
-49774
-45893
-53801
-49381
-47547
-48955
-48366
-46532
-47989
-48284
-53556
-53376
-11936
21645
58353
95913
127398
157000
190090
219168
246740
273739
299559
329472
354343
373074
400400
423699
440874
464975
479629
501372
524261
536426
557154
569893
587363
605373
616932
633862
644389
660730
669194
682244
699321
709865
722668
731313
740908
748177
763142
767301
772802
782184
797706
799441
808577
817664
821987
831303
839980
841208
850950
853586
861707
868322
868699
872743
885432
883975
890262
892014
901444
904768
904424
910024
912447
920552
921043
924858
929917
933699
933781
938218
936433
945291
940314
946863
946568
954362
953330
950596
953445
962581
956818
960403
960747
964316
966641
964873
968311
971324
976089
970194
972290
971914
979723
980133
977660
976056
982212
981574
980460
980035
983833
986764
982998
989040
990530
988450
991889
991070
992281
987042
987222
990038
989007
996719
989744
994836
993247
992462
997570
997161
992576
999469
997439
998994
996424
997635
997603
993231
997226
996145
999420
994492
998045
998487
995392
997554
999567
999060
996637
1003104
996735
1001483
999224
1000206
999535
995130
1001270
998503
1000009
1000533
1000812
996588
997963
996637
998356
1003497
1000844
996424
1003481
1000992
999682
1002433
1000321
997504
999109
1002531
995802
996276
997144
996276
998716
1000304
995179
998863
997308
996096
1001221
999764
1000648
1000190
1001843
998372
997717
996031
1001598
999338
994737
999829
997701
995540
1001401
995916
994017
995785
994557
999977
995556
995441
995147
1000026
994623
994033
993804
1000042
993067
998896
993215
996489
996702
993591
991397
997062
996964
997177
994263
995458
993051
994541
997455
991463
997570
997308
994312
994394
997766
991168
995360
994852
996538
994197
997275
994050
990055
989187
992756
989875
991758
993084
993149
996211
992789
993804
988385
987763
995982
990333
994230
988679
994508
989105
989007
989351
988794
989678
990186
992789
989956
992691
992298
987320
986158
993149
991365
987353
986354
987664
987255
990775
987075
991643
989498
987615
990333
989449
984308
988810
985536
989236
988729
990153
983555
987615
985143
986011
986191
983145
990873
985045
985847
985274
985552
983882
981999
984783
985159
985241
988696
983980
987468
983227
986797
983915
986174
985618
986305
983456
986305
987763
981328
980165
987108
984619
985045
986256
984046
981099
981901
981148
986895
980313
984619
986502
979314
981705
983489
983227
980755
981312
984995
984029
977333
980149
980820
977972
980477
984521
981606
983063
976645
984226
975941
975909
977202
976776
979740
983506
975466
979773
981492
979953
980411
982130
980558
980133
974746
974795
977857
974435
975450
978610
976907
974517
976776
976121
975008
974353
973518
977726
977808
972650
976907
978004
973764
977186
971930
974468
978839
973158
976662
972781
974255
976842
973502
976089
972781
975778
971373
972028
977136
976154
977841
975761
975024
972323
977693
972568
969147
969916
977136
970849
972274
973911
971046
973453
975450
970243
973780
970440
972781
973829
968852
967722
975417
969163
970817
968099
973223
972388
968050
969785
968475
972994
970031
970489
972339
973027
970113
971668
967100
973272
965708
969769
967067
972536
969277
964398
965168
972306
964595
966330
964873
966707
967378
964005
965888
967411
970718
963449
964202
962532
969097
968295
964677
961959
967034
965364
963252
961861
964742
966756
962139
967345
968033
965184
967869
966347
966854
960960
960485
962679
961042
968197
960649
965217
963105
961811
966461
965577
960551
967018
964562
965725
962777
963612
963236
958520
962172
960780
963727
958520
961779
961959
958586
960485
962253
961517
958864
965102
958520
963072
960600
961402
960551
955983
961942
959028
960371
960747
960862
956507
957751
956277
957882
962908
960141
955606
962548
959961
958553
961189
958995
956081
957604
960944
954133
954542
955344
954394
956769
958291
953101
956736
955115
953838
958930
957423
958242
957735
959339
955835
955148
953412
958946
956638
952020
957063
954902
952708
958537
953036
951104
952839
951578
956981
952544
952413
952086
956949
951529
950923
950678
956900
949908
955721
950023
953281
953478
950350
948156
953805
953707
953903
950973
952168
949745
951235
954149
948124
954247
953969
950973
951054
954411
947813
951988
951496
953167
950825
953887
950678
946666
945799
949368
946486
948369
949695
949745
952806
949401
950416
944996
944374
952593
946928
950825
945291
951120
945717
945619
945962
945406
946290
946797
949417
946568
949319
948926
943949
942786
949777
948009
943998
942999
944309
943899
947436
943736
948304
946159
944276
947010
946126
940985
945488
942229
945930
945406
946847
940248
944309
941853
942704
942917
939872
947600
941771
942590
942000
942279
940625
938742
941542
941918
942000
945455
940739
944227
940003
943572
940707
942966
942410
943097
940265
943114
944571
938153
936990
943932
941444
941886
943097
940887
937940
938758
938005
943768
937170
941493
943376
936204
938595
940379
940134
937661
938234
941902
940936
934256
937072
937760
934911
937432
941476
938562
940019
933601
941198
932913
932880
934190
933765
936744
940510
932471
936777
938496
936974
937432
939168
937579
937170
931783
931849
934911
931489
932520
935680
933994
931603
933863
933208
932095
931456
930621
934845
934927
929770
934043
935124
930883
934321
929082
931620
935991
930310
933830
929950
931423
934010
930686
933273
929966
932979
928574
929229
934354
933372
935074
932995
932258
929557
934927
929819
926397
927166
934387
928116
929540
931194
928329
930736
932733
927543
931096
927756
930097
931145
926184
925054
932766
926495
928165
925447
930588
929753
925414
927150
925856
930375
927412
927887
929737
930425
927527
929082
924514
930703
923139
927199
924514
929982
926724
921845
922615
929770
922074
923793
922353
924203
924858
921501
923384
924907
928231
920961
921714
920060
926626
925840
922205
919504
924579
922909
920814
919422
922304
924334
919717
924923
925627
922778
925464
923941
924465
918571
918096
920306
918669
925824
918292
922860
920764
919471
924121
923253
918210
924694
922254
923417
920470
921305
920928
916229
919880
918489
921452
916246
919504
919684
916327
918243
920011
919275
916622
922877
916295
920863
918390
919193
918341
913773
919749
916835
918178
918554
918685
914330
915574
914117
915722
920748
917981
913462
920421
917817
916426
919078
916884
913970
915492
918849
912038
912463
913249
912316
914690
916213
911039
914674
913053
911792
916884
915378
916196
915705
917326
913806
913118
911399
916933
914641
910007
915067
912922
910728
916557
911055
909123
910875
909631
915034
910597
910466
910155
915018
909598
908992
908763
914985
907994
913806
908125
911383
911579
908468
906274
911923
911841
912038
909123
910319
907895
909385
912300
906291
912414
912136
909156
909238
912594
905996
910188
909696
911383
909041
912120
908910
904899
904031
907617
904719
906618
907944
908010
911072
907666
908698
903278
902656
910875
905227
909140
903589
909418
904031
903933
904277
903737
904621
905145
907764
904932
907683
907290
902312
901166
908157
906389
902378
901379
902705
902312
905832
902148
906717
904588
902705
905439
904555
899414
903933
900675
904375
903868
905325
898710
902787
900331
901199
901395
898366
906094
900266
901084
900528
900806
899152
897269
900069
900446
900544
904015
899300
902787
898563
902132
899283
901543
900986
901690
898858
901723
903164
896762
895599
902558
900069
900511
901723
899529
896598
897400
896664
902427
895845
900151
902050
894879
897269
899070
898825
896352
896926
900609
899660
892980
895796
896483
893635
896156
900216
897302
898759
892357
899954
891686
891653
892963
892538
895534
899300
891260
895583
897302
895779
896254
897990
896418
896009
890622
890687
893749
890344
891375
894535
892849
890475
892734
892079
890982
890344
889509
893733
893831
888674
892947
894044
889820
893258
888002
890556
894928
889263
892783
888919
890393
892980
889656
892243
888952
891965
887577
888231
893356
892374
894077
892014
891277
888592
893962
888870
885432
886218
893438
887184
888608
890262
887413
889820
891817
886627
890180
886840
889197
890262
885284
884171
891883
885628
887282
884580
889721
888886
884564
886299
885006
889541
886578
887069
888919
889607
886709
888264
883713
889902
882337
886414
883729
889197
885939
881077
881862
889001
881306
883041
881600
883451
884122
880765
882665
884187
887511
880258
881011
879357
885923
885137
881519
878817
883909
882239
880143
878752
881650
883680
879063
884286
884990
882141
884842
883320
883844
877949
877491
879701
878080
885235
877704
882272
880176
878899
883549
882681
877655
884138
881699
882861
879930
880765
880389
875690
879357
877982
880946
875739
878997
879194
875837
877753
879521
878784
876148
882403
875837
880389
877933
878752
877900
873332
879308
876394
877753
878146
878277
873922
875166
873709
875330
880356
877605
873087
880029
877458
876050
878702
876525
873627
875150
878506
871695
872121
872923
871990
874380
875903
870729
874364
872759
871498
876590
875084
875919
875428
877049
873545
872857
871155
876672
874396
869779
874822
872677
870500
876345
870843
868911
870663
869419
874838
870401
870270
869959
874838
869419
868830
868584
874822
867831
873660
867978
871253
871449
868338
866144
871809
871711
871924
869010
870205
867798
869288
872219
866210
872333
872071
869092
869173
872546
865948
870139
869648
871335
869010
872088
868879
864884
864016
867602
864720
866603
867945
868027
871089
867683
868715
863296
862690
870909
865277
869173
863639
869484
864081
864000
864343
863819
864704
865228
867847
865015
867782
867389
862428
861265
868273
866505
862510
861511
862837
862444
865981
862297
866865
864736
862870
865604
864736
859595
864114
860856
864573
864065
865522
858924
863001
860545
861413
861625
858596
866324
860512
861331
860774
861052
859399
857532
860332
860725
860807
864294
859579
863083
858858
862444
859579
861855
861314
862002
859186
862051
863508
857090
855944
862903
860430
860872
862084
859906
856959
857778
857041
862804
856222
860545
862444
855273
857680
859481
859251
856779
857352
861036
860086
853423
856239
856943
854094
856615
860676
857778
859235
852833
860447
852178
852146
853455
853046
856026
859808
851785
856091
857827
856321
856795
858531
856959
856550
851180
851245
854307
850901
851949
855109
853439
851065
853324
852686
851589
850950
850132
854356
854438
849297
853586
854683
850459
853897
848658
851196
855584
849919
853439
849591
851065
853668
850345
852948
849640
852653
848282
848936
854061
853095
854798
852735
852015
849329
854700
849608
846186
846972
854209
847938
849379
851032
848183
850606
852604
847430
850983
847643
850001
851065
846104
844991
852702
846448
848118
845433
850557
849739
845416
847168
845875
850410
847463
847938
849804
850492
847594
849166
844614
850803
843255
847332
844647
850132
846873
842011
842797
849952
842256
843992
842567
844418
845089
841732
843648
845171
848511
841241
842011
840357
846939
846153
842535
839833
844925
843271
841176
839800
842682
844729
840128
845334
846038
843206
845907
844401
844925
839031
838589
840799
839178
846333
838802
843386
841290
840013
844663
843812
838785
845269
842846
844008
841077
841929
841552
836853
840521
839145
842125
836919
840193
840390
837033
838949
840734
839997
837377
843632
837066
841618
839162
839980
839145
834577
840554
837655
839014
839407
839538
835183
836444
835003
836624
841650
838900
834381
841339
838769
837377
840030
837852
834954
836477
839849
833038
833464
834283
833349
835740
837279
832089
835740
834135
832875
837983
836493
837328
836837
838458
834954
834283
832564
838114
835822
831205
836280
834135
831958
837786
832302
830386
832138
830893
836313
831876
831761
831467
836346
830926
830337
830108
836329
829354
835183
829502
832776
832989
829878
827701
833366
833268
833497
830582
831778
829371
830877
833808
827799
833922
833661
830681
830779
834152
827570
831761
831270
832973
830648
833726
830517
826538
825671
829256
826375
828274
829616
829698
832760
829371
830402
824983
824393
832613
826980
830893
825359
831205
825818
825736
826080
825556
826456
826980
829600
826784
829535
829158
824197
823051
830058
828290
824295
823313
824639
824246
827783
824099
828683
826571
824705
827439
826571
821446
825965
822707
826424
825932
827373
820791
824868
822429
823296
823509
820480
828225
822412
823247
822674
822969
821332
819465
822265
822658
822756
826227
821528
825032
820808
824393
821545
823820
823280
823984
821168
824033
825490
819089
817942
824901
822429
822887
824099
821921
818990
819809
819072
824852
818270
822609
824508
817337
819744
821545
821315
818843
819432
823133
822183
815519
818335
819039
816207
818728
822805
819907
821364
814963
822576
814308
814291
815601
815192
818188
821970
813947
818270
820005
818499
818974
820710
819154
818761
813374
813456
816518
813129
814160
817337
815667
813293
815568
814930
813833
813211
812392
816616
816715
811573
815863
816960
812736
816191
810951
813505
817893
812228
815749
811901
813391
815994
812670
815274
811983
814995
810624
811295
816420
815454
817173
815110
814390
811704
817091
811999
808577
809363
816600
810345
811786
813440
810607
813014
815028
809854
813407
810083
812458
813522
808561
807447
815175
808921
810591
807906
813047
812228
807906
809658
808381
812916
809969
810444
812310
813014
810133
811704
807136
813342
805794
809871
807202
812687
809429
804582
805368
812523
804844
806580
805155
807005
807693
804337
806252
807775
811115
803862
804631
802978
809560
808790
805172
802486
807578
805925
803829
802454
805352
807398
802798
808020
808725
805908
808610
807104
807628
801750
801291
803502
801897
809052
801537
806121
804042
802765
807415
806563
801553
808037
805614
806793
803862
804697
804337
799654
803321
801946
804926
799719
803010
803207
799850
801782
803567
802830
800211
806465
799900
804484
802028
802847
802012
797444
803436
800538
801897
802290
802437
798082
799343
797902
799523
804566
801815
797313
804271
801701
800309
802978
800800
797902
799441
802798
796003
796445
797247
796330
798721
800260
795086
798737
797132
795888
800980
799490
800342
799850
801488
797984
797313
795610
801144
798868
794251
799326
797182
795020
800866
795381
793449
795217
793973
799408
794971
794857
794562
799441
794038
793449
793219
799457
792483
798311
792646
795921
796134
793039
790862
796527
796428
796658
793743
794955
792548
794054
796985
790993
797132
796871
793891
793989
797362
790780
794988
794513
796199
793874
796969
793760
789781
788930
792515
789650
791549
792892
792974
796052
792646
793694
788291
787685
795921
790289
794202
788668
794513
789143
789061
789421
788897
789797
790321
792957
790125
792892
792532
787571
786425
793432
791680
787685
786703
788029
787653
791189
787505
792106
789978
788127
790862
789994
784869
789404
786146
789879
789372
790845
784247
788340
785901
786768
786981
783969
791713
785901
786736
786179
786474
784836
782970
785786
786179
786277
789765
785066
788569
784362
787947
785098
787374
786834
787554
784738
787603
789077
782675
781529
788504
786032
786490
787702
785524
782593
783428
782692
788471
781906
786244
788144
780989
783396
785197
784967
782511
783101
786801
785852
779188
782020
782724
779892
782430
786490
783608
785082
778680
786294
778025
778009
779335
778926
781922
785704
777698
782020
783756
782250
782741
784476
782921
782528
777158
777239
780317
776912
777960
781136
779466
777108
779384
778746
777649
777043
776224
780448
780547
775422
779712
780825
776601
780056
774816
777370
781758
776110
779646
775782
777289
779892
776568
779188
775897
778926
774538
775209
780350
779401
781103
779057
778336
775651
781038
775962
772540
773343
780579
774325
775766
777436
774587
777010
779040
773850
777419
774096
776470
777534
772573
771476
779204
772966
774636
771951
777092
776273
771967
773719
772442
776977
774030
774538
776404
777108
774210
775799
771247
777452
769904
773981
771312
776814
773555
768709
769495
776666
768987
770723
769299
771165
771853
768496
770412
771951
775291
768038
768824
767170
773768
772982
769380
766695
771787
770134
768054
766679
769577
771640
767039
772262
772966
770150
772851
771362
771885
766008
765565
767776
766171
773343
765827
770412
768333
767055
771722
770870
765860
772360
769921
771116
768185
769037
768676
763994
767661
766302
769282
764092
767367
767563
764223
766155
767940
767219
764599
770870
764305
768873
766433
767252
766433
761865
767858
764960
766335
766728
766875
762536
763797
762356
763994
769020
766286
761783
768742
766171
764796
767465
765287
762406
763928
767301
760523
760948
761767
760850
763241
764780
759622
763273
761669
760424
765533
764059
764894
764419
766040
762553
761882
760195
765729
763470
758853
763928
761783
759622
765467
759982
758067
759835
758607
764026
759606
759507
759213
764092
758689
758099
757887
764125
757150
762995
757314
760604
760817
757723
755545
761210
761145
761358
758460
759671
757264
758787
761718
755725
761865
761603
758640
758738
762127
755545
759753
759278
760965
758656
761751
758541
754563
753711
757314
754448
756348
757706
757788
760866
757477
758525
753106
752516
760768
755120
759049
753515
759377
753990
753924
754285
753761
754661
755201
757837
755021
757788
757428
752467
751321
758345
756593
752598
751616
752958
752582
756118
752451
757035
754923
753073
755807
754956
749831
754366
751125
754841
754366
755824
749242
753335
750895
751779
751992
748980
756724
750912
751763
751206
751501
749864
748014
750830
751223
751321
754808
750126
753630
749422
753024
750175
752451
751927
752631
749831
752696
754170
747768
746638
753613
751141
751599
752827
750666
747735
748570
747834
753630
747048
751387
753302
746147
748554
750371
750142
747686
748292
751992
751043
744395
747228
747932
745099
747637
751714
748832
750306
743904
751518
743266
743249
744575
744182
747179
750961
742954
747293
749029
747539
748014
749766
748210
747817
742447
742529
745623
742234
743282
746458
744788
742431
744706
744068
742987
742381
741563
745803
745902
740777
745067
746180
741972
745427
740204
742758
747146
741497
745034
741186
742676
745296
741988
744592
741317
744346
739975
740646
745787
744837
746557
744494
743773
741104
746507
741415
738010
738812
746049
739794
741252
742922
740089
742512
744526
739369
742922
739614
741988
743053
738108
737011
744739
738501
740171
737502
742643
741841
737519
739287
738010
742562
739614
740106
741988
742693
739811
741383
736847
743053
735505
739598
736929
742431
739189
734342
735128
742300
734621
736373
734948
736815
737502
734162
736078
737617
740973
733720
734506
732852
739451
738681
735079
732394
737502
735849
733769
732394
735308
737355
732771
737993
738714
735898
738599
737109
737650
731772
731330
733556
731935
739123
731608
736209
734113
732852
737519
736667
731657
738157
735734
736929
734015
734866
734506
729823
733507
732132
735128
729938
733229
733425
730085
732017
733818
733098
730478
736749
730184
734768
732328
733147
732328
727777
733769
730871
732247
732656
732803
728464
729725
728301
729938
734964
732230
727728
734703
732132
730757
733425
731264
728383
729922
733294
726500
726942
727760
726860
729250
730789
725632
729299
727695
726451
731575
730085
730937
730462
732099
728612
727940
726254
731788
729529
724928
730003
727875
725714
731559
726074
724175
725943
724715
730134
725730
725616
725321
730216
724813
724240
724011
730265
723307
729136
723471
726762
726974
723896
721719
727384
727318
727548
724650
725861
723454
724977
727924
721932
728071
727826
724862
724961
728350
721768
725976
725501
727220
724895
727990
724797
720818
719983
723569
720720
722619
723978
724060
727155
723765
724813
719410
718821
727073
721440
725370
719836
725697
720327
720262
720622
720098
721015
721555
724191
721375
724142
723782
718837
717691
724715
722963
718984
718002
719345
718968
722521
718854
723454
721342
719492
722226
721375
716267
720802
717560
721293
720802
722259
715694
719787
717347
718231
718461
715448
723192
717396
718231
717691
717986
716365
714515
717331
717724
717838
721326
716643
720163
715956
719541
716709
718984
718461
719181
716381
719246
720736
714335
713205
720180
717724
718182
719410
717249
714318
715153
714433
720229
713663
718002
719918
712763
715170
717003
716774
714318
714924
718624
717691
711044
713876
714597
711764
714302
718379
715497
716971
710585
718215
709963
709947
711273
710880
713893
717675
709668
714007
715759
714253
714744
716496
714940
714564
709193
709292
712370
708981
710029
713221
711568
709193
711486
710847
709783
709161
708358
712599
712697
707573
711879
712992
708784
712239
707016
709586
713991
708326
711879
708031
709537
712141
708850
711453
708178
711207
706836
707523
712665
711715
713434
711387
710683
708015
713401
708326
704920
705722
712976
706721
708178
709848
707016
709455
711469
706312
709881
706557
708948
710012
705068
703971
711715
705477
707163
704478
709636
708833
704511
706279
705018
709570
706623
707130
708997
709717
706836
708424
703889
710094
702562
706639
703987
709488
706246
701400
702202
709374
701695
703447
702039
703905
704593
701253
703185
704724
708080
700827
701613
699976
706574
705804
702219
699533
704642
702988
700909
699550
702464
704527
699926
705166
705886
703070
705788
704282
704838
698960
698518
700745
699141
706328
698813
703414
701334
700074
704740
703905
698895
705395
702988
704167
701253
702104
701760
697078
700761
699402
702399
697208
700499
700712
697372
699304
701105
700401
697782
704052
697503
702088
699648
700467
699648
695096
701105
698207
699599
699992
700156
695817
697094
695653
697290
702333
699599
695113
702088
699517
698142
700827
698649
695784
697323
700696
693918
694360
695178
694278
696685
698224
693066
696734
695146
693901
699026
697536
698387
697913
699566
696079
695424
693721
699271
697012
692411
697487
695375
693214
699059
693590
691691
693459
692231
697667
693246
693148
692870
697765
692362
691789
691576
697814
690856
696701
691036
694327
694556
691462
689300
694982
694900
695146
692248
693459
691069
692591
695538
689546
695702
695440
692493
692591
695981
689415
693623
693164
694867
692559
695653
692460
688498
687647
691249
688383
690299
691674
691756
694851
691462
692509
687123
686533
694785
689153
693083
687565
693426
688056
687991
688367
687843
688760
689300
691936
689137
691904
691543
686599
685469
692493
690741
686763
685797
687139
686779
690332
686664
691265
689153
687303
690054
689202
684094
688629
685387
689120
688645
690119
683537
687647
685207
686091
686321
683308
691069
685273
686124
685567
685878
684258
682407
685224
685633
685747
689235
684552
688072
683881
687483
684634
686926
686402
687123
684323
687205
688678
682293
681163
688154
685682
686157
687401
685224
682309
683144
682424
688220
681654
686009
687925
680770
683193
685027
684798
682358
682948
686664
685731
679084
681916
682637
679820
682358
686451
683570
685043
678658
686288
678036
678036
679362
678969
681982
685780
677774
682113
683865
682375
682866
684618
683079
682686
677332
677430
680508
677135
678183
681376
679722
677365
679640
679018
677954
677332
676529
680786
680885
675760
680066
681196
676988
680459
675236
677790
682195
676546
680099
676251
677757
680377
677086
679706
676431
679460
675089
675776
680934
679984
681703
679657
678953
676300
681687
676611
673222
674024
681278
675023
676480
678167
675334
677774
679804
674630
678216
674892
677283
678363
673419
672322
680066
673828
675514
672846
678003
677201
672895
674663
673402
677954
675023
675514
677397
678118
675252
676824
672289
678511
670979
675072
672420
677921
674679
669849
670635
677823
670144
671912
670488
672371
673058
669735
671650
673206
676562
669309
670111
668474
675072
674303
670717
668032
673140
671503
669424
668065
670995
673058
668458
673697
674417
671618
674336
672846
673386
667524
667082
669309
667721
674892
667393
671994
669931
668670
673337
672502
667492
674008
671585
672780
669866
670733
670390
665707
669391
668048
671028
665854
669145
669358
666034
667966
669767
669063
666444
672731
666182
670766
668327
669162
668343
663791
669800
666919
668294
668703
668867
664528
665805
664381
666018
671077
668343
663840
670832
668261
666902
669571
667410
664545
666084
669473
662694
663136
663971
663055
665461
667017
661859
665527
663939
662711
667835
666362
667213
666738
668392
664905
664250
662563
668114
665854
661254
666346
664217
662072
667917
662449
660550
662334
661106
666542
662138
662039
661761
666657
661254
660680
660484
666738
659780
665625
659960
663251
663480
660402
658241
663922
663857
664086
661188
662416
660026
661548
664495
658519
664675
664430
661466
661581
664970
658405
662612
662154
663873
661565
664659
661483
657504
656669
660271
657422
659338
660697
660795
663890
660500
661565
656178
655589
663840
658225
662154
656636
662498
657144
657078
657455
656947
657848
658405
661041
658241
661024
660664
655719
654590
661614
659878
655900
654934
656276
655916
659469
655801
660419
658306
656456
659223
658372
653264
657799
654573
658306
657832
659305
652740
656833
654410
655310
655539
652527
660288
654492
655343
654803
655114
653493
651643
654475
654884
654999
658503
653804
657340
653133
656751
653918
656211
655687
656407
653607
656489
657979
651594
650464
657455
654999
655474
656702
654541
651626
652478
651757
657553
651004
655343
657275
650120
652543
654377
654164
651708
652330
656031
655097
648466
651299
652019
649203
651757
655834
652969
654442
648073
655703
647451
647451
648794
648401
651413
655212
647206
651544
653313
651823
652314
654066
652527
652150
646796
646894
649989
646600
647664
650857
649203
646845
649138
648515
647451
646845
646043
650300
650415
645290
649596
650726
646518
649989
644766
647337
651741
646109
649645
645814
647320
649940
646649
649269
645994
649039
644668
645372
650513
649580
651299
649269
648565
645896
651299
646223
642834
643636
650906
644651
646109
647795
644979
647418
649449
644291
647860
644553
646944
648024
643080
641999
649743
643505
645208
642539
647697
646894
642588
644357
643096
647664
644733
645241
647124
647844
644979
646567
642032
648253
640722
644815
642163
647664
644439
639609
640411
647582
639920
641688
640263
642146
642850
639510
641442
642998
646354
639117
639903
638282
644881
644127
640542
637857
642981
641344
639265
637906
640836
642899
638315
643554
644275
641475
644193
642703
643260
637398
636956
639199
637595
644782
637284
641884
639821
638561
643243
642408
637415
643915
641508
642703
639805
640656
640329
635646
639347
637988
640984
635810
639101
639314
635990
637938
639740
639035
636432
642703
636170
640755
638315
639150
638348
633796
639805
636923
638315
638724
638888
634549
635843
634418
636056
641115
638381
633894
640869
638315
636956
639641
637480
634615
636154
639543
632765
633223
634058
633141
635564
637120
631962
635630
634058
632814
637938
636465
637333
636858
638512
635040
634386
632699
638266
636006
631406
636498
634386
632224
638086
632617
630718
632503
631291
636727
632323
632224
631946
636858
631455
630898
630685
636940
629981
635843
630178
633485
633714
630636
628475
634156
634091
634336
631438
632666
630276
631815
634762
628786
634942
634697
631750
631864
635253
628688
632912
632454
634173
631864
634975
631782
627820
626985
630587
627738
629670
631029
631127
634222
630849
631913
626527
625937
634205
628573
632519
627001
632879
627509
627460
627836
627329
628246
628786
631438
628639
631422
631062
626134
625004
632028
630292
626330
625364
626707
626346
629916
626248
630849
628753
626920
629670
628835
623727
628262
625037
628786
628311
629785
623219
627329
624906
625790
626035
623023
630784
625004
625855
625315
625626
624005
622171
625004
625413
625528
629032
624349
627886
623694
627296
624464
626756
626248
626969
624185
627067
628557
622171
621042
628033
625593
626068
627312
625151
622237
623088
622368
628164
621615
625970
627902
620747
623186
625020
624807
622351
622974
626690
625757
619110
621959
622695
619879
622433
626510
623645
625135
618766
626379
618144
618144
619486
619110
622122
625921
617931
622270
624038
622548
623039
624807
623268
622892
617538
617636
620731
617358
618422
621615
619961
617620
619912
619290
618225
617620
616834
621074
621205
616081
620387
621516
617325
620796
615573
618160
622564
616932
620469
616637
618160
620780
617489
620108
616850
619879
615524
616228
621369
620436
622171
620141
619437
616768
622188
617112
613723
614525
621795
615557
617014
618700
615884
618324
620354
615196
618782
615491
617865
618962
614018
612937
620681
614460
616146
613494
618651
617849
613559
615327
614067
618635
615704
616212
618111
618831
615966
617554
613019
619257
611725
615819
613183
618684
615458
610628
611431
618618
610956
612724
611316
613199
613887
610563
612495
614050
617423
610186
610972
609351
615950
615196
611611
608942
614067
612429
610366
609008
611938
614001
609417
614673
615393
612593
615311
613838
614394
608533
608107
610334
608746
615933
608434
613052
610972
609728
614411
613576
608582
615098
612691
613887
610989
611856
611513
606846
610530
609188
612184
607010
610317
610530
607207
609155
610956
610268
607665
613936
607403
611987
609564
610399
609597
605062
611071
608189
609581
609990
610154
605831
607125
605700
607354
612397
609679
605193
612184
609630
608254
610956
608795
605929
607485
610874
604096
604554
605389
604489
606895
608467
603310
606994
605405
604178
609302
607845
608696
608238
609892
606421
605766
604079
609646
607403
602802
607894
605782
603637
609499
604030
602147
603916
602704
608156
603752
603670
603392
608287
602900
602344
602131
608402
601443
607305
601640
604947
605176
602115
599953
605635
605569
605815
602933
604161
601787
603310
606273
600297
606453
606208
603261
603375
606781
600215
604439
603981
605700
603408
606519
603342
599380
598545
602147
599315
601230
602606
602704
605798
602426
603490
598103
597530
605798
600183
604112
598611
604472
599118
599069
599446
598938
599855
600412
603064
600264
603064
602704
597776
596646
603686
601951
597972
597023
598365
598021
601574
597923
602540
600444
598594
601361
600526
595418
599970
596744
600494
600019
601492
594927
599036
596613
597514
597759
594763
602524
596744
597596
597055
597383
595762
593928
596761
597170
597301
600805
596122
599659
595467
599086
596253
598545
598038
598774
595975
598873
600363
593977
592864
599855
597415
597890
599135
596973
594075
594910
594206
600019
593453
597825
599740
592602
595041
596875
596662
594223
594845
598562
597628
590997
593846
594583
591767
594321
598414
595549
597039
590670
598300
590064
590064
591407
591030
594043
597858
589868
594206
595975
594485
594992
596761
595222
594845
589507
589606
592700
589327
590392
593601
591947
589606
591898
591292
590228
589622
588836
593093
593208
588099
592405
593535
589344
592815
587608
590179
594599
588967
592520
588689
590211
592831
589540
592176
588902
591947
587592
588296
593453
592520
594256
592225
591521
588869
594272
589213
585823
586642
593895
587674
589131
590817
588001
590457
592487
587330
590915
587624
590015
591112
586167
585087
592831
586609
588312
585660
590817
590031
585725
587510
586249
590817
587903
588410
590293
591030
588165
589769
585234
591472
583941
588050
585398
590915
587690
582860
583662
590850
583187
584972
583564
585447
586151
582827
584759
586315
589687
582451
583253
581632
588247
587493
583908
581239
586364
584726
582663
581321
584235
586315
581730
586986
587723
584923
587641
586167
586724
580862
580437
582680
581092
588279
580781
585398
583335
582090
586773
585938
580961
587477
585070
586282
583368
584235
583908
579242
582942
581599
584595
579422
582729
582958
579634
581583
583384
582696
580093
586380
579847
584432
582009
582860
582058
577522
583531
580650
582041
582467
582631
578308
579602
578177
579831
584890
582172
577686
584677
582123
580764
583466
581305
578439
579995
583400
576622
577080
577915
577031
579438
581010
575852
579536
577964
576736
581861
580404
581272
580813
582467
578996
578341
576671
582238
579978
575394
580486
578374
576229
582107
576638
574755
576540
575328
580781
576376
576294
576016
580928
575541
574985
574772
581043
574100
579946
574297
577604
577850
574772
572627
578308
578259
578505
575623
576851
574477
576000
578963
572987
579160
578914
575967
576098
579504
572938
577162
576704
578439
576131
579242
576082
572119
571284
574903
572054
573986
575361
575459
578570
575197
576262
570875
570318
578570
572954
576900
571399
577277
571923
571874
572250
571743
572676
573233
575885
573085
575885
575541
570597
569483
576524
574788
570826
569860
571219
570875
574428
570777
575394
573298
571464
574231
573396
568304
572856
569631
573380
572905
574395
567830
571939
569516
570433
570662
567666
575443
569663
570515
569991
570302
568697
566864
569696
570122
570236
573757
569074
572610
568419
572037
569221
571514
571006
571743
568959
571857
573347
566978
565848
572856
570400
570891
572136
569991
567076
567928
567224
573036
566487
570842
572774
565636
568075
569909
569712
567273
567895
571612
570695
564064
566913
567650
564833
567404
571497
568616
570122
563753
571383
563147
563163
564506
564129
567158
570957
562967
567322
569090
567600
568124
569876
568354
567977
562639
562738
565848
562476
563540
566749
565112
562770
565063
564457
563393
562787
562001
566258
566389
561280
565587
566733
562541
566012
560806
563393
567813
562165
565734
561903
563425
566045
562770
565406
562132
565194
560838
561542
566700
565767
567502
565472
564784
562132
567535
562476
559086
559905
567175
560953
562410
564113
561297
563736
565783
560642
564228
560920
563327
564424
559479
558415
566160
559938
561641
558988
564146
563360
559070
560855
559594
564162
561248
561772
563655
564391
561526
563131
558612
564833
557318
561428
558775
564293
561068
556254
557056
564244
556598
558366
556974
558857
559561
556238
558186
559741
563114
555877
556680
555075
561673
560937
557351
554682
559807
558186
556123
554780
557711
559790
555206
560462
561199
558399
561133
559660
560216
554355
553945
556188
554600
561788
554306
558923
556860
555615
560298
559479
554486
561002
558612
559807
556909
557793
557466
552799
556500
555157
558153
552996
556303
556516
553209
555157
556974
556270
553683
559971
553438
558039
555615
556450
555665
551129
557138
554273
555665
556090
556254
551931
553225
551817
553471
558530
555812
551326
558333
555779
554420
557122
554960
552112
553667
557056
550294
550753
551604
550704
553127
554699
549541
553241
551653
550442
555566
554109
554977
554518
556172
552717
552079
550392
555959
553716
549132
554224
552128
549983
555845
550392
548510
550294
549083
554535
550147
550065
549787
554699
549328
548755
548559
554829
547887
553749
548100
551408
551653
548575
546430
552128
552062
552324
549443
550687
548297
549836
552799
546840
552996
552767
549819
549950
553356
546790
551031
550573
552308
549999
553127
549950
546004
545169
548788
545939
547871
549263
549361
552472
549099
550180
544793
544220
552488
546872
550818
545317
551195
545841
545808
546185
545693
546610
547183
549836
547052
549836
549492
544564
543450
550491
548755
544793
543843
545202
544858
548428
544777
549394
547298
545464
548231
547396
542304
546856
543647
547396
546921
548411
541862
545972
543565
544465
544711
541715
549492
543712
544580
544040
544367
542763
540929
543761
544187
544318
547822
543156
546692
542517
546135
543303
545612
545104
545841
543057
545955
547462
541093
539963
546970
544531
545006
546266
544122
541224
542075
541371
547183
540634
544989
546938
539799
542239
544072
543876
541436
542059
545792
544875
538244
541093
541829
539030
541600
545693
542828
544318
537965
545595
537360
537376
538735
538358
541387
545186
537196
541551
543336
541846
542370
544138
542599
542239
536901
536999
540110
536737
537818
541011
539373
537048
539341
538735
537671
537081
536295
540552
540683
535575
539897
541043
536852
540323
535133
537703
542124
536508
540061
536246
537753
540389
537114
539750
536492
539537
535198
535886
541060
540127
541862
539848
539144
536508
541911
536868
533479
534298
541567
535346
536819
538506
535706
538145
540192
535051
538637
535346
537736
538850
533921
532841
540585
534380
536082
533430
538604
537818
533528
535313
534052
538637
535706
536230
538129
538866
536001
537605
533086
539324
531809
535919
533283
538800
535575
530761
531564
538768
531105
532890
531482
533381
534085
530778
532710
534281
537654
530434
531236
529615
536230
535477
531907
529255
534380
532759
530696
529353
532284
534363
529779
535051
535788
532988
535722
534249
534822
528960
528551
530794
529206
536410
528911
533545
531482
530237
534920
534101
529124
535640
533250
534462
531564
532431
532104
527454
531154
529812
532824
527650
530974
531203
527880
529844
531645
530958
528371
534658
528125
532726
530319
531171
530368
525833
531858
528977
530385
530810
530974
526668
527962
526553
528207
533266
530548
526079
533070
530532
529173
531875
529730
526865
528436
531826
525064
525538
526373
525489
527912
529484
524343
528027
526455
525244
530368
528911
529779
529337
530991
527536
526897
525227
530794
528551
523967
529075
526963
524818
530696
525244
523361
525145
523950
529402
525014
524933
524654
529582
524196
523639
523443
529713
522771
528633
523001
526308
526553
523492
521330
527028
526979
527241
524359
525604
523230
524769
527732
521773
527929
527700
524769
524883
528305
521740
525980
525538
527257
524965
528093
524916
520970
520152
523770
520921
522853
524245
524359
527454
524098
525178
519791
519235
527503
521887
525833
520348
526226
520872
520823
521216
520725
521658
522215
524883
522084
524883
524540
519611
518498
525555
523819
519857
518907
520266
519922
523492
519857
524474
522378
520561
523328
522493
517401
521969
518744
522493
522035
523524
516975
521085
518678
519595
519841
516844
524621
518842
519710
519186
519513
517909
516075
518924
519349
519480
522984
518318
521871
517679
521298
518482
520790
520299
521036
518252
521150
522657
516288
515174
522165
519742
520217
521478
519333
516435
517286
516599
522411
515862
520233
522165
515043
517483
519317
519120
516697
517319
521052
520135
513504
516369
517106
514306
516861
520970
518105
519611
513242
520888
512653
512669
514028
513652
516681
520495
512505
516861
518645
517172
517679
519448
517925
517565
512227
512342
515453
512080
513160
516369
514732
512391
514699
514094
513046
512456
511670
515927
516058
510950
515272
516419
512227
515715
510524
513111
517532
511900
515469
511638
513177
515796
512522
515158
511916
514961
510623
511327
516484
515567
517303
515289
514601
511949
517368
512309
508936
509755
517024
510803
512276
513979
511179
513619
515682
510524
514126
510835
513226
514339
509411
508347
516091
509886
511589
508936
514110
513324
509051
510835
509591
514159
511245
511769
513668
514405
511556
513160
508641
514880
507364
511474
508838
514356
511147
506317
507152
514339
506693
508461
507070
508969
509673
506366
508314
509869
513259
506038
506840
505220
511851
511097
507528
504876
510000
508379
506317
504974
507921
510000
505432
510688
511425
508641
511376
509902
510475
504630
504204
506464
504876
512080
504597
509215
507168
505924
510623
509788
504810
511343
508953
510164
507266
508150
507823
503173
506873
505531
508543
503386
506693
506922
503615
505580
507397
506709
504123
510410
503877
508494
506071
506922
506120
501601
507626
504761
506153
506578
506759
502452
503746
502338
503992
509067
506349
501879
508887
506333
504990
507692
505547
502682
504254
507659
500897
501356
502207
501323
503746
505318
500177
503877
502305
501094
506235
504777
505645
505203
506857
503402
502764
501094
506677
504434
499849
504958
502845
500717
506595
501143
499260
501061
499849
505318
500930
500848
500570
505498
500128
499571
499374
505645
498719
504581
498932
502256
502502
499440
497295
502993
502944
503206
500324
501568
499194
500733
503697
497737
503910
503680
500750
500881
504286
497737
501978
501536
503271
500979
504106
500930
496984
496165
499784
496951
498883
500275
500390
503500
500128
501208
495838
495281
503549
497950
501896
496395
502289
496935
496902
497295
496804
497721
498294
500963
498179
500979
500635
495707
494593
501650
499931
495969
495019
496378
496034
499620
495969
500602
498507
496689
499456
498621
493546
498097
494888
498638
498179
499669
493120
497246
494839
495756
496002
493022
500799
495019
495887
495363
495690
494086
492269
495101
495543
495674
499194
494528
498065
493889
497508
494708
497017
496509
497262
494479
497377
498883
492514
491401
498408
495985
496460
497721
495576
492694
493546
492858
498670
492121
496493
498441
491303
493758
495609
495412
492973
493611
497328
496427
489796
492661
493398
490598
493169
497279
494413
495920
489567
497213
488978
488994
490353
489976
493022
496837
488847
493218
494986
493513
494037
495805
494282
493922
488585
488699
491810
488454
489534
492743
491106
488781
491090
490484
489436
488847
488061
492334
492465
487357
491695
492842
488650
492138
486931
489518
493955
488323
491892
488077
489600
492236
488961
491614
488355
491417
487078
487782
492956
492023
493775
491745
491057
488421
493840
488797
485408
486243
493513
487291
488765
490468
487668
490124
492187
487029
490631
487340
489747
490860
485932
484868
492612
486407
488126
485474
490648
489862
485588
487373
486129
490713
487799
488323
490222
490975
488110
489731
485212
491450
483935
488044
485425
490942
487733
482920
483738
490926
483280
485064
483673
485572
486292
482985
484933
486489
489878
482658
483460
481855
488470
487733
484164
481512
486636
485032
482969
481626
484573
486653
482085
487357
488093
485310
488044
486571
487144
481299
480889
483149
481561
488765
481282
485916
483869
482625
487324
486505
481528
488061
485654
486882
483984
484868
484557
479891
483607
482265
485277
480120
483444
483673
480365
482330
484148
483460
480873
487177
480644
485261
482838
483705
482903
478384
484410
481544
482936
483378
483558
479252
480546
479137
480807
485867
483165
478695
485703
483165
481806
484508
482363
479514
481086
484491
477729
478204
479056
478171
480595
482166
477042
480726
479170
477959
483100
481642
482510
482068
483738
480284
479645
477975
483558
481315
476747
481855
479743
477615
483493
478057
476174
477959
476763
482232
477844
477762
477500
482428
477058
476501
476321
482592
475650
481528
475879
479203
479449
476387
474242
479956
479907
480169
477287
478548
476174
477713
480693
474733
480906
480676
477746
477877
481282
474749
478990
478532
480267
477991
481119
477959
474013
473194
476812
473980
475912
477304
477418
480529
477173
478253
472883
472326
480595
474995
478957
473456
479350
473996
473964
474357
473865
474799
475372
478040
475257
478057
477729
472801
471704
478744
477025
473063
472130
473489
473145
476731
473079
477713
475634
473800
476583
475765
470673
475241
472032
475781
475323
476829
470280
474406
471999
472916
473161
470181
477959
472179
473063
472539
472867
471262
469445
472294
472719
472867
476387
471721
475273
471098
474717
471901
474226
473718
474471
471688
474602
476108
469739
468642
475650
473210
473702
474962
472817
469936
470787
470100
475912
469379
473751
475699
468577
471016
472867
472670
470247
470885
474619
473702
467087
469952
470689
467889
470476
474569
471721
473227
466874
474520
466301
466317
467676
467300
470345
474160
466186
470542
472326
470853
471377
473145
471639
471278
465941
466055
469166
465810
466890
470100
468479
466154
468462
467856
466809
466219
465450
469723
469854
464762
469084
470231
466039
469543
464336
466940
471360
465744
469314
465499
467021
469674
466399
469035
465793
468855
464500
465220
470394
469477
471213
469199
468511
465875
471295
466252
462879
463714
470984
464762
466252
467955
465155
467611
469658
464533
468118
464844
467251
468348
463436
462372
470132
463927
465630
462994
468168
467382
463108
464909
463665
468249
465335
465859
467758
468511
465663
467267
462765
469003
461487
465613
462977
468511
465302
460489
461307
468511
460865
462650
461258
463157
463878
460571
462519
464091
467464
460259
461062
459457
466088
465351
461782
459130
464254
462650
460587
459261
462208
464287
459719
464991
465744
462945
465695
464222
464795
458966
458540
460800
459228
466432
458950
463583
461537
460292
464991
464189
459212
465744
463354
464566
461684
462568
462241
457591
461307
459981
462994
457836
461160
461389
458082
460047
461880
461193
458606
464909
458377
462994
460587
461438
460652
456133
462159
459293
460702
461127
461324
457018
458311
456903
458573
463649
460947
456477
463485
460947
459605
462306
460161
457312
458884
462290
455544
456019
456870
455986
458409
459997
454856
458557
456985
455773
460931
459474
460358
459916
461586
458131
457492
455822
461406
459179
454611
459719
457607
455479
461373
455921
454038
455839
454644
460112
455724
455659
455397
460325
454955
454398
454218
460489
453563
459424
453792
457116
457361
454316
452171
457869
457836
458098
455233
456477
454103
455659
458622
452679
458851
458622
455691
455822
459244
452712
456952
456510
458246
455953
459081
455921
451991
451172
454791
451958
453907
455298
455413
458540
455167
456264
450894
450337
458606
453006
456968
451484
457361
452024
451991
452384
451909
452843
453416
456084
453301
456101
455773
450845
449748
456805
455086
451123
450190
451549
451222
454807
451156
455790
453710
451893
454660
453841
448766
453334
450125
453874
453432
454922
448373
452515
450108
451025
451271
448291
456084
450305
451189
450665
450992
449404
447587
450436
450861
451009
454529
449863
453416
449240
452875
450059
452384
451893
452646
449863
452777
454283
447914
446817
453825
451402
451893
453154
451025
448127
448995
448307
454120
447587
451958
453907
446785
449240
451091
450894
448471
449109
452843
451942
445311
448193
448929
446146
448717
452826
449961
451484
445131
452777
444558
444574
445933
445573
448618
452433
444460
448815
450599
449142
449666
451434
449928
449568
444230
444361
447472
444116
445196
448422
446785
444460
446768
446179
445131
444558
443772
448045
448193
443084
447423
448569
444394
447882
442691
445278
449715
444099
447669
443854
445393
448029
444771
447407
444165
447227
442888
443608
448782
447865
449617
447603
446916
444279
449699
444656
441283
442118
449404
443182
444656
446375
443575
446031
448094
442953
446555
443281
445688
446785
441873
440808
448569
442364
444083
441447
446621
445851
441578
443363
442135
446719
443805
444329
446244
446981
444148
445753
441250
447489
439990
444099
441480
446997
443805
438991
439810
447014
439384
441169
439777
441676
442397
439089
441054
442626
445999
438795
439613
438009
444623
443887
440334
437681
442822
441201
439155
437829
440759
442855
438287
443559
444312
441529
444279
442806
443395
437550
437141
439400
437829
445033
437550
442184
440137
438909
443608
442790
437829
444361
441971
443199
440301
441201
440874
436224
439941
438614
441627
436486
439793
440039
436732
438696
440530
439842
437272
443575
437043
441660
439253
440121
439335
434800
440841
437976
439384
439826
440006
435700
437010
435602
437272
442347
439646
435176
442184
439662
438320
441021
438893
436044
437616
441021
434276
434750
435602
434718
437157
438729
433604
437305
435749
434538
439679
438238
439122
438680
440350
436895
436273
434603
440186
437960
433391
438500
436404
434276
440153
434718
432835
434636
433457
438909
434538
434472
434210
439138
433768
433228
433031
439318
432393
438254
432622
435946
436208
433146
431017
436715
436682
436944
434079
435340
432966
434521
437485
431541
437714
437501
434570
434701
438123
431590
435831
435389
437124
434849
437976
434832
430886
430068
433703
430870
432818
434210
434325
437452
434096
435176
429806
429265
437534
431934
435897
430412
436306
430968
430936
431328
430854
431787
432360
435029
432262
435062
434734
429822
428725
435766
434063
430101
429167
430543
430199
433784
430150
434783
432704
430886
433670
432851
427759
432344
429135
432900
432442
433948
427399
431525
429135
430051
430313
427333
435111
429347
430231
429708
430051
428447
426629
429478
429920
430068
433588
428938
432491
428316
431951
429135
431459
430968
431721
428938
431852
433375
427006
425909
432917
430493
430985
432262
430117
427235
428103
427415
433244
426711
431083
433031
425909
428365
430215
430035
427612
428250
431983
431083
424468
427333
428087
425287
427874
431983
429135
430641
424288
431934
423731
423748
425107
424747
427792
431607
423633
428005
429789
428332
428856
430641
429118
428774
423437
423568
426679
423322
424419
427628
426007
423682
425991
425401
424354
423781
423011
427284
427432
422323
426662
427825
423633
427137
421947
424534
428971
423355
426941
423126
424665
427301
424043
426679
423437
426498
422176
422880
428070
427153
428905
426891
426204
423584
429004
423961
420588
421423
428709
422503
423977
425696
422896
425352
427415
422291
425893
422602
425025
426138
421210
420162
427923
421718
423437
420801
425975
425205
420932
422733
421488
426073
423175
423715
425614
426367
423519
425140
420637
426875
419376
423502
420866
426400
423208
418394
419229
426417
418787
420571
419196
421095
421816
418508
420473
422045
425434
418230
419049
417444
424075
423338
419769
417133
422258
420653
418607
417281
420228
422323
417755
423027
423781
420997
423748
422291
422864
417035
416626
418885
417313
424517
417051
421685
419638
418410
423109
422307
417330
423862
421488
422716
419818
420719
420408
415758
419474
418148
421161
416020
419343
419589
416282
418247
420080
419393
416822
423126
416609
421226
418820
419687
418901
414382
420408
417559
418967
419409
419589
415283
416593
415201
416871
421947
419245
414775
421799
419262
417919
420637
418492
415660
417231
420637
413891
414366
415234
414350
416789
418377
413236
416937
415381
414186
419327
417886
418770
418328
419998
416560
415922
414268
419851
417624
413056
418165
416069
413957
419835
414399
412532
414333
413138
418607
414235
414153
413908
418836
413466
412925
412745
419032
412107
417985
412352
415676
415922
412876
410748
416445
416413
416675
413809
415070
412712
414268
417231
411288
417461
417248
414317
414464
417886
411354
415594
415168
416904
414628
417755
414595
410666
409847
413482
410666
412614
414006
414121
417248
413891
414988
409618
409061
417346
411746
415725
410224
416118
410780
410764
411157
410682
411615
412205
414874
412090
414906
414579
409667
408570
415627
413908
409962
409029
410404
410060
413646
410011
414644
412581
410764
413547
412729
407653
412221
409012
412778
412336
413842
407293
411435
409029
409945
410207
407228
415021
409258
410142
409618
409962
408374
406556
409405
409847
409995
413531
408865
412418
408259
411894
409078
411403
410911
411665
408898
411812
413335
406966
405869
412893
410469
410961
412238
410093
407211
408079
407391
413220
406687
411075
413024
405901
408357
410224
410027
407620
408259
411992
411092
404477
407342
408095
405312
407899
412008
409160
410666
404330
411976
403756
403789
405165
404788
407833
411665
403691
408063
409847
408390
408914
410699
409192
408848
403511
403642
406753
403413
404493
407719
406098
403773
406081
405492
404461
403871
403102
407391
407522
402430
406769
407932
403756
407244
402070
404657
409094
403478
407064
403249
404788
407440
404182
406818
403576
406654
402316
403036
408210
407309
409061
407047
406376
403740
409176
404133
400760
401595
408881
402676
404166
405869
403085
405541
407604
402479
406081
402807
405214
406327
401415
400367
408128
401939
403658
401006
406196
405427
401153
402954
401726
406311
403413
403953
405852
406605
403773
405377
400875
407129
399630
403756
401137
406671
403462
398648
399483
406687
399057
400858
399467
401382
402103
398795
400760
402332
405721
398517
399336
397731
404362
403642
400073
397437
402578
400973
398926
397600
400547
402643
398075
403347
404100
401333
404084
402627
403200
397371
396962
399221
397649
404870
397404
402037
399991
398763
403478
402659
397698
404231
401857
403085
400204
401088
400777
396143
399860
398534
401546
396405
399729
399974
396667
398648
400482
399811
397224
403527
397011
401628
399238
400105
399319
394800
400826
397977
399401
399843
400023
395717
397044
395635
397322
402398
399696
395226
402250
399712
398386
401088
398959
396110
397698
401120
394358
394850
395701
394833
397273
398861
393720
397437
395881
394669
399827
398386
399270
398828
400515
397060
396438
394784
400367
398141
393573
398697
396601
394473
400367
394931
393065
394866
393671
399139
394768
394702
394457
399385
394015
393474
393294
399581
392656
398534
392918
396241
396503
393442
391313
397027
396994
397256
394408
395652
393294
394850
397829
391886
398059
397846
394931
395062
398501
391952
396209
395766
397518
395243
398370
395226
391280
390478
394113
391297
393245
394637
394768
397895
394539
395635
390265
389725
397993
392410
396372
390887
396782
391444
391428
391821
391346
392295
392868
395554
392770
395586
395259
390347
389250
396307
394604
390658
389725
391100
390773
394358
390724
395357
393294
391477
394260
393442
388366
392950
389741
393507
393065
394571
388022
392164
389774
390691
390953
387989
395766
390003
390887
390380
390724
389135
387318
390183
390609
390756
394293
389643
393196
389037
392672
389872
392197
391706
392459
389692
392607
394129
387776
386679
393687
391264
391771
393049
390920
388022
388906
388219
394047
387515
391902
393851
386745
389201
391051
390871
388464
389103
392836
391935
385321
388202
388955
386172
388759
392868
390020
391542
385190
392852
384633
384666
386041
385681
388726
392541
384584
388955
390740
389283
389807
391608
390085
389741
384420
384551
387662
384322
385419
388628
387007
384698
387007
386418
385386
384813
384043
388317
388464
383372
387711
388873
384698
388202
383012
385615
390052
384436
388022
384224
385763
388399
385140
387793
384551
387629
383290
384011
389201
388284
390052
388038
387367
384731
390167
385124
381768
382603
389889
383683
385173
386892
384093
386565
388628
383503
387105
383831
386237
387367
382455
381391
389168
382963
384698
382062
387253
386483
382210
384011
382783
387367
384469
385009
386925
387678
384829
386450
381948
388202
380703
384829
382210
387744
384551
379737
380572
387793
380147
381948
380572
382472
383208
379901
381866
383454
386843
379639
380458
378853
385484
384764
381211
378559
383700
382095
380065
378739
381686
383781
379230
384502
385255
382488
385239
383781
384355
378526
378133
380392
378820
386041
378575
383208
381178
379950
384649
383847
378886
385419
383045
384273
381391
382292
381980
377331
381064
379737
382766
377609
380949
381195
377887
379868
381702
381031
378444
384764
378247
382865
380474
381342
380556
376037
382079
379230
380638
381080
381276
376987
378297
376905
378575
383667
380965
376496
383520
380998
379656
382373
380245
377396
378984
382406
375661
376135
377003
376119
378575
380147
375022
378739
377183
375972
381129
379688
380589
380147
381833
378378
377756
376103
381702
379475
374907
380032
377936
375824
381702
376266
374400
376217
375022
380491
376119
376070
375808
380736
375382
374842
374662
380949
374040
379917
374285
377625
377887
374825
372697
378411
378378
378657
375792
377052
374695
376250
379230
373286
379475
379263
376332
376479
379917
373385
377625
377200
378935
376676
379803
376659
372730
371911
375546
372730
374678
376086
376217
379344
375988
377085
371715
371174
379459
373876
377838
372353
378264
372926
372893
373303
372828
373778
374351
377036
374269
377085
376758
371846
370749
377805
376103
372157
371223
372599
372271
375873
372239
376872
374809
372992
375792
374973
369897
374465
371273
375038
374596
376103
369570
373712
371305
372239
372501
369537
377331
371567
372451
371944
372288
370700
368882
371747
372189
372337
375873
371223
374776
370618
374252
371453
373778
373303
374056
371289
374203
375726
369373
368276
375300
372877
373385
374662
372533
369652
370519
369848
375677
369144
373532
375480
368375
370831
372697
372517
370094
370749
374482
373581
366983
369848
370618
367834
370405
374531
371682
373205
366868
374514
366312
366344
367703
367359
370405
374236
366262
370634
372435
370978
371502
373303
371797
371436
366115
366246
369373
366033
367130
370339
368735
366410
368735
368145
367114
366541
365771
370045
370192
365116
369455
370618
366443
369946
364756
367359
371797
366197
369783
365968
367523
370176
366901
369553
366328
369390
365067
365788
370978
370061
371829
369815
369144
366524
371960
366917
363561
364396
371682
365477
366966
368686
365902
368375
370438
365313
368915
365657
368063
369177
364281
363217
370994
364805
366524
363888
369079
368309
364052
365853
364625
369210
366312
366852
368768
369537
366688
368309
363823
370077
362579
366705
364085
369619
366426
361629
362464
369668
362038
363839
362448
364363
365100
361809
363757
365346
368735
361531
362366
360761
367392
366672
363119
360483
365624
364019
361989
360663
363610
365706
361154
366443
367196
364412
367179
365722
366312
360483
360073
362349
360778
367998
360532
365165
363135
361907
366623
365820
360859
367392
365018
366246
363381
364265
363970
359320
363037
361727
364756
359615
362939
363184
359893
361875
363708
363037
360466
366770
360270
364887
362480
363348
362579
358060
364101
361252
362677
363119
363315
359026
360335
358944
360614
365706
363004
358551
365575
363053
361711
364429
362300
359468
361039
364461
357716
358207
359075
358207
360647
362235
357110
360827
359271
358076
363217
361793
362677
362251
363921
360483
359861
358207
363807
361580
357012
362136
360057
357929
363823
358387
356537
358338
357159
362628
358256
358191
357945
362890
357519
356995
356815
363102
356177
362071
356439
359779
360041
356995
354867
360581
360548
360827
357961
359222
356864
358436
361416
355473
361662
361449
358534
358682
362104
355571
359828
359402
361138
358878
362005
358862
354932
354130
357765
354949
356897
358305
358436
361563
358223
359320
353950
353410
361694
356111
360073
354605
360499
355178
355145
355555
355080
356029
356619
359288
356521
359337
359026
354114
353017
360090
358371
354441
353508
354883
354556
358158
354523
359173
357094
355293
358076
357274
352198
356783
353573
357356
356914
358420
351887
356029
353623
354556
354834
351854
359648
353901
354785
354277
354621
353033
351232
354081
354523
354687
358223
353573
357126
352968
356602
353819
356144
355653
356422
353655
356570
358092
351740
350659
357667
355260
355767
357044
354916
352034
352902
352231
358060
351543
355931
357880
350774
353230
355096
354916
352509
353148
356897
355997
349398
352280
353033
350250
352837
356963
354114
355636
349300
356946
348743
348776
350151
349791
352853
356684
348711
353099
354883
353426
353966
355751
354245
353917
348596
348711
351854
348498
349595
352820
351216
348891
351216
350626
349595
349022
348252
352542
352689
347614
351953
353115
348940
352444
347270
349873
354310
348711
352296
348498
350037
352689
349431
352083
348858
351936
347597
348334
353508
352607
354376
352362
351691
349071
354507
349480
346107
346959
354245
348039
349529
351248
348465
350937
353017
347876
351494
348219
350643
351772
346861
345813
353590
347384
349120
346484
351674
350921
346648
348449
347221
351822
348924
349464
351396
352149
349316
350937
346435
352689
345207
349333
346713
352247
349055
344257
345092
352313
344683
346484
345109
347024
347745
344454
346418
348007
351396
344192
345027
343422
350070
349349
345796
343144
348301
346697
344667
343340
346287
348400
343848
349120
349890
347106
349873
348416
349005
343177
342784
345043
343488
350708
343242
347876
345845
344634
349333
348531
343570
350119
347745
348989
346107
347008
346697
342063
345780
344470
347499
342358
345682
345944
342653
344617
346468
345796
343226
349529
343029
347646
345256
346124
345354
340835
346877
344028
345452
345911
346091
341801
343128
341736
343406
348498
345813
341359
348367
345845
344519
347237
345109
342276
343864
347286
340541
341032
341900
341032
343471
345060
339935
343651
342096
340901
346058
344634
345518
345092
346779
343340
342718
341065
346664
344437
339886
344994
342915
340803
346697
341261
339394
341212
340033
345502
341130
341081
340835
345764
340410
339886
339706
345993
339083
344961
339345
342685
342947
339902
337774
343488
343455
343733
340884
342145
339787
341359
344339
338396
344585
344372
341457
341605
345043
338510
342767
342342
344094
341818
344961
341818
337888
337086
340721
337905
339869
341277
341408
344536
341179
342276
336922
336382
344667
339083
343062
337577
343488
338167
338134
338543
338085
339018
339607
342292
339525
342342
342031
337119
336038
343095
341392
337446
336529
337905
337577
341179
337544
342194
340131
338314
341114
340311
335236
339820
336627
340393
339951
341474
334925
339083
336677
337610
337888
334908
342718
336955
337839
337348
337692
336104
334302
337168
337610
337757
341294
336660
340213
336054
339706
336906
339231
338756
339509
336758
339673
341195
334859
333762
340786
338363
338871
340148
338036
335154
336038
335350
341195
334663
339051
341015
333910
336365
338232
338052
335645
336300
340049
339149
332551
335432
336185
333402
335989
340115
337282
338805
332469
340115
331912
331945
333336
332976
336022
339869
331896
336284
338068
336627
337151
338952
337446
337102
331781
331912
335056
331716
332813
336038
334417
332109
334433
333844
332813
332240
331486
335776
335923
330848
335187
336349
332174
335694
330504
333107
337561
331961
335547
331748
333287
335940
332682
335350
332109
335187
330864
331585
336775
335874
337643
335645
334974
332354
337790
332747
329391
330242
337528
331339
332829
334548
331765
334237
336316
331192
334794
331535
333959
335072
330177
329129
336906
330700
332436
329800
335007
334237
329980
331781
330553
335154
332256
332813
334728
335481
332649
334286
329784
336038
328556
332682
330062
335612
332420
327622
328457
335678
328048
329849
328474
330389
331126
327835
329800
331388
334777
327573
328408
326820
333451
332731
329178
326542
331699
330095
328064
326738
329702
331797
327262
332534
333304
330537
333287
331830
332436
326607
326198
328474
326918
334139
326673
331323
329292
328064
332780
331978
327017
333566
331192
332436
329554
330455
330160
325527
329243
327933
330962
325821
329161
329407
326116
328097
329947
329276
326705
333025
326509
331143
328752
329620
328850
324331
330373
327540
328965
329407
329603
325314
326640
325248
326935
332010
329325
324872
331896
329374
328048
330766
328637
325805
327393
330815
324086
324561
325428
324561
327017
328605
323496
327197
325658
324462
329620
328179
329080
328654
330340
326902
326280
324642
330226
328015
323447
328572
326493
324380
330275
324855
322989
324806
323627
329096
324741
324675
324430
329374
324020
323480
323316
329603
322694
328572
322956
326296
326558
323513
321401
327115
327082
327360
324511
325789
323431
324986
327983
322039
328228
328015
325101
325265
328687
322170
326427
326001
327753
325477
328621
325477
321548
320746
324397
321581
323545
324937
325085
328212
324872
325969
320615
320074
328359
322776
326755
321286
327180
321859
321843
322252
321777
322727
323316
326001
323234
326067
325739
320844
319747
326820
325117
321188
320255
321630
321319
324904
321286
325936
323873
322056
324855
324053
318977
323562
320369
324151
323709
325216
318683
322841
320451
321384
321646
318683
326493
320729
321613
321122
321466
319878
318077
320942
321401
321548
325085
320451
324020
319845
323496
320697
323038
322563
323316
320566
323480
325003
318666
317569
324610
322187
322694
323971
321859
318977
319862
319190
325019
318503
322891
324855
317749
320205
322088
321908
319501
320140
323889
323005
316407
319289
320042
317275
319862
323988
321139
322661
316325
323988
315785
315834
317209
316849
319911
323742
315785
320173
321957
320516
321057
322841
321352
321008
315686
315817
318961
315621
316718
319943
318339
316014
318355
317766
316734
316178
315408
319698
319845
314770
319125
320287
316112
319632
314442
317062
321499
315899
319485
315686
317242
319894
316636
319305
316079
319158
314835
315555
320746
319845
321613
319616
318945
316325
321761
316734
313378
314229
321515
315326
316816
318535
315752
318224
320304
