IEC 61083-2 TDG Version 2.1.0
Data File Version  2.1.0
03 LI-A3
16 bits, 10000 samples at 10ns
1.000000e-008
24999.8
24999.8
24999.8
24999.8
24999.8
24999.8
24999.8
24999.8
24999.8
24999.8
24999.8
24999.8
24999.8
24999.8
24999.8
24999.8
24999.8
24999.8
24999.8
24999.8
24999.8
24999.8
24999.8
24999.8
24999.8
24999.8
24999.8
24999.8
24999.8
24999.8
24999.8
24999.8
24999.8
24999.8
24999.8
24999.8
24999.8
24999.8
24999.8
24999.8
24999.8
24999.8
24999.8
24999.8
24999.8
24999.8
24999.8
24999.8
24999.8
24999.8
24999.8
24999.8
24999.8
24999.8
24999.8
24999.8
24999.8
24999.8
24999.8
24999.8
24999.8
24999.8
24999.8
24999.8
24999.8
24999.8
24999.8
24999.8
24999.8
24999.8
24999.8
24999.8
24999.8
24999.8
24999.8
24999.8
24999.8
24999.8
24999.8
24999.8
24999.8
24999.8
24999.8
24999.8
24999.8
24999.8
24999.8
24999.8
24999.8
24999.8
24999.8
24999.8
24999.8
24999.8
24999.8
24999.8
24999.8
24999.8
24999.8
24999.8
24999.8
24999.8
24999.8
24999.8
24999.8
24999.8
24999.8
24999.8
24999.8
24999.8
24999.8
24999.8
24999.8
24999.8
24999.8
24999.8
24999.8
24999.8
24999.8
24999.8
24999.8
24999.8
24999.8
24999.8
24999.8
24999.8
24999.8
24999.8
24999.8
24999.8
24999.8
24999.8
24999.8
24999.8
24999.8
24999.8
24999.8
24999.8
24999.8
24999.8
24999.8
24999.8
24999.8
24999.8
24999.8
24999.8
24999.8
24999.8
24999.8
24999.8
24999.8
24999.8
24999.8
24999.8
24999.8
24999.8
24999.8
24999.8
24999.8
24999.8
24999.8
24999.8
24999.8
24999.8
24999.8
24999.8
24999.8
24999.8
24999.8
24999.8
24999.8
24999.8
24999.8
24999.8
24999.8
24999.8
24999.8
24999.8
24999.8
24999.8
24999.8
24999.8
24999.8
24999.8
24999.8
24999.8
24999.8
24999.8
24999.8
24999.8
24999.8
24999.8
24999.8
24999.8
24999.8
24999.8
24999.8
24999.8
24999.8
24999.8
24999.8
24999.8
24999.8
24999.8
24999.8
24999.8
24999.8
24999.8
24999.8
24999.8
24999.8
24999.8
24999.8
24999.8
24999.8
24999.8
24999.8
24999.8
24999.8
24999.8
24999.8
24999.8
24999.8
24999.8
24999.8
24999.8
24999.8
24999.8
24999.8
24999.8
24999.8
24999.8
24999.8
24999.8
24999.8
24999.8
24999.8
24999.8
24999.8
24999.8
24999.8
24999.8
24999.8
24999.8
24999.8
24999.8
24999.8
24999.8
24999.8
24999.8
24999.8
24999.8
24999.8
24999.8
24999.8
24999.8
24999.8
24999.8
24999.8
24999.8
24999.8
24999.8
24999.8
24999.8
24999.8
24999.8
24999.8
24999.8
24999.8
24999.8
24999.8
24999.8
24999.8
24999.8
24999.8
24999.8
24999.8
24999.8
24999.8
24999.8
24999.8
24999.8
24999.8
24999.8
24999.8
24999.8
24999.8
24999.8
24999.8
24999.8
24999.8
24999.8
24999.8
24999.8
24999.8
24999.8
24999.8
24999.8
24999.8
24999.8
24999.8
24999.8
24999.8
24999.8
24999.8
24999.8
24999.8
24999.8
24999.8
24999.8
24999.8
24999.8
24999.8
24999.8
24999.8
24999.8
24999.8
24999.8
24999.8
24999.8
24999.8
24999.8
24999.8
24999.8
24999.8
24999.8
24999.8
24999.8
24999.8
24999.8
24999.8
24999.8
24999.8
24999.8
24999.8
24999.8
24999.8
24999.8
24999.8
24999.8
24999.8
24999.8
24999.8
24999.8
24999.8
24999.8
24999.8
24999.8
24999.8
24999.8
24999.8
24999.8
24999.8
24999.8
24999.8
24999.8
24999.8
24999.8
24999.8
24999.8
24999.8
24999.8
24999.8
24999.8
24999.8
24999.8
24999.8
24999.8
24999.8
24999.8
24999.8
24999.8
24999.8
24999.8
24999.8
24999.8
24999.8
24999.8
24999.8
24999.8
24999.8
24999.8
24999.8
24999.8
24999.8
24999.8
24999.8
24999.8
24999.8
24999.8
24999.8
24999.8
24999.8
24999.8
24999.8
24999.8
24999.8
24999.8
24999.8
24999.8
24999.8
24999.8
24999.8
24999.8
24999.8
24999.8
24999.8
24999.8
24999.8
24999.8
24999.8
24999.8
24999.8
24999.8
24999.8
24999.8
24999.8
24999.8
24999.8
24999.8
24999.8
24999.8
24999.8
24999.8
24999.8
24999.8
24999.8
24999.8
24999.8
24999.8
24999.8
24999.8
24999.8
24999.8
24999.8
24999.8
24999.8
24999.8
24999.8
24999.8
24999.8
24999.8
24999.8
24999.8
24999.8
24999.8
24999.8
24999.8
24999.8
24999.8
24999.8
24999.8
24999.8
24999.8
24999.8
24999.8
24999.8
24999.8
24999.8
24999.8
24999.8
24999.8
24999.8
24999.8
24999.8
24999.8
24999.8
24999.8
24999.8
24999.8
24999.8
24999.8
24999.8
24999.8
24999.8
24999.8
24999.8
24999.8
24999.8
24999.8
24999.8
24999.8
24999.8
24999.8
24999.8
24999.8
24999.8
24999.8
24999.8
24999.8
24999.8
24999.8
24999.8
24999.8
24999.8
24999.8
24999.8
24999.8
24999.8
24999.8
24999.8
24999.8
24999.8
24999.8
24999.8
24999.8
24999.8
24999.8
24999.8
24999.8
24999.8
24999.8
24999.8
24999.8
24999.8
24999.8
24999.8
24999.8
24999.8
24999.8
24999.8
24999.8
24999.8
24999.8
24999.8
24999.8
24999.8
24999.8
24999.8
24999.8
24999.8
24999.8
24999.8
24999.8
24999.8
24999.8
24999.8
24999.8
24999.8
24999.8
24999.8
24999.8
24999.8
24999.8
24999.8
24999.8
24999.8
24999.8
24999.8
24999.8
24999.8
24999.8
24999.8
24999.8
24999.8
24999.8
24999.8
24999.8
24999.8
24999.8
24999.8
24999.8
24999.8
24999.8
24999.8
24999.8
24999.8
24999.8
24999.8
24999.8
24999.8
24999.8
24999.8
24999.8
24999.8
24999.8
24999.8
24999.8
24999.8
24999.8
24999.8
24999.8
24999.8
24999.8
24999.8
24999.8
24999.8
24999.8
24999.8
24999.8
24999.8
24999.8
24999.8
24999.8
24999.8
24999.8
24999.8
24999.8
24999.8
24999.8
24999.8
24999.8
24999.8
24999.8
24999.8
24999.8
24999.8
24999.8
24999.8
24999.8
24999.8
24999.8
24999.8
24999.8
24999.8
24999.8
24999.8
24999.8
24999.8
24999.8
24999.8
24999.8
24999.8
24999.8
24999.8
24999.8
24999.8
24999.8
24999.8
24999.8
24999.8
24999.8
24999.8
24999.8
24999.8
24999.8
24999.8
24999.8
24999.8
24999.8
24999.8
24999.8
24999.8
24999.8
24999.8
24999.8
24999.8
24999.8
24999.8
24999.8
24999.8
24999.8
24999.8
24999.8
24999.8
24999.8
24999.8
24999.8
24999.8
24999.8
24999.8
24999.8
24999.8
24999.8
24999.8
24999.8
24999.8
24999.8
24999.8
24999.8
24999.8
24999.8
24999.8
24999.8
24999.8
24999.8
24999.8
24999.8
24999.8
24999.8
24999.8
24999.8
24999.8
24999.8
24999.8
24999.8
24999.8
24999.8
24999.8
24999.8
24999.8
24999.8
24999.8
24999.8
24999.8
24999.8
24999.8
24999.8
24999.8
24999.8
24999.8
24999.8
24999.8
24999.8
24999.8
24999.8
24999.8
24999.8
24999.8
24999.8
24999.8
24999.8
24999.8
24999.8
24999.8
24999.8
24999.8
24999.8
24999.8
24999.8
24999.8
24999.8
24999.8
24999.8
24999.8
24999.8
24999.8
24999.8
24999.8
24999.8
24999.8
24999.8
24999.8
24999.8
24999.8
24999.8
24999.8
24999.8
24999.8
24999.8
24999.8
24999.8
24999.8
24999.8
24999.8
24999.8
24999.8
24999.8
24999.8
24999.8
24999.8
24999.8
24999.8
24999.8
24999.8
24999.8
24999.8
24999.8
24999.8
24999.8
24999.8
24999.8
24999.8
24999.8
24999.8
24999.8
24999.8
24999.8
24999.8
24999.8
24999.8
24999.8
24999.8
24999.8
24999.8
24999.8
24999.8
24999.8
24999.8
24999.8
24999.8
24999.8
24999.8
24999.8
24999.8
24999.8
24999.8
24999.8
24999.8
24999.8
24999.8
24999.8
24999.8
24999.8
24999.8
24999.8
24999.8
24999.8
24999.8
24999.8
24999.8
24999.8
24999.8
24999.8
24999.8
24999.8
24999.8
24999.8
24999.8
24999.8
24999.8
24999.8
24999.8
24999.8
24999.8
24999.8
24999.8
24999.8
24999.8
24999.8
24999.8
24999.8
24999.8
24999.8
24999.8
24999.8
24999.8
24999.8
24999.8
24999.8
24999.8
24999.8
24999.8
24999.8
24999.8
24999.8
24999.8
24999.8
24999.8
24999.8
24999.8
24999.8
24999.8
24999.8
24999.8
24999.8
24999.8
24999.8
24999.8
24999.8
24999.8
24999.8
24999.8
24999.8
24999.8
24999.8
24999.8
24999.8
24999.8
24999.8
24999.8
24999.8
24999.8
24999.8
24999.8
24999.8
24999.8
24999.8
24999.8
24999.8
24999.8
24999.8
24999.8
24999.8
24999.8
24999.8
24999.8
24999.8
24999.8
24999.8
24999.8
24999.8
24999.8
24999.8
24999.8
24999.8
24999.8
24999.8
24999.8
24999.8
24999.8
24999.8
24999.8
24999.8
24999.8
24999.8
24999.8
24999.8
24999.8
24999.8
24999.8
24999.8
24999.8
24999.8
24999.8
24999.8
24999.8
24999.8
24999.8
24999.8
24999.8
24999.8
24999.8
24999.8
24999.8
24999.8
24999.8
24999.8
24999.8
24999.8
24999.8
24999.8
24999.8
24999.8
24999.8
24999.8
24999.8
24999.8
24999.8
24999.8
24999.8
24999.8
24999.8
24999.8
24999.8
24999.8
24999.8
24999.8
24999.8
24999.8
24999.8
24999.8
24999.8
24999.8
24999.8
24999.8
24999.8
24999.8
24999.8
24999.8
24999.8
24999.8
24999.8
24999.8
24999.8
24999.8
24999.8
24999.8
24999.8
24999.8
24999.8
24999.8
24999.8
24999.8
24999.8
24999.8
24999.8
24999.8
24999.8
24999.8
24999.8
24999.8
24999.8
24999.8
24999.8
24999.8
24999.8
24999.8
24999.8
24999.8
24999.8
24999.8
24999.8
24999.8
24999.8
24999.8
24999.8
24999.8
24999.8
24999.8
24999.8
24999.8
24999.8
24999.8
24999.8
24999.8
24999.8
24999.8
24999.8
24999.8
24999.8
41310.6
57164.1
72590.8
87621.1
102270.4
116569.1
130532.3
144175.5
157513.8
170577.7
183382.5
195943.3
208275.5
220394.3
232314.9
244052.6
255622.7
267040.2
278305.4
289433.3
300454.6
311353.9
322146.4
332847.6
343472.5
354021.1
364493.6
374905.1
385255.6
395560.4
405819.5
416032.8
426215.6
436368.0
446474.6
456565.9
466642.1
476672.5
486702.9
496702.8
506687.4
516656.9
526595.8
536519.5
546443.2
556321.1
566199.1
576046.6
585863.5
595665.3
605436.5
615177.3
624887.6
634552.1
644186.2
653789.7
663347.6
672844.4
682310.8
691701.0
701060.7
710344.1
719566.6
728712.8
737798.1
746807.2
755724.8
764581.4
773331.3
782005.0
790572.0
799062.8
807431.6
815693.8
823864.4
831913.1
839839.9
847659.9
855342.8
862918.9
870342.6
877659.6
884824.2
891851.6
898757.0
905494.8
912110.6
918558.7
924869.6
931028.1
937034.1
942887.7
948573.6
954107.1
959488.2
964701.5
969762.5
974640.5
979381.3
983939.2
988344.6
992582.4
996652.5
1000570.1
1004320.1
1007902.4
1011332.2
1014594.4
1017688.9
1020630.9
1023420.5
1026042.4
1028511.9
1030829.0
1032978.3
1034990.5
1036865.5
1038572.8
1040142.9
1041575.8
1042871.5
1044014.8
1045036.2
1045920.3
1046682.5
1047307.5
1047810.5
1048206.9
1048466.0
1048618.4
1048664.2
1048603.2
1048435.5
1048161.1
1047795.3
1047338.0
1046774.0
1046133.7
1045417.3
1044609.3
1043740.4
1042780.1
1041758.8
1040676.4
1039533.2
1038328.9
1037063.7
1035752.7
1034396.0
1032993.6
1031545.4
1030066.8
1028557.7
1027002.8
1025432.7
1023847.3
1022231.5
1020600.4
1018954.1
1017307.8
1015646.2
1013969.4
1012307.8
1010631.0
1008969.4
1007323.1
1005676.8
1004030.4
1002414.6
1000814.0
999228.7
997658.5
996118.9
994609.8
993115.9
991652.5
990234.8
988832.4
987475.7
986149.5
984869.0
983619.0
982414.8
981256.3
980128.2
979045.9
978009.3
977018.5
976073.4
975174.0
974320.3
973527.7
972765.5
972064.3
971393.5
970783.8
970219.8
969716.7
969244.2
968832.6
968466.7
968131.4
967857.0
967643.6
967460.7
967323.5
967232.0
967186.3
967186.3
967232.0
967308.2
967445.4
967597.8
967811.3
968055.2
968329.5
968649.7
969000.3
969396.6
969808.2
970265.5
970738.1
971256.4
971789.9
972353.9
972948.4
973558.2
974198.4
974853.9
975524.6
976225.8
976927.0
977658.7
978390.4
979152.6
979914.8
980692.2
981469.7
982262.3
983055.0
983862.9
984655.6
985463.5
986271.5
987079.4
987887.3
988680.0
989472.6
990265.3
991058.0
991835.4
992597.6
993359.8
994106.8
994838.5
995570.2
996271.4
996972.6
997643.3
998314.0
998954.3
999594.5
1000204.3
1000783.5
1001362.8
1001911.6
1002445.1
1002948.1
1003435.9
1003908.5
1004350.6
1004762.1
1005173.7
1005539.6
1005890.2
1006210.3
1006515.2
1006789.6
1007048.7
1007277.4
1007475.5
1007658.5
1007810.9
1007932.8
1008039.6
1008115.8
1008176.7
1008207.2
1008222.5
1008207.2
1008161.5
1008115.8
1008024.3
1007917.6
1007795.7
1007643.2
1007475.5
1007292.6
1007079.2
1006850.5
1006606.6
1006332.2
1006057.9
1005753.0
1005432.9
1005097.5
1004746.9
1004381.0
1004000.0
1003603.6
1003207.3
1002780.5
1002353.6
1001911.6
1001454.2
1000981.7
1000509.1
1000036.6
999548.8
999045.7
998542.7
998039.6
997521.4
997003.1
996469.5
995951.2
995417.7
994884.2
994350.7
993801.9
993268.3
992734.8
992201.3
991667.8
991134.2
990600.7
990067.2
989548.9
989030.6
988512.3
987994.0
987491.0
986987.9
986484.9
985997.1
985509.3
985036.7
984579.4
984106.8
983664.8
983222.7
982780.6
982353.8
981942.2
981530.6
981134.3
980738.0
980356.9
979991.0
979640.4
979289.8
978954.5
978619.1
978314.2
977994.1
977704.5
977430.1
977155.7
976881.3
976637.4
976393.5
976164.8
975951.4
975738.0
975539.8
975341.7
975174.0
975006.3
974838.6
974701.4
974564.2
974427.1
974305.1
974198.4
974091.7
974000.2
973908.8
973832.5
973771.6
973710.6
973649.6
973603.9
973573.4
973542.9
973512.4
973481.9
973481.9
973466.7
973466.7
973466.7
973466.7
973481.9
973497.2
973512.4
973542.9
973558.2
973588.6
973619.1
973649.6
973695.4
973725.8
973771.6
973802.1
973847.8
973893.5
973924.0
973969.7
974015.5
974061.2
974106.9
974137.4
974183.2
974213.6
974259.4
974289.9
974320.3
974350.8
974381.3
974411.8
974442.3
974457.5
974472.8
974488.0
974503.3
974503.3
974518.5
974518.5
974503.3
974503.3
974488.0
974472.8
974457.5
974427.1
974396.6
974366.1
974320.3
974289.9
974228.9
974183.2
974122.2
974061.2
974000.2
973924.0
973847.8
973771.6
973680.1
973588.6
973497.2
973390.5
973283.8
973177.1
973055.1
972933.2
972811.2
972689.3
972552.1
972414.9
972277.7
972125.2
971972.8
971820.4
971667.9
971500.3
971332.6
971164.9
970997.2
970814.3
970646.6
970463.7
970265.5
970082.6
969899.7
969701.5
969503.3
969305.1
969107.0
968893.6
968695.4
968482.0
968283.8
968070.4
967857.0
967643.6
967430.2
967216.8
967003.3
966789.9
966561.3
966347.9
966134.4
965905.8
965692.4
965479.0
965250.3
965036.9
964808.2
964594.8
964381.4
964168.0
963939.3
963725.9
963512.5
963299.1
963085.7
962872.3
962658.9
962460.7
962247.3
962033.9
961835.7
961637.5
961424.1
961226.0
961027.8
960829.6
960646.7
960448.5
960265.6
960067.4
959884.5
959701.6
959518.7
959335.7
959152.8
958985.1
958817.4
958634.5
958466.8
958299.2
958131.5
957979.0
957811.4
957658.9
957506.5
957354.0
957201.6
957049.2
956896.7
956759.5
956607.1
956469.9
956332.7
956195.5
956058.3
955921.1
955799.2
955662.0
955540.0
955418.1
955280.9
955158.9
955037.0
954930.3
954808.3
954686.4
954579.7
954457.7
954351.0
954244.3
954122.4
954015.7
953908.9
953802.2
953695.5
953588.8
953482.1
953390.7
953284.0
953177.2
953070.5
952979.1
952872.4
952780.9
952674.2
952567.5
952476.0
952369.3
952277.9
952171.2
952079.7
951973.0
951881.5
951774.8
951683.4
951576.7
951485.2
951378.5
951287.0
951180.3
951073.6
950982.1
950875.4
950768.7
950662.0
950555.3
950463.9
950357.2
950250.4
950143.7
950021.8
949915.1
949808.4
949701.7
949595.0
949473.0
949366.3
949244.4
949137.7
949015.7
948909.0
948787.0
948665.1
948543.1
948421.2
948299.2
948177.3
948055.3
947933.4
947811.4
947674.3
947552.3
947430.4
947293.2
947171.2
947034.0
946896.8
946774.9
946637.7
946500.5
946363.3
946226.1
946088.9
945951.7
945814.5
945677.3
945540.1
945387.7
945250.5
945113.3
944960.9
944823.7
944686.5
944534.0
944396.8
944244.4
944092.0
943954.8
943802.3
943649.9
943512.7
943360.3
943207.8
943055.4
942918.2
942765.8
942613.3
942460.9
942308.4
942156.0
942018.8
941866.4
941713.9
941561.5
941409.1
941256.6
941104.2
940951.8
940799.3
940662.1
940509.7
940357.2
940204.8
940052.4
939899.9
939747.5
939610.3
939457.9
939305.4
939153.0
939015.8
938863.4
938710.9
938573.7
938421.3
938268.8
938131.7
937979.2
937842.0
937689.6
937552.4
937400.0
937262.8
937110.3
936973.1
936835.9
936683.5
936546.3
936409.1
936271.9
936119.5
935982.3
935845.1
935707.9
935570.7
935433.5
935296.3
935159.1
935021.9
934884.7
934747.5
934610.3
934473.2
934351.2
934214.0
934076.8
933939.6
933817.7
933680.5
933543.3
933421.3
933284.1
933146.9
933025.0
932887.8
932765.9
932628.7
932506.7
932384.8
932247.6
932125.6
931988.4
931866.5
931744.5
931607.3
931485.4
931363.4
931226.2
931104.3
930982.3
930845.1
930723.2
930601.2
930479.3
930342.1
930220.1
930098.2
929976.2
929854.3
929717.1
929595.1
929473.2
929351.2
929229.3
929092.1
928970.2
928848.2
928726.3
928604.3
928467.1
928345.2
928223.2
928101.3
927964.1
927842.1
927720.2
927598.2
927461.0
927339.1
927217.1
927095.2
926958.0
926836.0
926714.1
926576.9
926454.9
926333.0
926195.8
926073.8
925951.9
925814.7
925692.7
925555.6
925433.6
925311.7
925174.5
925052.5
924915.3
924793.4
924656.2
924534.2
924397.0
924275.1
924137.9
924015.9
923878.7
923741.5
923619.6
923482.4
923360.4
923223.3
923086.1
922964.1
922826.9
922705.0
922567.8
922430.6
922293.4
922171.4
922034.2
921897.0
921775.1
921637.9
921500.7
921363.5
921241.6
921104.4
920967.2
920830.0
920708.0
920570.8
920433.6
920296.5
920174.5
920037.3
919900.1
919762.9
919625.7
919503.8
919366.6
919229.4
919092.2
918955.0
918833.1
918695.9
918558.7
918421.5
918284.3
918147.1
918025.1
917887.9
917750.7
917613.6
917476.4
917354.4
917217.2
917080.0
916942.8
916820.9
916683.7
916546.5
916409.3
916272.1
916150.1
916013.0
915875.8
915738.6
915616.6
915479.4
915342.2
915220.3
915083.1
914945.9
914808.7
914686.7
914549.6
914412.4
914290.4
914153.2
914016.0
913894.1
913756.9
913634.9
913497.7
913360.5
913238.6
913101.4
912979.4
912842.3
912705.1
912583.1
912445.9
912324.0
912186.8
912064.8
911927.6
911790.4
911668.5
911531.3
911409.3
911272.1
911150.2
911013.0
910891.1
910753.9
910631.9
910494.7
910372.8
910250.8
910113.6
909991.7
909854.5
909732.5
909595.3
909473.4
909336.2
909214.2
909092.3
908955.1
908833.1
908695.9
908574.0
908452.0
908314.9
908192.9
908055.7
907933.8
907811.8
907674.6
907552.7
907415.5
907293.5
907171.6
907034.4
906912.4
906790.5
906653.3
906531.3
906394.1
906272.2
906150.2
906013.0
905891.1
905769.1
905632.0
905510.0
905372.8
905250.9
905128.9
904991.7
904869.8
904747.8
904610.6
904488.7
904351.5
904229.5
904107.6
903970.4
903848.4
903726.5
903589.3
903467.3
903330.1
903208.2
903086.2
902949.1
902827.1
902689.9
902568.0
902446.0
902308.8
902186.9
902049.7
901927.7
901805.8
901668.6
901546.6
901409.4
901287.5
901165.5
901028.3
900906.4
900769.2
900647.2
900525.3
900388.1
900266.1
900129.0
900007.0
899869.8
899747.9
899625.9
899488.7
899366.8
899229.6
899107.6
898970.4
898848.5
898726.5
898589.3
898467.4
898330.2
898208.2
898071.0
897949.1
897827.1
897690.0
897568.0
897430.8
897308.9
897171.7
897049.7
896927.8
896790.6
896668.6
896531.4
896409.5
896287.5
896150.3
896028.4
895891.2
895769.2
895632.0
895510.1
895388.1
895250.9
895129.0
894991.8
894869.9
894747.9
894610.7
894488.8
894351.6
894229.6
894107.7
893970.5
893848.5
893711.3
893589.4
893467.4
893330.2
893208.3
893086.3
892949.1
892827.2
892690.0
892568.0
892446.1
892308.9
892187.0
892065.0
891927.8
891805.9
891683.9
891546.7
891424.8
891287.6
891165.6
891043.7
890906.5
890784.5
890662.6
890525.4
890403.4
890281.5
890159.5
890022.3
889900.4
889778.4
889641.2
889519.3
889397.3
889260.2
889138.2
889016.3
888879.1
888757.1
888635.2
888513.2
888376.0
888254.1
888132.1
887994.9
887873.0
887751.0
887629.1
887491.9
887369.9
887248.0
887110.8
886988.8
886866.9
886744.9
886607.7
886485.8
886363.8
886241.9
886104.7
885982.7
885860.8
885738.8
885601.6
885479.7
885357.7
885235.8
885098.6
884976.7
884854.7
884732.8
884595.6
884473.6
884351.7
884229.7
884092.5
883970.6
883848.6
883726.7
883589.5
883467.5
883345.6
883223.6
883101.7
882964.5
882842.5
882720.6
882598.6
882461.4
882339.5
882217.5
882095.6
881958.4
881836.4
881714.5
881592.5
881470.6
881333.4
881211.4
881089.5
880967.5
880830.4
880708.4
880586.4
880464.5
880342.5
880205.4
880083.4
879961.5
879839.5
879717.6
879580.4
879458.4
879336.5
879214.5
879077.3
878955.4
878833.4
878711.5
878589.5
878452.3
878330.4
878208.4
878086.5
877964.5
877827.3
877705.4
877583.4
877461.5
877339.5
877202.3
877080.4
876958.4
876836.5
876714.5
876577.3
876455.4
876333.4
876211.5
876089.5
875967.6
875830.4
875708.4
875586.5
875464.5
875342.6
875205.4
875083.5
874961.5
874839.6
874717.6
874595.7
874458.5
874336.5
874214.6
874092.6
873970.7
873848.7
873711.5
873589.6
873467.6
873345.7
873223.7
873101.8
872964.6
872842.6
872720.7
872598.7
872476.8
872354.8
872217.6
872095.7
871973.7
871851.8
871729.8
871607.9
871485.9
871348.7
871226.8
871104.8
870982.9
870860.9
870739.0
870617.0
870479.8
870357.9
870235.9
870114.0
869992.0
869870.1
869748.1
869626.2
869489.0
869367.0
869245.1
869123.1
869001.2
868879.2
868757.3
868635.3
868513.4
868376.2
868254.2
868132.3
868010.3
867888.4
867766.4
867644.5
867522.5
867400.6
867278.6
867141.5
867019.5
866897.6
866775.6
866653.7
866531.7
866409.8
866287.8
866165.9
866043.9
865922.0
865784.8
865662.8
865540.9
865418.9
865297.0
865175.0
865053.1
864931.1
864809.2
864687.2
864565.3
864443.3
864321.4
864199.4
864077.5
863940.3
863818.3
863696.4
863574.4
863452.5
863330.5
863208.6
863086.6
862964.7
862842.7
862720.8
862598.8
862476.9
862354.9
862233.0
862111.0
861989.1
861867.1
861745.2
861623.2
861486.0
861364.1
861242.1
861120.2
860998.2
860876.3
860754.3
860632.4
860510.4
860388.5
860266.5
860144.6
860022.6
859900.7
859778.7
859656.8
859534.8
859412.9
859290.9
859169.0
859047.0
858925.1
858803.1
858681.2
858559.2
858437.3
858315.3
858193.4
858071.4
857949.5
857827.5
857705.6
857583.6
857461.7
857339.7
857217.8
857095.8
856973.9
856851.9
856730.0
856608.0
856486.1
856364.1
856242.2
856120.2
855998.3
855876.3
855754.4
855632.4
855510.5
855388.5
855266.6
855144.6
855022.7
854900.7
854778.8
854656.8
854534.9
854412.9
854291.0
854169.0
854047.1
853925.1
853803.2
853681.2
853559.3
853437.3
853315.4
853193.4
853086.7
852964.8
852842.8
852720.9
852598.9
852477.0
852355.0
852233.1
852111.1
851989.2
851867.2
851745.3
851623.3
851501.4
851379.4
851257.5
851135.5
851013.6
850891.6
850769.6
850662.9
850541.0
850419.0
850297.1
850175.1
850053.2
849931.2
849809.3
849687.3
849565.4
849443.4
849321.5
849199.5
849077.6
848970.9
848848.9
848727.0
848605.0
848483.1
848361.1
848239.2
848117.2
847995.3
847873.3
847751.4
847629.4
847522.7
847400.8
847278.8
847156.9
847034.9
846913.0
846791.0
846669.1
846547.1
846425.2
846318.5
846196.5
846074.6
845952.6
845830.7
845708.7
845586.8
845464.8
845342.9
845236.2
845114.2
844992.3
844870.3
844748.4
844626.4
844504.5
844382.5
844275.8
844153.9
844031.9
843910.0
843788.0
843666.1
843544.1
843422.2
843315.4
843193.5
843071.5
842949.6
842827.6
842705.7
842583.7
842477.0
842355.1
842233.1
842111.2
841989.2
841867.3
841745.3
841638.6
841516.7
841394.7
841272.8
841150.8
841028.9
840922.2
840800.2
840678.3
840556.3
840434.4
840312.4
840205.7
840083.8
839961.8
839839.9
839717.9
839596.0
839489.3
839367.3
839245.4
839123.4
839001.5
838879.5
838772.8
838650.9
838528.9
838407.0
838285.0
838163.1
838056.4
837934.4
837812.5
837690.5
837568.6
837461.8
837339.9
837217.9
837096.0
836974.0
836867.3
836745.4
836623.4
836501.5
836379.5
836272.8
836150.9
836028.9
835907.0
835785.0
835678.3
835556.4
835434.4
835312.5
835190.5
835083.8
834961.9
834839.9
834718.0
834611.3
834489.3
834367.4
834245.4
834123.5
834016.8
833894.8
833772.9
833650.9
833544.2
833422.2
833300.3
833178.3
833056.4
832949.7
832827.7
832705.8
832583.8
832477.1
832355.2
832233.2
832111.3
832004.6
831882.6
831760.7
831638.7
831532.0
831410.1
831288.1
831166.2
831059.5
830937.5
830815.6
830693.6
830586.9
830465.0
830343.0
830221.1
830114.4
829992.4
829870.5
829748.5
829641.8
829519.8
829397.9
829275.9
829169.2
829047.3
828925.3
828818.6
828696.7
828574.7
828452.8
828346.1
828224.1
828102.2
827980.2
827873.5
827751.6
827629.6
827522.9
827401.0
827279.0
827157.1
827050.4
826928.4
826806.5
826699.7
826577.8
826455.8
826349.1
826227.2
826105.2
825983.3
825876.6
825754.6
825632.7
825526.0
825404.0
825282.1
825175.4
825053.4
824931.5
824824.8
824702.8
824580.9
824458.9
824352.2
824230.3
824108.3
824001.6
823879.7
823757.7
823651.0
823529.0
823407.1
823300.4
823178.4
823056.5
822949.8
822827.8
822705.9
822599.2
822477.2
822355.3
822248.6
822126.6
822004.7
821898.0
821776.0
821654.1
821547.4
821425.4
821303.5
821196.7
821074.8
820952.8
820846.1
820724.2
820602.2
820495.5
820373.6
820266.9
820144.9
820023.0
819916.3
819794.3
819672.4
819565.7
819443.7
819321.8
819215.1
819093.1
818986.4
818864.5
818742.5
818635.8
818513.8
818391.9
818285.2
818163.2
818056.5
817934.6
817812.6
817705.9
817584.0
817462.0
817355.3
817233.4
817126.7
817004.7
816882.8
816776.1
816654.1
816547.4
816425.5
816303.5
816196.8
816074.8
815952.9
815846.2
815724.2
815617.5
815495.6
815373.6
815266.9
815145.0
815038.3
814916.3
814809.6
814687.7
814565.7
814459.0
814337.1
814230.4
814108.4
813986.4
813879.7
813757.8
813651.1
813529.1
813422.4
813300.5
813178.5
813071.8
812949.9
812843.2
812721.2
812599.3
812492.6
812370.6
812263.9
812142.0
812035.2
811913.3
811806.6
811684.6
811562.7
811456.0
811334.0
811227.3
811105.4
810998.7
810876.7
810770.0
810648.1
810526.1
810419.4
810297.5
810190.8
810068.8
809962.1
809840.1
809733.4
809611.5
809489.5
809382.8
809260.9
809154.2
809032.2
808925.5
808803.6
808696.9
808574.9
808468.2
808346.3
808239.6
808117.6
808010.9
807888.9
807782.2
807660.3
807538.3
807431.6
807309.7
807203.0
807081.0
806974.3
806852.4
806745.7
806623.7
806517.0
806395.1
806288.3
806166.4
806059.7
805937.7
805831.0
805709.1
805602.4
805480.4
805373.7
805251.8
805145.1
805023.1
804916.4
804794.5
804687.8
804565.8
804459.1
804337.1
804230.4
804108.5
804001.8
803879.8
803773.1
803651.2
803544.5
803422.5
803315.8
803193.9
803087.2
802965.2
802858.5
802751.8
802629.8
802523.1
802401.2
802294.5
802172.5
802065.8
801943.9
801837.2
801715.2
801608.5
801486.6
801379.9
801257.9
801151.2
801044.5
800922.5
800815.8
800693.9
800587.2
800465.2
800358.5
800236.6
800129.9
800007.9
799901.2
799794.5
799672.6
799565.9
799443.9
799337.2
799215.2
799108.5
798986.6
798879.9
798773.2
798651.2
798544.5
798422.6
798315.9
798193.9
798087.2
797980.5
797858.5
797751.8
797629.9
797523.2
797401.2
797294.5
797187.8
797065.9
796959.2
796837.2
796730.5
796608.6
796501.9
796395.1
796273.2
796166.5
796044.5
795937.8
795831.1
795709.2
795602.5
795480.5
795373.8
795267.1
795145.2
795038.5
794916.5
794809.8
794703.1
794581.1
794474.4
794352.5
794245.8
794139.1
794017.1
793910.4
793788.5
793681.8
793575.1
793453.1
793346.4
793224.4
793117.7
793011.0
792889.1
792782.4
792675.7
792553.7
792447.0
792325.1
792218.4
792111.7
791989.7
791883.0
791776.3
791654.3
791547.6
791425.7
791319.0
791212.3
791090.3
790983.6
790876.9
790755.0
790648.2
790541.5
790419.6
790312.9
790190.9
790084.2
789977.5
789855.6
789748.9
789642.2
789520.2
789413.5
789306.8
789184.8
789078.1
788971.4
788849.5
788742.8
788636.1
788514.1
788407.4
788300.7
788178.8
788072.1
787965.3
787843.4
787736.7
787630.0
787508.0
787401.3
787294.6
787172.7
787066.0
786959.3
786837.3
786730.6
786623.9
786501.9
786395.2
786288.5
786166.6
786059.9
785953.2
785831.2
785724.5
785617.8
785495.9
785389.2
785282.4
785175.7
785053.8
784947.1
784840.4
784718.4
784611.7
784505.0
784383.1
784276.4
784169.6
784062.9
783941.0
783834.3
783727.6
783605.6
783498.9
783392.2
783285.5
783163.6
783056.9
782950.1
782828.2
782721.5
782614.8
782508.1
782386.1
782279.4
782172.7
782050.8
781944.1
781837.4
781730.6
781608.7
781502.0
781395.3
781273.3
781166.6
781059.9
780953.2
780831.3
780724.6
780617.9
780511.1
780389.2
780282.5
780175.8
780069.1
779947.1
779840.4
779733.7
779627.0
779505.1
779398.4
779291.6
779184.9
779063.0
778956.3
778849.6
778742.9
778620.9
778514.2
778407.5
778300.8
778178.9
778072.1
777965.4
777858.7
777736.8
777630.1
777523.4
777416.7
777294.7
777188.0
777081.3
776974.6
776867.9
776745.9
776639.2
776532.5
776425.8
776303.9
776197.2
776090.5
775983.7
775877.0
775755.1
775648.4
775541.7
775435.0
775328.3
775206.3
775099.6
774992.9
774886.2
774764.2
774657.5
774550.8
774444.1
774337.4
774215.5
774108.8
774002.1
773895.4
773788.6
773666.7
773560.0
773453.3
773346.6
773239.9
773117.9
773011.2
772904.5
772797.8
772691.1
772584.4
772462.4
772355.7
772249.0
772142.3
772035.6
771913.7
771807.0
771700.3
771593.5
771486.8
771380.1
771258.2
771151.5
771044.8
770938.1
770831.4
770724.7
770602.7
770496.0
770389.3
770282.6
770175.9
770069.2
769947.2
769840.5
769733.8
769627.1
769520.4
769413.7
769291.7
769185.0
769078.3
768971.6
768864.9
768758.2
768651.5
768529.5
768422.8
768316.1
768209.4
768102.7
767996.0
767889.3
767767.4
767660.7
767553.9
767447.2
767340.5
767233.8
767127.1
767005.2
766898.5
766791.8
766685.1
766578.3
766471.6
766364.9
766258.2
766136.3
766029.6
765922.9
765816.2
765709.5
765602.7
765496.0
765389.3
765267.4
765160.7
765054.0
764947.3
764840.6
764733.9
764627.1
764520.4
764413.7
764291.8
764185.1
764078.4
763971.7
763865.0
763758.3
763651.5
763544.8
763438.1
763331.4
763209.5
763102.8
762996.1
762889.4
762782.7
762675.9
762569.2
762462.5
762355.8
762249.1
762142.4
762020.5
761913.8
761807.0
761700.3
761593.6
761486.9
761380.2
761273.5
761166.8
761060.1
760953.4
760846.7
760740.0
760618.0
760511.3
760404.6
760297.9
760191.2
760084.5
759977.8
759871.1
759764.4
759657.7
759551.0
759444.3
759337.6
759230.9
759124.1
759017.4
758895.5
758788.8
758682.1
758575.4
758468.7
758362.0
758255.3
758148.5
758041.8
757935.1
757828.4
757721.7
757615.0
757508.3
757401.6
757294.9
757188.2
757081.5
756974.8
756868.1
756761.4
756654.7
756548.0
756426.0
756319.3
756212.6
756105.9
755999.2
755892.5
755785.8
755679.1
755572.4
755465.6
755358.9
755252.2
755145.5
755038.8
754932.1
754825.4
754718.7
754612.0
754505.3
754398.6
754291.9
754185.2
754078.5
753971.8
753865.0
753758.3
753651.6
753544.9
753438.2
753331.5
753224.8
753118.1
753011.4
752904.7
752798.0
752691.3
752584.6
752477.9
752371.2
752264.5
752157.7
752051.0
751944.3
751837.6
751730.9
751624.2
751517.5
751410.8
751304.1
751197.4
751090.7
750984.0
750877.3
750770.6
750663.9
750557.2
750450.4
750343.7
750237.0
750130.3
750038.9
749932.2
749825.5
749718.7
749612.0
749505.3
749398.6
749291.9
749185.2
749078.5
748971.8
748865.1
748758.4
748651.7
748545.0
748438.3
748331.6
748224.9
748118.2
748011.4
747904.7
747798.0
747691.3
747584.6
747493.2
747386.4
747279.7
747173.0
747066.3
746959.6
746852.9
746746.2
746639.5
746532.8
746426.1
746319.4
746212.7
746106.0
745999.3
745907.8
745801.1
745694.4
745587.7
745481.0
745374.3
745267.6
745160.9
745054.2
744947.4
744840.7
744734.0
744627.3
744535.9
744429.2
744322.5
744215.7
744109.0
744002.3
743895.6
743788.9
743682.2
743575.5
743468.8
743362.1
743270.6
743163.9
743057.2
742950.5
742843.8
742737.1
742630.4
742523.7
742417.0
742310.3
742218.8
742112.1
742005.4
741898.7
741792.0
741685.3
741578.6
741471.9
741365.2
741273.7
741167.0
741060.3
740953.6
740846.9
740740.2
740633.5
740526.8
740435.3
740328.6
740221.9
740115.2
740008.5
739901.8
739795.1
739688.3
739596.9
739490.2
739383.5
739276.8
739170.1
739063.4
738956.6
738865.2
738758.5
738651.8
738545.1
738438.4
738331.7
738224.9
738133.5
738026.8
737920.1
737813.4
737706.7
737600.0
737493.2
737401.8
737295.1
737188.4
737081.7
736975.0
736868.3
736761.5
736670.1
736563.4
736456.7
736350.0
736243.3
736136.6
736045.1
735938.4
735831.7
735725.0
735618.3
735511.6
735420.1
735313.4
735206.7
735100.0
734993.3
734901.8
734795.1
734688.4
734581.7
734475.0
734368.3
734276.8
734170.1
734063.4
733956.7
733850.0
733758.5
733651.8
733545.1
733438.4
733331.7
733225.0
733133.5
733026.8
732920.1
732813.4
732706.7
732615.2
732508.5
732401.8
732295.1
732188.4
732097.0
731990.2
731883.5
731776.8
731670.1
731578.7
731472.0
731365.3
731258.5
731167.1
731060.4
730953.7
730847.0
730740.3
730648.8
730542.1
730435.4
730328.7
730222.0
730130.5
730023.8
729917.1
729810.4
729718.9
729612.2
729505.5
729398.8
729292.1
729200.6
729093.9
728987.2
728880.5
728789.1
728682.4
728575.6
728468.9
728377.5
728270.8
728164.1
728057.4
727965.9
727859.2
727752.5
727645.8
727554.3
727447.6
727340.9
727234.2
727142.7
727036.0
726929.3
726822.6
726731.2
726624.4
726517.7
726411.0
726319.6
726212.9
726106.2
725999.5
725908.0
725801.3
725694.6
725587.9
725496.4
725389.7
725283.0
725191.5
725084.8
724978.1
724871.4
724779.9
724673.2
724566.5
724459.8
724368.4
724261.7
724155.0
724063.5
723956.8
723850.1
723743.4
723651.9
723545.2
723438.5
723347.0
723240.3
723133.6
723026.9
722935.5
722828.7
722722.0
722630.6
722523.9
722417.2
722310.5
722219.0
722112.3
722005.6
721914.1
721807.4
721700.7
721609.2
721502.5
721395.8
721289.1
721197.7
721091.0
720984.3
720892.8
720786.1
720679.4
720587.9
720481.2
720374.5
720283.0
720176.3
720069.6
719978.2
719871.5
719764.8
719673.3
719566.6
719459.9
719353.2
719261.7
719155.0
719048.3
718956.8
718850.1
718743.4
718652.0
718545.3
718438.5
718347.1
718240.4
718133.7
718042.2
717935.5
717828.8
717737.3
717630.6
717539.2
717432.5
717325.7
717234.3
717127.6
717020.9
716929.4
716822.7
716716.0
716624.5
716517.8
716411.1
716319.7
716213.0
716106.2
716014.8
715908.1
715801.4
715709.9
715603.2
715511.7
715405.0
715298.3
715206.9
715100.2
714993.5
714902.0
714795.3
714703.8
714597.1
714490.4
714398.9
714292.2
714185.5
714094.1
713987.4
713895.9
713789.2
713682.5
713591.0
713484.3
713377.6
713286.2
713179.4
713088.0
712981.3
712874.6
712783.1
712676.4
712584.9
712478.2
712371.5
712280.1
712173.4
712066.7
711975.2
711868.5
711777.0
711670.3
711563.6
711472.1
711365.4
711274.0
711167.3
711060.6
710969.1
710862.4
710770.9
710664.2
710572.8
710466.1
710359.3
710267.9
710161.2
710069.7
709963.0
709856.3
709764.8
709658.1
709566.7
709460.0
709368.5
709261.8
709155.1
709063.6
708956.9
708865.5
708758.8
708667.3
708560.6
708453.9
708362.4
708255.7
708164.2
708057.5
707966.1
707859.4
707752.7
707661.2
707554.5
707463.0
707356.3
707264.9
707158.2
707051.5
706960.0
706853.3
706761.8
706655.1
706563.7
706456.9
706365.5
706258.8
706167.3
706060.6
705953.9
705862.4
705755.7
705664.3
705557.6
705466.1
705359.4
705267.9
705161.2
705069.8
704963.1
704856.4
704764.9
704658.2
704566.7
704460.0
704368.6
704261.8
704170.4
704063.7
703972.2
703865.5
703774.0
703667.3
703575.9
703469.2
703377.7
703271.0
703179.5
703072.8
702981.4
702874.7
702768.0
702676.5
702569.8
702478.3
702371.6
702280.2
702173.4
702082.0
701975.3
701883.8
701777.1
701685.6
701578.9
701487.5
701380.8
701289.3
701182.6
701091.1
700984.4
700893.0
700786.3
700694.8
700588.1
700496.6
700389.9
700298.5
700191.8
700100.3
699993.6
699902.1
699795.4
699704.0
699597.3
699505.8
699414.3
699307.6
699216.2
699109.5
699018.0
698911.3
698819.8
698713.1
698621.7
698514.9
698423.5
698316.8
698225.3
698118.6
698027.1
697920.4
697829.0
697722.3
697630.8
697539.3
697432.6
697341.2
697234.5
697143.0
697036.3
696944.8
696838.1
696746.7
696640.0
696548.5
696441.8
696350.3
696258.9
696152.2
696060.7
695954.0
695862.5
695755.8
695664.4
695557.7
695466.2
695374.7
695268.0
695176.6
695069.9
694978.4
694871.7
694780.2
694673.5
694582.1
694490.6
694383.9
694292.4
694185.7
694094.3
693987.5
693896.1
693804.6
693697.9
693606.5
693499.7
693408.3
693301.6
693210.1
693118.7
693011.9
692920.5
692813.8
692722.3
692630.9
692524.1
692432.7
692326.0
692234.5
692127.8
692036.3
691944.9
691838.2
691746.7
691640.0
691548.5
691457.1
691350.4
691258.9
691152.2
691060.7
690969.3
690862.6
690771.1
690664.4
690572.9
690481.5
690374.8
690283.3
690176.6
690085.1
689993.7
689887.0
689795.5
689688.8
689597.3
689505.9
689399.2
689307.7
689201.0
689109.5
689018.1
688911.4
688819.9
688728.5
688621.7
688530.3
688423.6
688332.1
688240.7
688133.9
688042.5
687951.0
687844.3
687752.8
687646.1
687554.7
687463.2
687356.5
687265.0
687173.6
687066.9
686975.4
686884.0
686777.2
686685.8
686579.1
686487.6
686396.2
686289.4
686198.0
686106.5
685999.8
685908.4
685816.9
685710.2
685618.7
685527.3
685420.6
685329.1
685237.6
685130.9
685039.5
684932.8
684841.3
684749.8
684643.1
684551.7
684460.2
684353.5
684262.0
684170.6
684063.9
683972.4
683880.9
683774.2
683682.8
683591.3
683484.6
683393.1
683301.7
683195.0
683103.5
683012.0
682905.3
682813.9
682722.4
682630.9
682524.2
682432.8
682341.3
682234.6
682143.1
682051.7
681945.0
681853.5
681762.1
681655.3
681563.9
681472.4
681365.7
681274.3
681182.8
681076.1
680984.6
680893.2
680801.7
680695.0
680603.5
680512.1
680405.4
680313.9
680222.4
680115.7
680024.3
679932.8
679841.3
679734.6
679643.2
679551.7
679445.0
679353.5
679262.1
679170.6
679063.9
678972.4
678881.0
678774.3
678682.8
678591.3
678499.9
678393.2
678301.7
678210.3
678103.5
678012.1
677920.6
677829.2
677722.5
677631.0
677539.5
677448.1
677341.4
677249.9
677158.4
677051.7
676960.3
676868.8
676777.3
676670.6
676579.2
676487.7
676396.2
676289.5
676198.1
676106.6
676015.2
675908.4
675817.0
675725.5
675634.1
675527.4
675435.9
675344.4
675253.0
675146.3
675054.8
674963.3
674871.9
674765.2
674673.7
674582.2
674490.8
674384.1
674292.6
674201.1
674109.7
674003.0
673911.5
673820.1
673728.6
673621.9
673530.4
673439.0
673347.5
673240.8
673149.3
673057.9
672966.4
672874.9
672768.2
672676.8
672585.3
672493.8
672387.1
672295.7
672204.2
672112.7
672021.3
671914.6
671823.1
671731.7
671640.2
671533.5
671442.0
671350.6
671259.1
671167.6
671060.9
670969.5
670878.0
670786.5
670695.1
670588.4
670496.9
670405.4
670314.0
670222.5
670115.8
670024.4
669932.9
669841.4
669750.0
669643.3
669551.8
669460.3
669368.9
669277.4
669170.7
669079.2
668987.8
668896.3
668804.9
668698.1
668606.7
668515.2
668423.8
668332.3
668240.8
668134.1
668042.7
667951.2
667859.7
667768.3
667661.6
667570.1
667478.6
667387.2
667295.7
667204.3
667097.6
667006.1
666914.6
666823.2
666731.7
666640.2
666533.5
666442.1
666350.6
666259.1
666167.7
666076.2
665969.5
665878.0
665786.6
665695.1
665603.7
665512.2
665405.5
665314.0
665222.6
665131.1
665039.6
664948.2
664856.7
664750.0
664658.5
664567.1
664475.6
664384.2
664292.7
664201.2
664094.5
664003.1
663911.6
663820.1
663728.7
663637.2
663545.8
663439.0
663347.6
663256.1
663164.7
663073.2
662981.7
662890.3
662783.6
662692.1
662600.6
662509.2
662417.7
662326.3
662234.8
662143.3
662036.6
661945.2
661853.7
661762.2
661670.8
661579.3
661487.8
661396.4
661289.7
661198.2
661106.8
661015.3
660923.8
660832.4
660740.9
660649.4
660558.0
660451.3
660359.8
660268.3
660176.9
660085.4
659994.0
659902.5
659811.0
659719.6
659628.1
659521.4
659429.9
659338.5
659247.0
659155.6
659064.1
658972.6
658881.2
658789.7
658698.2
658591.5
658500.1
658408.6
658317.1
658225.7
658134.2
658042.8
657951.3
657859.8
657768.4
657676.9
657585.4
657478.7
657387.3
657295.8
657204.3
657112.9
657021.4
656930.0
656838.5
656747.0
656655.6
656564.1
656472.6
656381.2
656289.7
656183.0
656091.6
656000.1
655908.6
655817.2
655725.7
655634.2
655542.8
655451.3
655359.9
655268.4
655176.9
655085.5
654994.0
654902.5
654811.1
654719.6
654612.9
654521.4
654430.0
654338.5
654247.1
654155.6
654064.1
653972.7
653881.2
653789.7
653698.3
653606.8
653515.4
653423.9
653332.4
653241.0
653149.5
653058.0
652966.6
652875.1
652783.7
652692.2
652600.7
652494.0
652402.6
652311.1
652219.6
652128.2
652036.7
651945.3
651853.8
651762.3
651670.9
651579.4
651487.9
651396.5
651305.0
651213.6
651122.1
651030.6
650939.2
650847.7
650756.2
650664.8
650573.3
650481.8
650390.4
650298.9
650207.5
650116.0
650024.5
649933.1
649841.6
649750.1
649658.7
649567.2
649475.8
649384.3
649292.8
649201.4
649109.9
649018.4
648927.0
648835.5
648744.1
648652.6
648561.1
648469.7
648378.2
648286.7
648195.3
648103.8
648012.4
647920.9
647829.4
647738.0
647646.5
647555.0
647463.6
647372.1
647280.7
647189.2
647097.7
647006.3
646914.8
646823.3
646731.9
646640.4
646549.0
646457.5
646366.0
646274.6
646183.1
646091.6
646000.2
645924.0
645832.5
645741.0
645649.6
645558.1
645466.7
645375.2
645283.7
645192.3
645100.8
645009.3
644917.9
644826.4
644735.0
644643.5
644552.0
644460.6
644369.1
644277.6
644186.2
644094.7
644003.3
643911.8
643820.3
643744.1
643652.6
643561.2
643469.7
643378.3
643286.8
643195.3
643103.9
643012.4
642920.9
642829.5
642738.0
642646.6
642555.1
642463.6
642372.2
642280.7
642204.5
642113.0
642021.6
641930.1
641838.6
641747.2
641655.7
641564.2
641472.8
641381.3
641289.9
641198.4
641106.9
641030.7
640939.3
640847.8
640756.3
640664.9
640573.4
640481.9
640390.5
640299.0
640207.6
640116.1
640024.6
639948.4
639856.9
639765.5
639674.0
639582.6
639491.1
639399.6
639308.2
639216.7
639125.2
639033.8
638957.6
638866.1
638774.6
638683.2
638591.7
638500.3
638408.8
638317.3
638225.9
638134.4
638058.2
637966.7
637875.3
637783.8
637692.3
637600.9
637509.4
637417.9
637326.5
637250.3
637158.8
637067.3
636975.9
636884.4
636793.0
636701.5
636610.0
636533.8
636442.3
636350.9
636259.4
636168.0
636076.5
635985.0
635893.6
635817.3
635725.9
635634.4
635543.0
635451.5
635360.0
635268.6
635177.1
635100.9
635009.4
634918.0
634826.5
634735.0
634643.6
634552.1
634475.9
634384.4
634293.0
634201.5
634110.0
634018.6
633927.1
633850.9
633759.4
633668.0
633576.5
633485.1
633393.6
633302.1
633225.9
633134.4
633043.0
632951.5
632860.1
632768.6
632692.4
632600.9
632509.5
632418.0
632326.5
632235.1
632158.8
632067.4
631975.9
631884.5
631793.0
631701.5
631625.3
631533.9
631442.4
631350.9
631259.5
631168.0
631091.8
631000.3
630908.9
630817.4
630725.9
630634.5
630558.3
630466.8
630375.3
630283.9
630192.4
630116.2
630024.7
629933.3
629841.8
629750.3
629658.9
629582.7
629491.2
629399.7
629308.3
629216.8
629140.6
629049.1
628957.7
628866.2
628774.7
628698.5
628607.0
628515.6
628424.1
628332.7
628256.4
628165.0
628073.5
627982.1
627890.6
627814.4
627722.9
627631.4
627540.0
627448.5
627372.3
627280.8
627189.4
627097.9
627021.7
626930.2
626838.8
626747.3
626655.8
626579.6
626488.2
626396.7
626305.2
626213.8
626137.6
626046.1
625954.6
625863.2
625787.0
625695.5
625604.0
625512.6
625421.1
625344.9
625253.4
625162.0
625070.5
624994.3
624902.8
624811.4
624719.9
624643.7
624552.2
624460.7
624369.3
624293.1
624201.6
624110.1
624018.7
623927.2
623851.0
623759.5
623668.1
623576.6
623500.4
623408.9
623317.5
623226.0
623149.8
623058.3
622966.9
622875.4
622799.2
622707.7
622616.3
622524.8
622448.6
622357.1
622265.6
622189.4
622098.0
622006.5
621915.0
621838.8
621747.4
621655.9
621564.4
621488.2
621396.7
621305.3
621213.8
621137.6
621046.1
620954.7
620878.5
620787.0
620695.5
620604.1
620527.9
620436.4
620344.9
620253.5
620177.2
620085.8
619994.3
619918.1
619826.6
619735.2
619643.7
619567.5
619476.0
619384.6
619308.4
619216.9
619125.4
619034.0
618957.7
618866.3
618774.8
618698.6
618607.1
618515.7
618424.2
618348.0
618256.5
618165.1
618088.9
617997.4
617905.9
617829.7
617738.2
617646.8
617555.3
617479.1
617387.6
617296.2
617220.0
617128.5
617037.0
616960.8
616869.4
616777.9
616701.7
616610.2
616518.7
616442.5
616351.1
616259.6
616168.1
616091.9
616000.5
615909.0
615832.8
615741.3
615649.9
615573.6
615482.2
615390.7
615314.5
615223.0
615131.6
615055.3
614963.9
614872.4
614796.2
614704.7
614613.3
614537.1
614445.6
614354.1
614277.9
614186.4
614095.0
614018.8
613927.3
613835.8
613759.6
613668.2
613576.7
613500.5
613409.0
613317.6
613241.3
613149.9
613058.4
612982.2
612890.7
612799.3
612723.0
612631.6
612555.4
612463.9
612372.4
612296.2
612204.8
612113.3
612037.1
611945.6
611854.2
611777.9
611686.5
611595.0
611518.8
611427.3
611351.1
611259.6
611168.2
611092.0
611000.5
610909.0
610832.8
610741.4
610649.9
610573.7
610482.2
610406.0
610314.5
610223.1
610146.9
610055.4
609963.9
609887.7
609796.2
609720.0
609628.6
609537.1
609460.9
609369.4
609293.2
609201.7
609110.3
609034.1
608942.6
608851.1
608774.9
608683.5
608607.2
608515.8
608424.3
608348.1
608256.6
608180.4
608088.9
607997.5
607921.3
607829.8
607753.6
607662.1
607570.7
607494.4
607403.0
607326.8
607235.3
607143.8
607067.6
606976.2
606899.9
606808.5
606717.0
606640.8
606549.3
606473.1
606381.6
606290.2
606214.0
606122.5
606046.3
605954.8
605878.6
605787.1
605695.7
605619.5
605528.0
605451.8
605360.3
605268.8
605192.6
605101.2
605024.9
604933.5
604857.3
604765.8
604674.3
604598.1
604506.7
604430.4
604339.0
604262.8
604171.3
604079.8
604003.6
603912.2
603835.9
603744.5
603668.3
603576.8
603500.6
603409.1
603317.6
603241.4
603150.0
603073.7
602982.3
602906.1
602814.6
602738.4
602646.9
602555.5
602479.2
602387.8
602311.6
602220.1
602143.9
602052.4
601976.2
601884.7
601793.3
601717.1
601625.6
601549.4
601457.9
601381.7
601290.2
601214.0
601122.5
601046.3
600954.9
600878.6
600787.2
600695.7
600619.5
600528.0
600451.8
600360.4
600284.1
600192.7
600116.5
600025.0
599948.8
599857.3
599781.1
599689.6
599613.4
599522.0
599445.7
599354.3
599278.0
599186.6
599110.4
599018.9
598927.4
598851.2
598759.8
598683.5
598592.1
598515.9
598424.4
598348.2
598256.7
598180.5
598089.0
598012.8
597921.4
597845.1
597753.7
597677.5
597586.0
597509.8
597418.3
597342.1
597250.6
597174.4
597082.9
597006.7
596915.3
596839.0
596747.6
596671.4
596579.9
596503.7
596412.2
596336.0
596244.5
596168.3
596076.9
596000.6
595909.2
595833.0
595741.5
595665.3
595573.8
595497.6
595406.1
595329.9
595253.7
595162.2
595086.0
594994.6
594918.3
594826.9
594750.7
594659.2
594583.0
594491.5
594415.3
594323.8
594247.6
594156.1
594079.9
593988.5
593912.2
593820.8
593744.6
593668.3
593576.9
593500.7
593409.2
593333.0
593241.5
593165.3
593073.8
592997.6
592906.2
592829.9
592738.5
592662.3
592586.0
592494.6
592418.4
592326.9
592250.7
592159.2
592083.0
591991.5
591915.3
591823.8
591747.6
591671.4
591579.9
591503.7
591412.3
591336.0
591244.6
591168.4
591076.9
591000.7
590924.5
590833.0
590756.8
590665.3
590589.1
590497.6
590421.4
590345.2
590253.7
590177.5
590086.1
590009.8
589918.4
589842.2
589765.9
589674.5
589598.3
589506.8
589430.6
589339.1
589262.9
589186.7
589095.2
589019.0
588927.5
588851.3
588759.9
588683.6
588607.4
588516.0
588439.7
588348.3
588272.1
588195.8
588104.4
588028.2
587936.7
587860.5
587769.0
587692.8
587616.6
587525.1
587448.9
587357.4
587281.2
587205.0
587113.5
587037.3
586945.8
586869.6
586793.4
586701.9
586625.7
586534.3
586458.0
586381.8
586290.4
586214.1
586122.7
586046.5
585970.2
585878.8
585802.6
585711.1
585634.9
585558.7
585467.2
585391.0
585314.8
585223.3
585147.1
585055.6
584979.4
584903.2
584811.7
584735.5
584644.0
584567.8
584491.6
584400.1
584323.9
584247.7
584156.2
584080.0
583988.6
583912.3
583836.1
583744.7
583668.4
583592.2
583500.8
583424.5
583348.3
583256.9
583180.6
583089.2
583013.0
582936.7
582845.3
582769.1
582692.8
582601.4
582525.2
582448.9
582357.5
582281.3
582189.8
582113.6
582037.4
581945.9
581869.7
581793.5
581702.0
581625.8
581549.6
581458.1
581381.9
581305.7
581214.2
581138.0
581061.8
580970.3
580894.1
580817.9
580726.4
580650.2
580558.7
580482.5
580406.3
580314.8
580238.6
580162.4
580070.9
579994.7
579918.5
579827.0
579750.8
579674.6
579583.1
579506.9
579430.7
579339.2
579263.0
579186.8
579110.6
579019.1
578942.9
578866.7
578775.2
578699.0
578622.8
578531.3
578455.1
578378.9
578287.4
578211.2
578135.0
578043.5
577967.3
577891.1
577799.6
577723.4
577647.2
577555.7
577479.5
577403.3
577327.0
577235.6
577159.3
577083.1
576991.7
576915.4
576839.2
576747.8
576671.5
576595.3
576503.9
576427.6
576351.4
576275.2
576183.7
576107.5
576031.3
575939.8
575863.6
575787.4
575695.9
575619.7
575543.5
575467.3
575375.8
575299.6
575223.4
575131.9
575055.7
574979.5
574903.3
574811.8
574735.6
574659.4
574567.9
574491.7
574415.5
574339.3
574247.8
574171.6
574095.4
574019.1
573927.7
573851.5
573775.2
573683.8
573607.6
573531.3
573455.1
573363.7
573287.4
573211.2
573135.0
573043.5
572967.3
572891.1
572799.6
572723.4
572647.2
572571.0
572479.5
572403.3
572327.1
572250.9
572159.4
572083.2
572007.0
571930.7
571839.3
571763.1
571686.8
571610.6
571519.2
571442.9
571366.7
571290.5
571199.0
571122.8
571046.6
570970.4
570878.9
570802.7
570726.5
570650.3
570558.8
570482.6
570406.4
570330.1
570238.7
570162.5
570086.2
570010.0
569918.6
569842.3
569766.1
569689.9
569598.4
569522.2
569446.0
569369.8
569293.6
569202.1
569125.9
569049.7
568973.4
568882.0
568805.8
568729.5
568653.3
568561.9
568485.6
568409.4
568333.2
568257.0
568165.5
568089.3
568013.1
567936.9
567845.4
567769.2
567693.0
567616.8
567540.5
567449.1
567372.9
567296.6
567220.4
567144.2
567052.7
566976.5
566900.3
566824.1
566732.6
566656.4
566580.2
566504.0
566427.7
566336.3
566260.1
566183.8
566107.6
566031.4
565939.9
565863.7
565787.5
565711.3
565635.1
565543.6
565467.4
565391.2
565314.9
565238.7
565162.5
565071.0
564994.8
564918.6
564842.4
564766.2
564674.7
564598.5
564522.3
564446.1
564369.8
564278.4
564202.2
564125.9
564049.7
563973.5
563897.3
563805.8
563729.6
563653.4
563577.2
563500.9
563409.5
563333.3
563257.0
563180.8
563104.6
563028.4
562936.9
562860.7
562784.5
562708.3
562632.0
562555.8
562464.4
562388.1
562311.9
562235.7
562159.5
562083.3
561991.8
561915.6
561839.4
561763.1
561686.9
561610.7
561519.2
561443.0
561366.8
561290.6
561214.4
561138.2
561061.9
560970.5
560894.3
560818.0
560741.8
560665.6
560589.4
560513.2
560421.7
560345.5
560269.3
560193.0
560116.8
560040.6
559949.1
559872.9
559796.7
559720.5
559644.3
559568.0
559491.8
559415.6
559324.1
559247.9
559171.7
559095.5
559019.3
558943.1
558866.8
558775.4
558699.2
558622.9
558546.7
558470.5
558394.3
558318.1
558241.8
558150.4
558074.2
557997.9
557921.7
557845.5
557769.3
557693.1
557616.8
557525.4
557449.2
557372.9
557296.7
557220.5
557144.3
557068.1
556991.9
556915.6
556824.2
556748.0
556671.7
556595.5
556519.3
556443.1
556366.9
556290.6
556214.4
556123.0
556046.7
555970.5
555894.3
555818.1
555741.9
555665.6
555589.4
555513.2
555437.0
555345.5
555269.3
555193.1
555116.9
555040.7
554964.4
554888.2
554812.0
554735.8
554659.6
554568.1
554491.9
554415.7
554339.4
554263.2
554187.0
554110.8
554034.6
553958.3
553882.1
553805.9
553729.7
553638.2
553562.0
553485.8
553409.6
553333.3
553257.1
553180.9
553104.7
553028.5
552952.3
552876.0
552799.8
552723.6
552632.1
552555.9
552479.7
552403.5
552327.3
552251.0
552174.8
552098.6
552022.4
551946.2
551869.9
551793.7
551717.5
551641.3
551565.1
551473.6
551397.4
551321.2
551245.0
551168.7
551092.5
551016.3
550940.1
550863.9
550787.6
550711.4
550635.2
550559.0
550482.8
550406.5
550330.3
550254.1
550177.9
550101.7
550010.2
549934.0
549857.8
549781.6
549705.3
549629.1
549552.9
549476.7
549400.5
549324.2
549248.0
549171.8
549095.6
549019.4
548943.1
548866.9
548790.7
548714.5
548638.3
548562.1
548485.8
548409.6
548333.4
548257.2
548181.0
548104.7
548028.5
547937.1
547860.8
547784.6
547708.4
547632.2
547556.0
547479.7
547403.5
547327.3
547251.1
547174.9
547098.6
547022.4
546946.2
546870.0
546793.8
546717.6
546641.3
546565.1
546488.9
546412.7
546336.5
546260.2
546184.0
546107.8
546031.6
545955.4
545879.1
545802.9
545726.7
545650.5
545574.3
545498.1
545421.8
545345.6
545269.4
545193.2
545117.0
545040.7
544964.5
544888.3
544812.1
544735.9
544659.6
544583.4
544507.2
544431.0
544354.8
544278.6
544202.3
544126.1
544049.9
543973.7
543897.5
543821.2
543745.0
543668.8
543592.6
543516.4
543440.1
543363.9
543287.7
543211.5
543135.3
543059.1
542982.8
542906.6
542830.4
542754.2
542678.0
542601.7
542525.5
542449.3
542388.3
542312.1
542235.9
542159.7
542083.5
542007.2
541931.0
541854.8
541778.6
541702.4
541626.1
541549.9
541473.7
541397.5
541321.3
541245.0
541168.8
541092.6
541016.4
540940.2
540864.0
540787.7
540711.5
540635.3
540559.1
540482.9
540406.6
540330.4
540269.4
540193.2
540117.0
540040.8
539964.6
539888.3
539812.1
539735.9
539659.7
539583.5
539507.3
539431.0
539354.8
539278.6
539202.4
539126.2
539049.9
538973.7
538912.7
538836.5
538760.3
538684.1
538607.9
538531.7
538455.4
538379.2
538303.0
538226.8
538150.6
538074.3
537998.1
537921.9
537845.7
537784.7
537708.5
537632.3
537556.1
537479.8
537403.6
537327.4
537251.2
537175.0
537098.7
537022.5
536946.3
536870.1
536793.9
536732.9
536656.7
536580.5
536504.2
536428.0
536351.8
536275.6
536199.4
536123.1
536046.9
535970.7
535909.7
535833.5
535757.3
535681.1
535604.9
535528.6
535452.4
535376.2
535300.0
535223.8
535147.5
535086.6
535010.3
534934.1
534857.9
534781.7
534705.5
534629.3
534553.0
534476.8
534400.6
534339.6
534263.4
534187.2
534111.0
534034.7
533958.5
533882.3
533806.1
533729.9
533668.9
533592.7
533516.5
533440.2
533364.0
533287.8
533211.6
533135.4
533059.1
532998.2
532922.0
532845.7
532769.5
532693.3
532617.1
532540.9
532464.6
532403.7
532327.4
532251.2
532175.0
532098.8
532022.6
531946.3
531870.1
531809.2
531732.9
531656.7
531580.5
531504.3
531428.1
531351.8
531275.6
531214.6
531138.4
531062.2
530986.0
530909.8
530833.6
530757.3
530696.4
530620.1
530543.9
530467.7
530391.5
530315.3
530239.0
530178.1
530101.9
530025.6
529949.4
529873.2
529797.0
529720.8
529659.8
529583.6
529507.3
529431.1
529354.9
529278.7
529202.5
529141.5
529065.3
528989.1
528912.8
528836.6
528760.4
528699.4
528623.2
528547.0
528470.8
528394.6
528318.3
528257.4
528181.1
528104.9
528028.7
527952.5
527876.3
527800.0
527739.1
527662.9
527586.6
527510.4
527434.2
527373.2
527297.0
527220.8
527144.6
527068.3
526992.1
526931.2
526854.9
526778.7
526702.5
526626.3
526550.1
526489.1
526412.9
526336.6
526260.4
526184.2
526123.2
526047.0
525970.8
525894.6
525818.4
525742.1
525681.2
525604.9
525528.7
525452.5
525376.3
525315.3
525239.1
525162.9
525086.7
525010.4
524949.5
524873.2
524797.0
524720.8
524644.6
524583.6
524507.4
524431.2
524355.0
524278.7
524217.8
524141.5
524065.3
523989.1
523912.9
523851.9
523775.7
523699.5
523623.3
523547.0
523486.1
523409.8
523333.6
523257.4
523181.2
523120.2
523044.0
522967.8
522891.6
522815.3
522754.4
522678.1
522601.9
522525.7
522464.7
522388.5
522312.3
522236.1
522159.9
522098.9
522022.7
521946.4
521870.2
521809.2
521733.0
521656.8
521580.6
521504.4
521443.4
521367.2
521291.0
521214.7
521153.8
521077.5
521001.3
520925.1
520864.1
520787.9
520711.7
520635.5
520559.3
520498.3
520422.1
520345.8
520269.6
520208.7
520132.4
520056.2
519980.0
519919.0
519842.8
519766.6
519690.4
519629.4
519553.2
519477.0
519400.7
519339.8
519263.5
519187.3
519111.1
519050.1
518973.9
518897.7
518821.5
518760.5
518684.3
518608.1
518531.8
518470.9
518394.6
518318.4
518242.2
518181.2
518105.0
518028.8
517952.6
517891.6
517815.4
517739.2
517678.2
517602.0
517525.7
517449.5
517388.6
517312.3
517236.1
517159.9
517098.9
517022.7
516946.5
516870.3
516809.3
516733.1
516656.9
516595.9
516519.7
516443.4
516367.2
516306.2
516230.0
516153.8
516092.8
516016.6
515940.4
515864.2
515803.2
515727.0
515650.8
515574.5
515513.6
515437.4
515361.1
515300.2
515223.9
515147.7
515071.5
515010.5
514934.3
514858.1
514797.1
514720.9
514644.7
514583.7
514507.5
514431.3
514355.0
514294.1
514217.9
514141.6
514080.7
514004.4
513928.2
513867.2
513791.0
513714.8
513638.6
513577.6
513501.4
513425.2
513364.2
513288.0
513211.8
513150.8
513074.6
512998.4
512922.1
512861.2
512784.9
512708.7
512647.7
512571.5
512495.3
512434.3
512358.1
512281.9
512220.9
512144.7
512068.5
512007.5
511931.3
511855.1
511794.1
511717.9
511641.7
511580.7
511504.5
511428.2
511352.0
511291.1
511214.8
511138.6
511077.6
511001.4
510925.2
510864.2
510788.0
510711.8
510650.8
510574.6
510498.4
510437.4
510361.2
510285.0
510224.0
510147.8
510071.5
510010.6
509934.4
509858.1
509797.2
509720.9
509644.7
509583.7
509507.5
509446.6
509370.3
509294.1
509233.1
509156.9
509080.7
509019.7
508943.5
508867.3
508806.3
508730.1
508653.9
508592.9
508516.7
508440.5
508379.5
508303.3
508227.1
508166.1
508089.9
508028.9
507952.7
507876.4
507815.5
507739.3
507663.0
507602.1
507525.8
507449.6
507388.6
507312.4
507236.2
507175.2
507099.0
507038.0
506961.8
506885.6
506824.6
506748.4
506672.2
506611.2
506535.0
506474.0
506397.8
506321.6
506260.6
506184.4
506108.2
506047.2
505971.0
505910.0
505833.8
505757.6
505696.6
505620.4
505544.2
505483.2
505407.0
505346.0
505269.8
505193.5
505132.6
505056.4
504995.4
504919.2
504842.9
504782.0
504705.7
504629.5
504568.6
504492.3
504431.4
504355.1
504278.9
504217.9
504141.7
504080.8
504004.5
503928.3
503867.3
503791.1
503730.1
503653.9
503577.7
503516.7
503440.5
503379.5
503303.3
503227.1
503166.1
503089.9
503028.9
502952.7
502876.5
502815.5
502739.3
502678.3
502602.1
502525.9
502464.9
502388.7
502327.7
502251.5
502190.5
502114.3
502038.1
501977.1
501900.9
501839.9
501763.7
501687.5
501626.5
501550.3
501489.3
501413.1
501352.1
501275.9
501199.7
501138.7
501062.5
501001.5
500925.3
500849.1
500788.1
500711.9
500650.9
500574.7
500513.7
500437.5
500361.3
500300.3
500224.1
500163.1
500086.9
500025.9
499949.7
499888.7
499812.5
499736.3
499675.3
499599.1
499538.1
499461.9
499400.9
499324.7
499248.5
499187.5
499111.3
499050.3
498974.1
498913.1
498836.9
498775.9
498699.7
498623.5
498562.5
498486.3
498425.3
498349.1
498288.1
498211.9
498150.9
498074.7
498013.7
497937.5
497861.3
497800.3
497724.1
497663.1
497586.9
497525.9
497449.7
497388.7
497312.5
497251.5
497175.3
497099.1
497038.1
496961.9
496900.9
496824.7
496763.7
496687.5
496626.6
496550.3
496489.4
496413.1
496352.2
496275.9
496215.0
496138.8
496062.5
496001.6
495925.3
495864.4
495788.1
495727.2
495650.9
495590.0
495513.8
495452.8
495376.6
495315.6
495239.4
495178.4
495102.2
495041.2
494965.0
494904.0
494827.8
494766.8
494690.6
494629.6
494553.4
494492.4
494416.2
494340.0
494279.0
494202.8
494141.8
494065.6
494004.6
493928.4
493867.4
493791.2
493730.2
493654.0
493593.0
493516.8
493455.8
493379.6
493318.7
493242.4
493181.5
493105.2
493044.3
492968.0
492907.1
492830.9
492769.9
492693.7
492632.7
492556.5
492495.5
492419.3
492358.3
492282.1
492221.1
492144.9
492083.9
492007.7
491946.7
491885.7
491809.5
491748.5
491672.3
491611.4
491535.1
491474.2
491397.9
491337.0
491260.7
491199.8
491123.6
491062.6
490986.4
490925.4
490849.2
490788.2
490712.0
490651.0
490574.8
490513.8
490437.6
490376.6
490300.4
490239.4
490178.4
490102.2
490041.2
489965.0
489904.1
489827.8
489766.9
489690.6
489629.7
489553.4
489492.5
489416.3
489355.3
489279.1
489218.1
489157.1
489080.9
489019.9
488943.7
488882.7
488806.5
488745.5
488669.3
488608.3
488532.1
488471.1
488394.9
488333.9
488273.0
488196.7
488135.8
488059.6
487998.6
487922.4
487861.4
487785.2
487724.2
487663.2
487587.0
487526.0
487449.8
487388.8
487312.6
487251.6
487175.4
487114.4
487053.5
486977.2
486916.3
486840.1
486779.1
486702.9
486641.9
486565.7
486504.7
486443.7
486367.5
486306.5
486230.3
486169.3
486093.1
486032.1
485971.2
485894.9
485834.0
485757.7
485696.8
485620.6
485559.6
485498.6
485422.4
485361.4
485285.2
485224.2
485148.0
485087.0
485026.0
484949.8
484888.9
484812.6
484751.7
484690.7
484614.5
484553.5
484477.3
484416.3
484340.1
484279.1
484218.1
484141.9
484080.9
484004.7
483943.7
483882.8
483806.5
483745.6
483669.4
483608.4
483532.2
483471.2
483410.2
483334.0
483273.0
483196.8
483135.8
483074.8
482998.6
482937.7
482861.4
482800.5
482739.5
482663.3
482602.3
482526.1
482465.1
482404.1
482327.9
482266.9
482190.7
482129.7
482068.8
481992.5
481931.6
481855.3
481794.4
481733.4
481657.2
481596.2
481535.2
481459.0
481398.0
481321.8
481260.8
481199.9
481123.6
481062.7
480986.4
480925.5
480864.5
480788.3
480727.3
480666.3
480590.1
480529.1
480452.9
480391.9
480331.0
480254.7
480193.8
480132.8
480056.6
479995.6
479919.4
479858.4
479797.4
479721.2
479660.2
479599.3
479523.0
479462.1
479385.9
479324.9
479263.9
479187.7
479126.7
479065.7
478989.5
478928.5
478867.6
478791.3
478730.4
478654.2
478593.2
478532.2
478456.0
478395.0
478334.0
478257.8
478196.8
478135.9
478059.6
477998.7
477937.7
477861.5
477800.5
477724.3
477663.3
477602.3
477526.1
477465.1
477404.2
477327.9
477267.0
477206.0
477129.8
477068.8
477007.8
476931.6
476870.6
476809.7
476733.4
476672.5
476611.5
476535.3
476474.3
476413.3
476337.1
476276.1
476215.2
476138.9
476078.0
476017.0
475940.8
475879.8
475818.8
475742.6
475681.6
475620.6
475544.4
475483.5
475422.5
475346.3
475285.3
475224.3
475148.1
475087.1
475026.1
474949.9
474888.9
474828.0
474751.8
474690.8
474629.8
474553.6
474492.6
474431.6
474355.4
474294.4
474233.5
474157.2
474096.3
474035.3
473959.1
473898.1
473837.1
473776.2
473699.9
473639.0
473578.0
473501.8
473440.8
473379.8
473303.6
473242.6
473181.6
473105.4
473044.4
472983.5
472922.5
472846.3
472785.3
472724.3
472648.1
472587.1
472526.2
472449.9
472389.0
472328.0
472251.8
472190.8
472129.8
472068.8
471992.6
471931.7
471870.7
471794.5
471733.5
471672.5
471611.5
471535.3
471474.3
471413.4
471337.1
471276.2
471215.2
471139.0
471078.0
471017.0
470956.1
470879.8
470818.9
470757.9
470681.7
470620.7
470559.7
470498.7
470422.5
470361.5
470300.6
470239.6
470163.4
470102.4
470041.4
469965.2
469904.2
469843.3
469782.3
469706.1
469645.1
469584.1
469507.9
469446.9
469385.9
469325.0
469248.8
469187.8
469126.8
469065.8
468989.6
468928.6
468867.7
468806.7
468730.5
468669.5
468608.5
468532.3
468471.3
468410.3
468349.4
468273.2
468212.2
468151.2
468090.2
468014.0
467953.0
467892.1
467831.1
467754.9
467693.9
467632.9
467571.9
467495.7
467434.7
467373.8
467312.8
467236.6
467175.6
467114.6
467053.7
466977.4
466916.5
466855.5
466794.5
466718.3
466657.3
466596.3
466535.4
466459.1
466398.2
466337.2
466276.2
466200.0
466139.0
466078.0
466017.1
465940.9
465879.9
465818.9
465757.9
465681.7
465620.7
465559.8
465498.8
465437.8
465361.6
465300.6
465239.6
465178.7
465102.4
465041.5
464980.5
464919.5
464843.3
464782.3
464721.4
464660.4
464599.4
464523.2
464462.2
464401.2
464340.3
464264.0
464203.1
464142.1
464081.1
464020.1
463943.9
463882.9
463822.0
463761.0
463684.8
463623.8
463562.8
463501.9
463440.9
463364.7
463303.7
463242.7
463181.7
463120.8
463044.5
462983.6
462922.6
462861.6
462785.4
462724.4
462663.4
462602.5
462541.5
462465.3
462404.3
462343.3
462282.4
462221.4
462145.2
462084.2
462023.2
461962.2
461901.3
461825.0
461764.1
461703.1
461642.1
461581.1
461504.9
461443.9
461383.0
461322.0
461261.0
461184.8
461123.8
461062.9
461001.9
460940.9
460879.9
460803.7
460742.7
460681.8
460620.8
460559.8
460483.6
460422.6
460361.6
460300.7
460239.7
460163.5
460102.5
460041.5
459980.5
459919.6
459858.6
459782.4
459721.4
459660.4
459599.5
459538.5
459477.5
459401.3
459340.3
459279.3
459218.4
459157.4
459081.2
459020.2
458959.2
458898.2
458837.3
458776.3
458700.1
458639.1
458578.1
458517.1
458456.2
458395.2
458319.0
458258.0
458197.0
458136.0
458075.1
458014.1
457937.9
457876.9
457815.9
457755.0
457694.0
457633.0
457572.0
457495.8
457434.8
457373.9
457312.9
457251.9
457190.9
457114.7
457053.7
456992.8
456931.8
456870.8
456809.8
456748.9
456672.6
456611.7
456550.7
456489.7
456428.7
456367.8
456291.6
456230.6
456169.6
456108.6
456047.7
455986.7
455925.7
455849.5
455788.5
455727.5
455666.6
455605.6
455544.6
455483.6
455407.4
455346.4
455285.5
455224.5
455163.5
455102.5
455041.6
454980.6
454904.4
454843.4
454782.4
454721.4
454660.5
454599.5
454538.5
454477.5
454401.3
454340.4
454279.4
454218.4
454157.4
454096.5
454035.5
453974.5
453898.3
453837.3
453776.3
453715.4
453654.4
453593.4
453532.4
453471.5
453395.2
453334.3
453273.3
453212.3
453151.3
453090.4
453029.4
452968.4
452892.2
452831.2
452770.2
452709.3
452648.3
452587.3
452526.3
452465.4
452404.4
452343.4
452267.2
452206.2
452145.3
452084.3
452023.3
451962.3
451901.4
451840.4
451779.4
451703.2
451642.2
451581.2
451520.3
451459.3
451398.3
451337.3
451276.4
451215.4
451154.4
451078.2
451017.2
450956.2
450895.3
450834.3
450773.3
450712.3
450651.4
450590.4
450529.4
450468.4
450392.2
450331.2
450270.3
450209.3
450148.3
450087.3
450026.4
449965.4
449904.4
449843.4
449782.5
449721.5
449645.3
449584.3
449523.3
449462.3
449401.4
449340.4
449279.4
449218.4
449157.5
449096.5
449035.5
448974.5
448913.6
448837.4
448776.4
448715.4
448654.4
448593.5
448532.5
448471.5
448410.5
448349.6
448288.6
448227.6
448166.6
448105.7
448044.7
447968.5
447907.5
447846.5
447785.5
447724.6
447663.6
447602.6
447541.6
447480.7
447419.7
447358.7
447297.7
447236.8
447175.8
447114.8
447053.8
446977.6
446916.6
446855.7
446794.7
446733.7
446672.7
446611.8
446550.8
446489.8
446428.8
446367.9
446306.9
446245.9
446184.9
446124.0
446063.0
446002.0
445941.0
445880.1
445819.1
445742.9
445681.9
445620.9
445559.9
445499.0
445438.0
445377.0
445316.0
445255.1
445194.1
445133.1
445072.1
445011.2
444950.2
444889.2
444828.2
444767.3
444706.3
444645.3
444584.3
444523.4
444462.4
444401.4
444340.4
444279.5
444218.5
444157.5
444096.5
444020.3
443959.3
443898.4
443837.4
443776.4
443715.4
443654.5
443593.5
443532.5
443471.5
443410.6
443349.6
443288.6
443227.6
443166.7
443105.7
443044.7
442983.7
442922.8
442861.8
442800.8
442739.8
442678.9
442617.9
442556.9
442495.9
442435.0
442374.0
442313.0
442252.0
442191.1
442130.1
442069.1
442008.1
441947.2
441886.2
441825.2
441764.2
441703.3
441642.3
441581.3
441520.3
441459.4
441398.4
441337.4
441276.4
441215.5
441154.5
441093.5
441032.5
440971.6
440910.6
440849.6
440788.6
440727.7
440666.7
440605.7
440544.7
440483.8
440422.8
440361.8
440300.8
440239.9
440178.9
440117.9
440056.9
439996.0
439935.0
439874.0
439813.0
439752.1
439691.1
439630.1
439569.1
439508.2
439447.2
439386.2
439325.2
439264.3
439203.3
439142.3
439081.3
439020.4
438959.4
438898.4
438837.4
438776.5
438715.5
438654.5
438593.5
438532.6
438471.6
438410.6
438349.6
438288.7
438227.7
438182.0
438121.0
438060.0
437999.0
437938.1
437877.1
437816.1
437755.1
437694.2
437633.2
437572.2
437511.2
437450.3
437389.3
437328.3
437267.3
437206.4
437145.4
437084.4
437023.4
436962.5
436901.5
436840.5
436779.5
436718.6
436657.6
436596.6
436550.9
436489.9
436428.9
436368.0
436307.0
436246.0
436185.0
436124.1
436063.1
436002.1
435941.1
435880.2
435819.2
435758.2
435697.2
435636.3
435575.3
435514.3
435453.3
435392.4
435346.6
435285.6
435224.7
435163.7
435102.7
435041.7
434980.8
434919.8
434858.8
434797.8
434736.9
434675.9
434614.9
434553.9
434493.0
434432.0
434371.0
434325.3
434264.3
434203.3
434142.4
434081.4
434020.4
433959.4
433898.5
433837.5
433776.5
433715.5
433654.6
433593.6
433532.6
433486.9
433425.9
433364.9
433304.0
433243.0
433182.0
433121.0
433060.1
432999.1
432938.1
432877.1
432816.2
432755.2
432709.5
432648.5
432587.5
432526.5
432465.6
432404.6
432343.6
432282.6
432221.7
432160.7
432099.7
432038.7
431993.0
431932.0
431871.0
431810.1
431749.1
431688.1
431627.1
431566.2
431505.2
431444.2
431383.2
431337.5
431276.5
431215.6
431154.6
431093.6
431032.6
430971.7
430910.7
430849.7
430788.7
430743.0
430682.0
430621.1
430560.1
430499.1
430438.1
430377.2
430316.2
430255.2
430194.2
430148.5
430087.5
430026.6
429965.6
429904.6
429843.6
429782.7
429721.7
429660.7
429615.0
429554.0
429493.0
429432.0
429371.1
429310.1
429249.1
429188.1
429127.2
429081.4
429020.5
428959.5
428898.5
428837.5
428776.6
428715.6
428654.6
428608.9
428547.9
428486.9
428426.0
428365.0
428304.0
428243.0
428182.1
428121.1
428075.3
428014.4
427953.4
427892.4
427831.4
427770.5
427709.5
427663.8
427602.8
427541.8
427480.8
427419.9
427358.9
427297.9
427236.9
427191.2
427130.2
427069.3
427008.3
426947.3
426886.3
426825.4
426779.6
426718.7
426657.7
426596.7
426535.7
426474.8
426413.8
426352.8
426307.1
426246.1
426185.1
426124.1
426063.2
426002.2
425956.5
425895.5
425834.5
425773.5
425712.6
425651.6
425590.6
425544.9
425483.9
425422.9
425362.0
425301.0
425240.0
425179.0
425133.3
425072.3
425011.4
424950.4
424889.4
424828.4
424782.7
424721.7
424660.7
424599.8
424538.8
424477.8
424416.8
424371.1
424310.1
424249.2
424188.2
424127.2
424066.2
424020.5
423959.5
423898.6
423837.6
423776.6
423715.6
423669.9
423608.9
423548.0
423487.0
423426.0
423365.0
423319.3
423258.3
423197.3
423136.4
423075.4
423029.7
422968.7
422907.7
422846.7
422785.8
422724.8
422679.1
422618.1
422557.1
422496.1
422435.2
422374.2
422328.5
422267.5
422206.5
422145.5
422084.6
422038.8
421977.8
421916.9
421855.9
421794.9
421733.9
421688.2
421627.2
421566.3
421505.3
421444.3
421398.6
421337.6
421276.6
421215.7
421154.7
421108.9
421048.0
420987.0
420926.0
420865.0
420819.3
420758.3
420697.4
420636.4
420575.4
420529.7
420468.7
420407.7
420346.8
420285.8
420240.1
420179.1
420118.1
420057.1
419996.2
419950.4
419889.4
419828.5
419767.5
419706.5
419660.8
419599.8
419538.8
419477.9
419416.9
419371.2
419310.2
419249.2
419188.2
419127.3
419081.5
419020.6
418959.6
418898.6
418852.9
418791.9
418730.9
418669.9
418609.0
418563.2
418502.3
418441.3
418380.3
418319.3
418273.6
418212.6
418151.7
418090.7
418045.0
417984.0
417923.0
417862.0
417801.1
417755.3
417694.3
417633.4
417572.4
417526.7
417465.7
417404.7
417343.7
417298.0
417237.0
417176.1
417115.1
417054.1
417008.4
416947.4
416886.4
416825.5
416779.7
416718.7
416657.8
416596.8
416551.1
416490.1
416429.1
416368.1
416307.2
416261.4
416200.5
416139.5
416078.5
416032.8
415971.8
415910.8
415849.9
415804.1
415743.1
415682.2
415621.2
415575.5
415514.5
415453.5
415392.5
415346.8
415285.8
415224.9
415163.9
415118.2
415057.2
414996.2
414935.2
414889.5
414828.5
414767.5
414706.6
414660.8
414599.9
414538.9
414477.9
414432.2
414371.2
414310.2
414249.3
414203.5
414142.5
414081.6
414020.6
413974.9
413913.9
413852.9
413807.2
413746.2
413685.2
413624.3
413578.5
413517.6
413456.6
413395.6
413349.9
413288.9
413227.9
413166.9
413121.2
413060.2
412999.3
412953.5
412892.6
412831.6
412770.6
412724.9
412663.9
412602.9
412542.0
412496.2
412435.2
412374.3
412328.5
412267.6
412206.6
412145.6
412099.9
412038.9
411977.9
411917.0
411871.2
411810.3
411749.3
411703.5
411642.6
411581.6
411520.6
411474.9
411413.9
411352.9
411307.2
411246.2
411185.3
411124.3
411078.6
411017.6
410956.6
410910.9
410849.9
410788.9
410743.2
410682.2
410621.2
410560.3
410514.5
410453.6
410392.6
410346.9
410285.9
410224.9
410163.9
410118.2
410057.2
409996.2
409950.5
409889.5
409828.6
409782.8
409721.9
409660.9
409599.9
409554.2
409493.2
409432.2
409386.5
409325.5
409264.5
409218.8
409157.8
409096.9
409051.1
408990.2
408929.2
408868.2
408822.5
408761.5
408700.5
408654.8
408593.8
408532.8
408487.1
408426.1
408365.2
408319.4
408258.5
408197.5
408151.8
408090.8
408029.8
407968.8
407923.1
407862.1
407801.1
407755.4
407694.4
407633.5
407587.7
407526.8
407465.8
407420.1
407359.1
407298.1
407252.4
407191.4
407130.4
407084.7
407023.7
406962.7
406917.0
406856.0
406795.1
406749.3
406688.3
406627.4
406581.6
406520.7
406459.7
406414.0
406353.0
406292.0
406246.3
406185.3
406124.3
406078.6
406017.6
405956.6
405910.9
405849.9
405789.0
405743.2
405682.3
405621.3
405575.6
405514.6
405453.6
405407.9
405346.9
405285.9
405240.2
405179.2
405118.2
405072.5
405011.5
404950.6
404904.8
404843.9
404798.1
404737.1
404676.2
404630.4
404569.5
404508.5
404462.8
404401.8
404340.8
404295.1
404234.1
404173.1
404127.4
404066.4
404005.4
403959.7
403898.7
403853.0
403792.0
403731.1
403685.3
403624.4
403563.4
403517.6
403456.7
403395.7
403350.0
403289.0
403243.3
403182.3
403121.3
403075.6
403014.6
402953.6
402907.9
402846.9
402785.9
402740.2
402679.2
402633.5
402572.5
402511.6
402465.8
402404.9
402343.9
402298.1
402237.2
402191.4
402130.5
402069.5
402023.8
401962.8
401901.8
401856.1
401795.1
401749.4
401688.4
401627.4
401581.7
401520.7
401459.7
401414.0
401353.0
401307.3
401246.3
401185.4
401139.6
401078.6
401032.9
400971.9
400911.0
400865.2
400804.3
400743.3
400697.6
400636.6
400590.8
400529.9
400468.9
400423.2
400362.2
400316.5
400255.5
400194.5
400148.8
400087.8
400042.1
399981.1
399920.1
399874.4
399813.4
399767.7
399706.7
399645.7
399600.0
399539.0
399493.3
399432.3
399371.3
399325.6
399264.6
399218.9
399157.9
399097.0
399051.2
398990.2
398944.5
398883.5
398822.6
398776.8
398715.9
398670.1
398609.2
398548.2
398502.4
398441.5
398395.7
398334.8
398273.8
398228.1
398167.1
398121.4
398060.4
398014.6
397953.7
397892.7
397847.0
397786.0
397740.3
397679.3
397618.3
397572.6
397511.6
397465.9
397404.9
397359.2
397298.2
397237.2
397191.5
397130.5
397084.8
397023.8
396978.1
396917.1
396856.1
396810.4
396749.4
396703.7
396642.7
396597.0
396536.0
396475.0
396429.3
396368.3
396322.6
396261.6
396215.9
396154.9
396093.9
396048.2
395987.2
395941.5
395880.5
395834.8
395773.8
395712.8
395667.1
395606.1
395560.4
395499.4
395453.7
395392.7
395347.0
395286.0
395225.0
395179.3
395118.3
395072.6
395011.6
394965.9
394904.9
394843.9
394798.2
394737.2
394691.5
394630.5
394584.8
394523.8
394478.1
394417.1
394371.4
394310.4
394249.4
394203.7
394142.7
394097.0
394036.0
393990.3
393929.3
393883.6
393822.6
393761.6
393715.9
393654.9
393609.2
393548.2
393502.5
393441.5
393395.8
393334.8
393289.1
393228.1
393182.4
393121.4
393060.4
393014.7
392953.7
392908.0
392847.0
392801.3
392740.3
392694.6
392633.6
392587.9
392526.9
392481.2
392420.2
392374.5
392313.5
392252.5
392206.8
392145.8
392100.1
392039.1
391993.4
391932.4
391886.7
391825.7
391779.9
391719.0
391673.2
391612.3
391566.5
391505.6
391459.8
391398.9
391353.1
391292.1
391231.2
391185.4
391124.5
391078.7
391017.8
390972.0
390911.1
390865.3
390804.3
390758.6
390697.6
390651.9
390590.9
390545.2
390484.2
390438.5
390377.5
390331.8
390270.8
390225.1
390164.1
390118.4
390057.4
390011.7
389950.7
389905.0
389844.0
389798.3
389737.3
389691.6
389630.6
389584.8
389523.9
389478.1
389417.2
389371.4
389310.5
389264.7
389203.8
389158.0
389097.0
389051.3
388990.3
388944.6
388883.6
388837.9
388776.9
388731.2
388670.2
388624.5
388563.5
388517.8
388456.8
388411.1
388350.1
388304.4
388243.4
388197.7
388136.7
388091.0
388030.0
387984.3
387923.3
387877.5
387816.6
387770.8
387709.9
387664.1
387603.2
387557.4
387496.5
387450.7
387389.7
387344.0
387283.0
387237.3
387176.3
387130.6
387069.6
387023.9
386978.2
386917.2
386871.5
386810.5
386764.8
386703.8
386658.0
386597.1
386551.3
386490.4
386444.6
386383.7
386337.9
386277.0
386231.2
386170.2
386124.5
386063.5
386017.8
385956.8
385911.1
385865.4
385804.4
385758.7
385697.7
385652.0
385591.0
385545.3
385484.3
385438.5
385377.6
385331.8
385270.9
385225.1
385179.4
385118.4
385072.7
385011.7
384966.0
384905.0
384859.3
384798.3
384752.6
384691.6
384645.9
384584.9
384539.2
384493.4
384432.5
384386.7
384325.7
384280.0
384219.0
384173.3
384112.3
384066.6
384005.6
383959.9
383914.2
383853.2
383807.5
383746.5
383700.8
383639.8
383594.0
383533.1
383487.3
383441.6
383380.6
383334.9
383273.9
383228.2
383167.2
383121.5
383060.5
383014.8
382969.1
382908.1
382862.3
382801.4
382755.6
382694.7
382648.9
382588.0
382542.2
382496.5
382435.5
382389.8
382328.8
382283.1
382222.1
382176.4
382130.6
382069.7
382023.9
381963.0
381917.2
381856.3
381810.5
381764.8
381703.8
381658.1
381597.1
381551.4
381490.4
381444.7
381398.9
381338.0
381292.2
381231.3
381185.5
381124.6
381078.8
381033.1
380972.1
380926.4
380865.4
380819.7
380758.7
380713.0
380667.2
380606.3
380560.5
380499.6
380453.8
380408.1
380347.1
380301.4
380240.4
380194.7
380133.7
380088.0
380042.3
379981.3
379935.5
379874.6
379828.8
379783.1
379722.1
379676.4
379615.4
379569.7
379524.0
379463.0
379417.3
379356.3
379310.6
379264.8
379203.8
379158.1
379097.1
379051.4
379005.7
378944.7
378899.0
378838.0
378792.3
378746.5
378685.6
378639.8
378578.9
378533.1
378487.4
378426.4
378380.7
378319.7
378274.0
378228.2
378167.3
378121.5
378060.6
378014.8
377969.1
377908.1
377862.4
377801.4
377755.7
377710.0
377649.0
377603.3
377542.3
377496.5
377450.8
377389.8
377344.1
377283.1
377237.4
377191.7
377130.7
377085.0
377039.2
376978.3
376932.5
376871.5
376825.8
376780.1
376719.1
376673.4
376627.6
376566.7
376520.9
376460.0
376414.2
376368.5
376307.5
376261.8
376200.8
376155.1
376109.4
376048.4
376002.7
375956.9
375895.9
375850.2
375804.5
375743.5
375697.8
375636.8
375591.1
375545.3
375484.4
375438.6
375392.9
375331.9
375286.2
375225.2
375179.5
375133.8
375072.8
375027.1
374981.3
374920.3
374874.6
374828.9
374767.9
374722.2
374661.2
374615.5
374569.7
374508.8
374463.0
374417.3
374356.3
374310.6
374264.9
374203.9
374158.2
374112.4
374051.5
374005.7
373944.7
373899.0
373853.3
373792.3
373746.6
373700.8
373639.9
373594.1
373548.4
373487.4
373441.7
373396.0
373335.0
373289.3
373243.5
373182.6
373136.8
373075.9
373030.1
372984.4
372923.4
372877.7
372832.0
372771.0
372725.2
372679.5
372618.5
372572.8
372527.1
372466.1
372420.4
372374.6
372313.7
372267.9
372222.2
372161.2
372115.5
372069.8
372008.8
371963.1
371917.3
371856.4
371810.6
371764.9
371703.9
371658.2
371612.5
371551.5
371505.7
371460.0
371399.0
371353.3
371307.6
371246.6
371200.9
371155.1
371094.2
371048.4
371002.7
370941.7
370896.0
370850.3
370789.3
370743.6
370697.8
370636.9
370591.1
370545.4
370484.4
370438.7
370393.0
370347.2
370286.2
370240.5
370194.8
370133.8
370088.1
370042.3
369981.4
369935.6
369889.9
369828.9
369783.2
369737.5
369676.5
369630.8
369585.0
369524.1
369478.3
369432.6
369386.9
369325.9
369280.2
369234.4
369173.4
369127.7
369082.0
369021.0
368975.3
368929.5
368868.6
368822.8
368777.1
368731.4
368670.4
368624.7
368578.9
368518.0
368472.2
368426.5
368365.5
368319.8
368274.1
368228.3
368167.4
368121.6
368075.9
368014.9
367969.2
367923.5
367862.5
367816.8
367771.0
367725.3
367664.3
367618.6
367572.9
367511.9
367466.1
367420.4
367374.7
367313.7
367268.0
367222.2
367161.3
367115.5
367069.8
367024.1
366963.1
366917.4
366871.6
366810.7
366764.9
366719.2
366673.5
366612.5
366566.8
366521.0
366460.1
366414.3
366368.6
366322.9
366261.9
366216.2
366170.4
366109.5
366063.7
366018.0
365972.3
365911.3
365865.6
365819.8
365758.8
365713.1
365667.4
365621.7
365560.7
365514.9
365469.2
365423.5
365362.5
365316.8
365271.0
365210.1
365164.3
365118.6
365072.9
365011.9
364966.2
364920.4
364874.7
364813.7
364768.0
364722.3
364676.5
364615.6
364569.8
364524.1
364463.1
364417.4
364371.7
364325.9
364265.0
364219.2
364173.5
364127.8
364066.8
364021.1
363975.3
363929.6
363868.6
363822.9
363777.2
363731.4
363670.5
363624.7
363579.0
363533.3
363472.3
363426.6
363380.8
363335.1
363274.1
363228.4
363182.7
363136.9
363075.9
363030.2
362984.5
362938.8
362877.8
362832.0
362786.3
362740.6
362679.6
362633.9
362588.1
362542.4
362481.4
362435.7
362390.0
362344.2
362283.3
362237.5
362191.8
362146.1
362085.1
362039.4
361993.6
361947.9
361886.9
361841.2
361795.5
361749.7
361704.0
361643.0
361597.3
361551.6
361505.8
361444.9
361399.1
361353.4
361307.7
361246.7
361201.0
361155.2
361109.5
361048.5
361002.8
360957.1
360911.3
360865.6
360804.6
360758.9
360713.2
360667.4
360606.5
360560.7
360515.0
360469.3
360423.5
360362.6
360316.8
360271.1
360225.4
360164.4
360118.7
360072.9
360027.2
359981.5
359920.5
359874.8
359829.0
359783.3
359722.3
359676.6
359630.9
359585.1
359539.4
359478.4
359432.7
359387.0
359341.2
359295.5
359234.5
359188.8
359143.1
359097.3
359036.3
358990.6
358944.9
358899.2
358853.4
358792.4
358746.7
358701.0
358655.3
358609.5
358548.5
358502.8
358457.1
358411.4
358365.6
358304.6
358258.9
358213.2
358167.5
358121.7
358060.7
358015.0
357969.3
357923.6
357877.8
357816.8
357771.1
357725.4
357679.7
357633.9
357572.9
357527.2
357481.5
357435.8
357390.0
357329.0
357283.3
357237.6
357191.9
357146.1
357085.1
357039.4
356993.7
356948.0
356902.2
356841.2
356795.5
356749.8
356704.1
356658.3
356597.3
356551.6
356505.9
356460.2
356414.4
356368.7
356307.7
356262.0
356216.3
356170.5
356124.8
356063.8
356018.1
355972.4
355926.6
355880.9
355835.2
355774.2
355728.5
355682.7
355637.0
355591.3
355530.3
355484.6
355438.8
355393.1
355347.4
355301.6
355240.7
355194.9
355149.2
355103.5
355057.7
355012.0
354951.0
354905.3
354859.6
354813.8
354768.1
354722.4
354661.4
354615.7
354569.9
354524.2
354478.5
354432.7
354371.8
354326.0
354280.3
354234.6
354188.8
354143.1
354082.1
354036.4
353990.7
353944.9
353899.2
353853.5
353792.5
353746.8
353701.0
353655.3
353609.6
353563.8
353502.9
353457.1
353411.4
353365.7
353319.9
353274.2
353228.5
353167.5
353121.8
353076.0
353030.3
352984.6
352938.8
352877.9
352832.1
352786.4
352740.7
352694.9
352649.2
352603.5
352542.5
352496.8
352451.0
352405.3
352359.6
352313.8
352268.1
352207.1
352161.4
352115.7
352069.9
352024.2
351978.5
351932.8
351871.8
351826.0
351780.3
351734.6
351688.9
351643.1
351597.4
351536.4
351490.7
351445.0
351399.2
351353.5
351307.8
351262.0
351201.1
351155.3
351109.6
351063.9
351018.1
350972.4
350926.7
350865.7
350820.0
350774.2
350728.5
350682.8
350637.0
350591.3
350545.6
350484.6
350438.9
350393.1
350347.4
350301.7
350255.9
350210.2
350164.5
350103.5
350057.8
350012.0
349966.3
349920.6
349874.8
349829.1
349783.4
349722.4
349676.7
349630.9
349585.2
349539.5
349493.8
349448.0
349402.3
349341.3
349295.6
349249.9
349204.1
349158.4
349112.7
349066.9
349021.2
348975.5
348914.5
348868.8
348823.0
348777.3
348731.6
348685.8
348640.1
348594.4
348548.6
348487.7
348441.9
348396.2
348350.5
348304.7
348259.0
348213.3
348167.5
348121.8
348060.8
348015.1
347969.4
347923.6
347877.9
347832.2
347786.4
347740.7
347695.0
347649.3
347588.3
347542.5
347496.8
347451.1
347405.4
347359.6
347313.9
347268.2
347222.4
347176.7
347115.7
347070.0
347024.3
346978.5
346932.8
346887.1
346841.3
346795.6
346749.9
346704.1
346658.4
346597.4
346551.7
346506.0
346460.2
346414.5
346368.8
346323.0
346277.3
346231.6
346185.9
346140.1
346079.1
346033.4
345987.7
345942.0
345896.2
345850.5
345804.8
345759.0
345713.3
345667.6
345621.8
345576.1
345515.1
345469.4
345423.7
345377.9
345332.2
345286.5
345240.7
345195.0
345149.3
345103.5
345057.8
345012.1
344966.4
344905.4
344859.6
344813.9
344768.2
344722.5
344676.7
344631.0
344585.3
344539.5
344493.8
344448.1
344402.3
344356.6
344310.9
344249.9
344204.2
344158.4
344112.7
344067.0
344021.2
343975.5
343929.8
343884.0
343838.3
343792.6
343746.9
343701.1
343655.4
343609.7
343548.7
343503.0
343457.2
343411.5
343365.8
343320.0
343274.3
343228.6
343182.8
343137.1
343091.4
343045.6
342999.9
342954.2
342908.4
342862.7
342817.0
342756.0
342710.3
342664.5
342618.8
342573.1
342527.4
342481.6
342435.9
342390.2
342344.4
342298.7
342253.0
342207.2
342161.5
342115.8
342070.0
342024.3
341978.6
341932.8
341887.1
341826.1
341780.4
341734.7
341688.9
341643.2
341597.5
341551.8
341506.0
341460.3
341414.6
341368.8
341323.1
341277.4
341231.6
341185.9
341140.2
341094.4
341048.7
341003.0
340957.2
340911.5
340865.8
340820.1
340774.3
340728.6
340667.6
340621.9
340576.2
340530.4
340484.7
340439.0
340393.2
340347.5
340301.8
340256.0
340210.3
340164.6
340118.8
340073.1
340027.4
339981.6
339935.9
339890.2
339844.4
339798.7
339753.0
339707.3
339661.5
339615.8
339570.1
339524.3
339478.6
339432.9
339387.1
339341.4
339295.7
339249.9
339204.2
339158.5
339112.7
339067.0
339021.3
338975.6
338929.8
338868.8
338823.1
338777.4
338731.7
338685.9
338640.2
338594.5
338548.7
338503.0
338457.3
338411.5
338365.8
338320.1
338274.3
338228.6
338182.9
338137.1
338091.4
338045.7
338000.0
337954.2
337908.5
337862.8
337817.0
337771.3
337725.6
337679.8
337634.1
337588.4
337542.6
337496.9
337451.2
337405.4
337359.7
337314.0
337268.3
337222.5
337176.8
337131.1
337085.3
337039.6
336993.9
336948.1
336902.4
336856.7
336810.9
336765.2
336719.5
336673.7
336628.0
336582.3
336536.6
336490.8
336445.1
336399.4
336353.6
336307.9
336262.2
336216.4
336170.7
336125.0
336079.2
336033.5
335987.8
335942.0
335896.3
335850.6
335804.9
335759.1
335713.4
335667.7
335621.9
335576.2
335530.5
335484.7
335439.0
335393.3
335347.5
335317.1
335271.3
335225.6
335179.9
335134.1
335088.4
335042.7
334996.9
334951.2
334905.5
334859.7
334814.0
334768.3
334722.5
334676.8
334631.1
334585.4
334539.6
334493.9
334448.2
334402.4
334356.7
334311.0
334265.2
334219.5
334173.8
334128.0
334082.3
334036.6
333990.8
333945.1
333899.4
333853.7
333807.9
333762.2
333716.5
333670.7
333625.0
333579.3
333548.8
333503.0
333457.3
333411.6
333365.9
333320.1
333274.4
333228.7
333182.9
333137.2
333091.5
333045.7
333000.0
332954.3
332908.5
332862.8
332817.1
332771.3
332725.6
332679.9
332634.1
332588.4
332542.7
332497.0
332451.2
332420.7
332375.0
332329.3
332283.5
332237.8
332192.1
332146.3
332100.6
332054.9
332009.2
331963.4
331917.7
331872.0
331826.2
331780.5
331734.8
331689.0
331643.3
331597.6
331551.8
331521.4
331475.6
331429.9
331384.2
331338.4
331292.7
331247.0
331201.2
331155.5
331109.8
331064.0
331018.3
330972.6
330926.8
330881.1
330835.4
330789.7
330743.9
330713.4
330667.7
330622.0
330576.2
330530.5
330484.8
330439.0
330393.3
330347.6
330301.9
330256.1
330210.4
330164.7
330118.9
330073.2
330042.7
329997.0
329951.2
329905.5
329859.8
329814.1
329768.3
329722.6
329676.9
329631.1
329585.4
329539.7
329493.9
329448.2
329417.7
329372.0
329326.3
329280.5
329234.8
329189.1
329143.3
329097.6
329051.9
329006.1
328960.4
328914.7
328868.9
328838.5
328792.7
328747.0
328701.3
328655.5
328609.8
328564.1
328518.3
328472.6
328426.9
328381.1
328335.4
328289.7
328259.2
328213.5
328167.7
328122.0
328076.3
328030.5
327984.8
327939.1
327893.3
327847.6
327801.9
327771.4
327725.7
327679.9
327634.2
327588.5
327542.7
327497.0
327451.3
327405.5
327359.8
327314.1
327283.6
327237.9
327192.1
327146.4
327100.7
327054.9
327009.2
326963.5
326917.7
326872.0
326841.5
326795.8
326750.1
326704.3
326658.6
326612.9
326567.1
326521.4
326475.7
326429.9
326399.5
326353.7
326308.0
326262.3
326216.5
326170.8
326125.1
326079.3
326033.6
325987.9
325957.4
325911.7
325865.9
325820.2
325774.5
325728.7
325683.0
325637.3
325591.5
325561.0
325515.3
325469.6
325423.8
325378.1
325332.4
325286.7
325240.9
325195.2
325164.7
325119.0
325073.2
325027.5
324981.8
324936.0
324890.3
324844.6
324814.1
324768.4
324722.6
324676.9
324631.2
324585.4
324539.7
324494.0
324448.2
324417.8
324372.0
324326.3
324280.6
324234.8
324189.1
324143.4
324097.6
324067.2
324021.4
323975.7
323930.0
323884.2
323838.5
323792.8
323747.0
323716.5
323670.8
323625.1
323579.4
323533.6
323487.9
323442.2
323411.7
323365.9
323320.2
323274.5
323228.7
323183.0
323137.3
323091.6
323061.1
323015.3
322969.6
322923.9
322878.1
322832.4
322786.7
322756.2
322710.5
322664.7
322619.0
322573.3
322527.5
322481.8
322451.3
322405.6
322359.9
322314.1
322268.4
322222.7
322176.9
322146.4
322100.7
322055.0
322009.2
321963.5
321917.8
321872.1
321841.6
321795.8
321750.1
321704.4
321658.6
321612.9
321567.2
321536.7
321491.0
321445.2
321399.5
321353.8
321308.0
321262.3
321231.8
321186.1
321140.4
321094.6
321048.9
321003.2
320972.7
320926.9
320881.2
320835.5
320789.7
320744.0
320698.3
320667.8
320622.1
320576.3
320530.6
320484.9
320439.1
320408.7
320362.9
320317.2
320271.5
320225.7
320180.0
320149.5
320103.8
320058.0
320012.3
319966.6
319920.9
319890.4
319844.6
319798.9
319753.2
319707.4
319661.7
319631.2
319585.5
319539.8
319494.0
319448.3
319402.6
319372.1
319326.3
319280.6
319234.9
319189.2
319143.4
319112.9
319067.2
319021.5
318975.7
318930.0
318884.3
318853.8
318808.1
318762.3
318716.6
318670.9
318640.4
318594.6
318548.9
318503.2
318457.5
318411.7
318381.2
318335.5
318289.8
318244.0
318198.3
318167.8
318122.1
318076.4
318030.6
317984.9
317939.2
317908.7
317862.9
317817.2
317771.5
317725.7
317695.3
317649.5
317603.8
317558.1
317512.3
317466.6
317436.1
317390.4
317344.7
317298.9
317253.2
317222.7
317177.0
317131.2
317085.5
317039.8
317009.3
316963.6
316917.8
316872.1
316826.4
316795.9
316750.1
316704.4
316658.7
316613.0
316582.5
316536.7
316491.0
316445.3
316399.5
316369.1
316323.3
316277.6
316231.9
316186.1
316155.6
316109.9
316064.2
316018.4
315972.7
315942.2
315896.5
315850.8
315805.0
315759.3
315728.8
315683.1
315637.4
315591.6
315545.9
315515.4
315469.7
315423.9
315378.2
315332.5
315302.0
315256.3
315210.5
315164.8
315119.1
315088.6
315042.8
314997.1
314951.4
314920.9
314875.2
314829.4
314783.7
314738.0
314707.5
314661.8
314616.0
314570.3
314524.6
314494.1
314448.3
314402.6
314356.9
314326.4
314280.7
314234.9
314189.2
314143.5
314113.0
314067.2
314021.5
313975.8
313945.3
313899.6
313853.8
313808.1
313762.4
313731.9
313686.2
313640.4
313594.7
313564.2
313518.5
313472.7
313427.0
313396.5
313350.8
313305.1
313259.3
313213.6
313183.1
313137.4
313091.6
313045.9
313015.4
312969.7
312924.0
312878.2
312847.7
312802.0
312756.3
312710.6
312664.8
312634.3
312588.6
312542.9
312497.1
312466.7
312420.9
312375.2
312329.5
312299.0
312253.2
312207.5
312161.8
312131.3
312085.6
312039.8
311994.1
311948.4
311917.9
311872.1
311826.4
311780.7
311750.2
311704.5
311658.7
311613.0
311582.5
311536.8
311491.1
311445.3
311414.8
311369.1
311323.4
311277.6
311247.2
311201.4
311155.7
311110.0
311079.5
311033.7
310988.0
310942.3
310911.8
310866.1
310820.3
310774.6
310744.1
310698.4
310652.6
310606.9
310576.4
310530.7
310485.0
310439.2
310408.7
310363.0
310317.3
310271.5
310241.1
310195.3
310149.6
310119.1
310073.4
310027.6
309981.9
309951.4
309905.7
309860.0
309814.2
309783.7
309738.0
309692.3
309646.6
309616.1
309570.3
309524.6
309478.9
309448.4
309402.7
309356.9
309326.4
309280.7
309235.0
309189.2
309158.8
309113.0
309067.3
309021.6
308991.1
308945.3
308899.6
308853.9
308823.4
308777.7
308731.9
308701.4
308655.7
308610.0
308564.2
308533.8
308488.0
308442.3
308411.8
308366.1
308320.3
308274.6
308244.1
308198.4
308152.7
308106.9
308076.4
308030.7
307985.0
307954.5
307908.8
307863.0
307817.3
307786.8
307741.1
307695.4
307664.9
307619.1
307573.4
307527.7
307497.2
307451.5
307405.7
307375.2
307329.5
307283.8
307238.0
307207.6
307161.8
307116.1
307085.6
307039.9
306994.1
306948.4
306917.9
306872.2
306826.5
306796.0
306750.2
306704.5
306658.8
306628.3
306582.6
306536.8
306506.3
306460.6
306414.9
306384.4
306338.7
306292.9
306247.2
306216.7
306171.0
306125.2
306094.8
306049.0
306003.3
305957.6
305927.1
305881.3
305835.6
305805.1
305759.4
305713.7
305683.2
305637.4
305591.7
305546.0
305515.5
305469.8
305424.0
305393.5
305347.8
305302.1
305271.6
305225.9
305180.1
305149.6
305103.9
305058.2
305012.5
304982.0
304936.2
304890.5
304860.0
304814.3
304768.6
304738.1
304692.3
304646.6
304616.1
304570.4
304524.7
304494.2
304448.4
304402.7
304357.0
304326.5
304280.8
304235.0
304204.5
304158.8
304113.1
304082.6
304036.9
303991.1
303960.6
303914.9
303869.2
303838.7
303793.0
303747.2
303716.7
303671.0
303625.3
303594.8
303549.1
303503.3
303457.6
303427.1
303381.4
303335.6
303305.1
303259.4
303213.7
303183.2
303137.5
303091.7
303061.2
303015.5
302969.8
302939.3
302893.6
302847.8
302817.3
302771.6
302725.9
302695.4
302649.7
302603.9
302573.4
302527.7
302482.0
302451.5
302405.8
302360.0
302329.5
302283.8
302238.1
302207.6
302161.9
302116.1
302085.6
302039.9
301994.2
301963.7
301918.0
301872.2
301841.7
301796.0
301750.3
301719.8
301674.1
301628.3
301597.8
301552.1
301506.4
301475.9
301430.2
301384.4
301353.9
301308.2
301277.7
301232.0
301186.3
301155.8
301110.0
301064.3
301033.8
300988.1
300942.4
300911.9
300866.1
300820.4
300789.9
300744.2
300698.5
300668.0
300622.2
300576.5
300546.0
300500.3
300454.6
300424.1
300378.3
300347.9
300302.1
300256.4
300225.9
300180.2
300134.4
300104.0
300058.2
300012.5
299982.0
299936.3
299890.5
299860.1
299814.3
299783.8
299738.1
299692.4
299661.9
299616.2
299570.4
299539.9
299494.2
299448.5
299418.0
299372.3
299326.5
299296.0
299250.3
299219.8
299174.1
299128.4
299097.9
299052.1
299006.4
298975.9
298930.2
298899.7
298854.0
298808.2
298777.8
298732.0
298686.3
298655.8
298610.1
298564.3
298533.9
298488.1
298457.6
298411.9
298366.2
298335.7
298290.0
298244.2
298213.7
298168.0
298137.5
298091.8
298046.1
298015.6
297969.8
297924.1
297893.6
297847.9
297817.4
297771.7
297725.9
297695.4
297649.7
297604.0
297573.5
297527.8
297497.3
297451.5
297405.8
297375.3
297329.6
297299.1
297253.4
297207.6
297177.2
297131.4
297085.7
297055.2
297009.5
296979.0
296933.3
296887.5
296857.0
296811.3
296780.8
296735.1
296689.4
296658.9
296613.1
296567.4
296536.9
296491.2
296460.7
296415.0
296369.2
296338.8
296293.0
296262.5
296216.8
296171.1
296140.6
296094.9
296064.4
296018.6
295972.9
295942.4
295896.7
295866.2
295820.5
295774.7
295744.2
295698.5
295668.0
295622.3
295576.6
295546.1
