IEC 61083-2 TDG Version 2.1.0
Data File Version  2.1.0
01 LI-A1
16 bits, 10000 samples at 10ns
1.000000e-008
-50003
-50003
-50003
-50003
-50003
-50003
-50003
-50003
-50003
-50003
-50003
-50003
-50003
-50003
-50003
-50003
-50003
-50003
-50003
-50003
-50003
-50003
-50003
-50003
-50003
-50003
-50003
-50003
-50003
-50003
-50003
-50003
-50003
-50003
-50003
-50003
-50003
-50003
-50003
-50003
-50003
-50003
-50003
-50003
-50003
-50003
-50003
-50003
-50003
-50003
-50003
-50003
-50003
-50003
-50003
-50003
-50003
-50003
-50003
-50003
-50003
-50003
-50003
-50003
-50003
-50003
-50003
-50003
-50003
-50003
-50003
-50003
-50003
-50003
-50003
-50003
-50003
-50003
-50003
-50003
-50003
-50003
-50003
-50003
-50003
-50003
-50003
-50003
-50003
-50003
-50003
-50003
-50003
-50003
-50003
-50003
-50003
-50003
-50003
-50003
-50003
-50003
-50003
-50003
-50003
-50003
-50003
-50003
-50003
-50003
-50003
-50003
-50003
-50003
-50003
-50003
-50003
-50003
-50003
-50003
-50003
-50003
-50003
-50003
-50003
-50003
-50003
-50003
-50003
-50003
-50003
-50003
-50003
-50003
-50003
-50003
-50003
-50003
-50003
-50003
-50003
-50003
-50003
-50003
-50003
-50003
-50003
-50003
-50003
-50003
-50003
-50003
-50003
-50003
-50003
-50003
-50003
-50003
-50003
-50003
-50003
-50003
-50003
-50003
-50003
-50003
-50003
-50003
-50003
-50003
-50003
-50003
-50003
-50003
-50003
-50003
-50003
-50003
-50003
-50003
-50003
-50003
-50003
-50003
-50003
-50003
-50003
-50003
-50003
-50003
-50003
-50003
-50003
-50003
-50003
-50003
-50003
-50003
-50003
-50003
-50003
-50003
-50003
-50003
-50003
-50003
-50003
-50003
-50003
-50003
-50003
-50003
-50003
-50003
-50003
-50003
-50003
-50003
-50003
-50003
-50003
-50003
-50003
-50003
-50003
-50003
-50003
-50003
-50003
-50003
-50003
-50003
-50003
-50003
-50003
-50003
-50003
-50003
-50003
-50003
-50003
-50003
-50003
-50003
-50003
-50003
-50003
-50003
-50003
-50003
-50003
-50003
-50003
-50003
-50003
-50003
-50003
-50003
-50003
-50003
-50003
-50003
-50003
-50003
-50003
-50003
-50003
-50003
-50003
-50003
-50003
-50003
-50003
-50003
-50003
-50003
-50003
-50003
-50003
-50003
-50003
-50003
-50003
-50003
-50003
-50003
-50003
-50003
-50003
-50003
-50003
-50003
-50003
-50003
-50003
-50003
-50003
-50003
-50003
-50003
-50003
-50003
-50003
-50003
-50003
-50003
-50003
-50003
-50003
-50003
-50003
-50003
-50003
-50003
-50003
-50003
-50003
-50003
-50003
-50003
-50003
-50003
-50003
-50003
-50003
-50003
-50003
-50003
-50003
-50003
-50003
-50003
-50003
-50003
-50003
-50003
-50003
-50003
-50003
-50003
-50003
-50003
-50003
-50003
-50003
-50003
-50003
-50003
-50003
-50003
-50003
-50003
-50003
-50003
-50003
-50003
-50003
-50003
-50003
-50003
-50003
-50003
-50003
-50003
-50003
-50003
-50003
-50003
-50003
-50003
-50003
-50003
-50003
-50003
-50003
-50003
-50003
-50003
-50003
-50003
-50003
-50003
-50003
-50003
-50003
-50003
-50003
-50003
-50003
-50003
-50003
-50003
-50003
-50003
-50003
-50003
-50003
-50003
-50003
-50003
-50003
-50003
-50003
-50003
-50003
-50003
-50003
-50003
-50003
-50003
-50003
-50003
-50003
-50003
-50003
-50003
-50003
-50003
-50003
-50003
-50003
-50003
-50003
-50003
-50003
-50003
-50003
-50003
-50003
-50003
-50003
-50003
-50003
-50003
-50003
-50003
-50003
-50003
-50003
-50003
-50003
-50003
-50003
-50003
-50003
-50003
-50003
-50003
-50003
-50003
-50003
-50003
-50003
-50003
-50003
-50003
-50003
-50003
-50003
-50003
-50003
-50003
-50003
-50003
-50003
-50003
-50003
-50003
-50003
-50003
-50003
-50003
-50003
-50003
-50003
-50003
-50003
-50003
-50003
-50003
-50003
-50003
-50003
-50003
-50003
-50003
-50003
-50003
-50003
-50003
-50003
-50003
-50003
-50003
-50003
-50003
-50003
-50003
-50003
-50003
-50003
-50003
-50003
-50003
-50003
-50003
-50003
-50003
-50003
-50003
-50003
-50003
-50003
-50003
-50003
-50003
-50003
-50003
-50003
-50003
-50003
-50003
-50003
-50003
-50003
-50003
-50003
-50003
-50003
-50003
-50003
-50003
-50003
-50003
-50003
-50003
-50003
-50003
-50003
-50003
-50003
-50003
-50003
-50003
-50003
-50003
-50003
-50003
-50003
-50003
-50003
-50003
-50003
-50003
-50003
-50003
-50003
-50003
-50003
-50003
-50003
-50003
-50003
-50003
-50003
-50003
-50003
-50003
-50003
-50003
-50003
-50003
-50003
-50003
-50003
-50003
-50003
-50003
-50003
-50003
-50003
-50003
-50003
-50003
-50003
-50003
-50003
-50003
-50003
-50003
-50003
-50003
-50003
-50003
-50003
-50003
-50003
-50003
-50003
-50003
-50003
-50003
-50003
-50003
-50003
-50003
-50003
-50003
-50003
-50003
-50003
-50003
-50003
-50003
-50003
-50003
-50003
-50003
-50003
-50003
-50003
-50003
-50003
-50003
-50003
-50003
-50003
-50003
-50003
-50003
-50003
-50003
-50003
-50003
-50003
-50003
-50003
-50003
-50003
-50003
-50003
-50003
-50003
-50003
-50003
-50003
-50003
-50003
-50003
-50003
-50003
-50003
-50003
-50003
-50003
-50003
-50003
-50003
-50003
-50003
-50003
-50003
-50003
-50003
-50003
-50003
-50003
-50003
-50003
-50003
-50003
-50003
-50003
-50003
-50003
-50003
-50003
-50003
-50003
-50003
-50003
-50003
-50003
-50003
-50003
-50003
-50003
-50003
-50003
-50003
-50003
-50003
-50003
-50003
-50003
-50003
-50003
-50003
-50003
-50003
-50003
-50003
-50003
-50003
-50003
-50003
-50003
-50003
-50003
-50003
-50003
-50003
-50003
-50003
-50003
-50003
-50003
-50003
-50003
-50003
-50003
-50003
-50003
-50003
-50003
-50003
-50003
-50003
-50003
-50003
-50003
-50003
-50003
-50003
-50003
-50003
-50003
-50003
-50003
-50003
-50003
-50003
-50003
-50003
-50003
-50003
-50003
-50003
-50003
-50003
-50003
-50003
-50003
-50003
-50003
-50003
-50003
-50003
-50003
-50003
-50003
-50003
-50003
-50003
-50003
-50003
-50003
-50003
-50003
-50003
-50003
-50003
-50003
-50003
-50003
-50003
-50003
-50003
-50003
-50003
-50003
-50003
-50003
-50003
-50003
-50003
-50003
-50003
-50003
-50003
-50003
-50003
-50003
-50003
-50003
-50003
-50003
-50003
-50003
-50003
-50003
-50003
-50003
-50003
-50003
-50003
-50003
-50003
-50003
-50003
-50003
-50003
-50003
-50003
-50003
-50003
-50003
-50003
-50003
-50003
-50003
-50003
-50003
-50003
-50003
-50003
-50003
-50003
-50003
-50003
-50003
-50003
-50003
-50003
-50003
-50003
-50003
-50003
-50003
-50003
-50003
-50003
-50003
-50003
-50003
-50003
-50003
-50003
-50003
-50003
-50003
-50003
-50003
-50003
-50003
-50003
-50003
-50003
-50003
-50003
-50003
-50003
-50003
-50003
-50003
-50003
-50003
-50003
-50003
-50003
-50003
-50003
-50003
-50003
-50003
-50003
-50003
-50003
-50003
-50003
-50003
-50003
-50003
-50003
-50003
-50003
-50003
-50003
-50003
-50003
-50003
-50003
-50003
-50003
-50003
-50003
-50003
-50003
-50003
-50003
-50003
-50003
-50003
-50003
-50003
-50003
-50003
-50003
-50003
-50003
-50003
-50003
-50003
-50003
-50003
-50003
-50003
-50003
-50003
-50003
-50003
-50003
-50003
-50003
-50003
-50003
-50003
-50003
-50003
-50003
-50003
-50003
-50003
-50003
-50003
-50003
-50003
-50003
-50003
-50003
-50003
-50003
-50003
-50003
-50003
-50003
-50003
-50003
-50003
-50003
-50003
-50003
-50003
-50003
-50003
-50003
-50003
-50003
-50003
-50003
-50003
-50003
-50003
-50003
-50003
-50003
-50003
-50003
-50003
-50003
-50003
-50003
-50003
-50003
-50003
-50003
-50003
-50003
-50003
-50003
-50003
-50003
-50003
-50003
-50003
-50003
-50003
-50003
-50003
-50003
-50003
-50003
-50003
-50003
-50003
-50003
-50003
-50003
-50003
-50003
-50003
-11739
25149
60711
94979
128036
159898
190630
220249
248803
276326
302866
328441
353115
376888
399811
421914
443215
463747
483542
502633
521036
538768
555861
572332
588214
603539
618291
632519
646240
659453
672191
684470
696308
707720
718723
729316
739533
749373
758869
768005
776814
785311
793498
801389
808986
816305
823362
830157
836722
843026
849117
854978
860627
866063
871302
876345
881207
885907
890409
894764
898939
902983
906864
910597
914199
917670
921010
924236
927330
930310
933175
935942
938595
941165
943621
945995
948271
950481
952593
954624
956572
958455
960272
962008
963678
965282
966838
968311
969752
971128
972437
973715
974926
976105
977218
978299
979330
980329
981279
982196
983080
983915
984734
985503
986240
986960
987632
988286
988909
989514
990087
990628
991152
991659
992134
992593
993018
993428
993837
994213
994574
994901
995229
995540
995834
996113
996375
996620
996866
997079
997292
997488
997685
997865
998028
998176
998323
998454
998585
998700
998814
998912
998994
999093
999158
999224
999289
999355
999404
999436
999486
999502
999535
999551
999567
999584
999584
999584
999584
999567
999567
999551
999518
999502
999469
999436
999404
999371
999322
999289
999240
999191
999125
999076
999027
998962
998896
998831
998765
998700
998634
998552
998487
998405
998323
998241
998159
998077
997996
997914
997832
997734
997652
997554
997472
997373
997275
997177
997079
996980
996882
996784
996686
996588
996489
996375
996276
996178
996064
995965
995851
995753
995638
995540
995425
995310
995212
995098
994983
994868
994754
994639
994541
994426
994312
994197
994082
993968
993853
993739
993624
993509
993395
993264
993149
993035
992920
992805
992691
992560
992445
992331
992216
992085
991970
991856
991741
991610
991496
991381
991250
991135
991021
990890
990775
990661
990530
990415
990300
990169
990055
989924
989809
989695
989564
989449
989318
989203
989072
988958
988843
988712
988598
988467
988352
988221
988106
987975
987861
987730
987615
987501
987370
987255
987124
987009
986878
986764
986633
986518
986387
986273
986142
986027
985896
985781
985650
985536
985405
985290
985159
985045
984914
984799
984668
984553
984422
984308
984177
984062
983931
983817
983686
983571
983440
983325
983194
983080
982949
982834
982703
982589
982458
982343
982212
982097
981967
981852
981721
981606
981475
981361
981230
981115
980984
980870
980739
980624
980493
980378
980247
980133
980002
979887
979756
979642
979511
979396
979265
979150
979036
978905
978790
978659
978545
978414
978299
978168
978053
977922
977808
977677
977562
977431
977317
977186
977071
976940
976825
976694
976580
976449
976334
976220
976089
975974
975843
975728
975597
975483
975352
975237
975106
974992
974861
974746
974631
974500
974386
974255
974140
974009
973895
973764
973649
973518
973403
973289
973158
973043
972912
972798
972667
972552
972421
972306
972192
972061
971946
971815
971701
971570
971455
971324
971209
971095
970964
970849
970718
970604
970473
970358
970243
970113
969998
969867
969752
969621
969507
969392
969261
969147
969016
968901
968786
968655
968541
968410
968295
968164
968050
967935
967804
967689
967558
967444
967329
967198
967084
966953
966838
966723
966592
966478
966347
966232
966118
965987
965872
965741
965626
965512
965381
965266
965135
965021
964906
964775
964660
964529
964415
964300
964169
964055
963940
963809
963694
963563
963449
963334
963203
963089
962958
962843
962728
962597
962483
962368
962237
962123
962008
961877
961762
961631
961517
961402
961271
961157
961042
960911
960796
960682
960551
960436
960305
960191
960076
959945
959830
959716
959585
959470
959355
959225
959110
958995
958864
958750
958635
958504
958389
958275
958144
958029
957915
957784
957669
957554
957423
957309
957194
957063
956949
956834
956703
956588
956474
956343
956228
956114
955983
955868
955753
955622
955508
955393
955262
955148
955033
954902
954787
954673
954542
954427
954313
954182
954067
953952
953838
953707
953592
953478
953347
953232
953117
952986
952872
952757
952626
952512
952397
952282
952151
952037
951922
951791
951677
951562
951447
951316
951202
951087
950956
950842
950727
950612
950481
950367
950252
950121
950007
949892
949777
949646
949532
949417
949286
949172
949057
948942
948811
948697
948582
948467
948337
948222
948107
947976
947862
947747
947632
947501
947387
947272
947158
947027
946912
946797
946683
946552
946437
946323
946208
946077
945962
945848
945733
945602
945488
945373
945258
945127
945013
944898
944784
944653
944538
944423
944309
944178
944063
943949
943834
943703
943588
943474
943359
943245
943114
942999
942884
942770
942639
942524
942410
942295
942164
942049
941935
941820
941705
941574
941460
941345
941231
941100
940985
940870
940756
940641
940510
940396
940281
940166
940052
939921
939806
939692
939577
939462
939331
939217
939102
938988
938873
938742
938627
938513
938398
938284
938153
938038
937923
937809
937694
937563
937449
937334
937219
937105
936974
936859
936744
936630
936515
936401
936270
936155
936040
935926
935811
935680
935566
935451
935336
935222
935107
934976
934862
934747
934632
934518
934403
934272
934158
934043
933928
933814
933699
933568
933454
933339
933224
933110
932995
932864
932749
932635
932520
932406
932291
932176
932045
931931
931816
931702
931587
931472
931358
931227
931112
930998
930883
930768
930654
930539
930408
930294
930179
930064
929950
929835
929720
929590
929475
929360
929246
929131
929016
928902
928787
928656
928542
928427
928312
928198
928083
927969
927854
927723
927608
927494
927379
927265
927150
927035
926921
926806
926675
926561
926446
926331
926217
926102
925987
925873
925758
925627
925513
925398
925283
925169
925054
924940
924825
924710
924596
924465
924350
924236
924121
924006
923892
923777
923663
923548
923433
923319
923188
923073
922958
922844
922729
922615
922500
922385
922271
922156
922042
921927
921796
921681
921567
921452
921338
921223
921108
920994
920879
920764
920650
920535
920421
920306
920191
920060
919946
919831
919717
919602
919487
919373
919258
919144
919029
918914
918800
918685
918571
918456
918341
918227
918112
917981
917866
917752
917637
917523
917408
917293
917179
917064
916950
916835
916720
916606
916491
916377
916262
916147
916033
915918
915803
915689
915574
915460
915345
915230
915116
915001
914870
914756
914641
914526
914412
914297
914183
914068
913953
913839
913724
913610
913495
913380
913266
913151
913036
912922
912807
912693
912578
912463
912349
912234
912120
912005
911890
911776
911661
911547
911432
911317
911203
911088
910973
910859
910744
910630
910515
910400
910286
910171
910057
909942
909827
909713
909598
909484
909369
909254
909140
909025
908910
908796
908681
908567
908452
908337
908223
908108
908010
907895
907781
907666
907552
907437
907322
907208
907093
906978
906864
906749
906635
906520
906405
906291
906176
906062
905947
905832
905718
905603
905489
905374
905259
905145
905030
904915
904817
904703
904588
904473
904359
904244
904130
904015
903900
903786
903671
903557
903442
903327
903213
903098
902983
902869
902771
902656
902541
902427
902312
902198
902083
901968
901854
901739
901625
901510
901395
901281
901182
901068
900953
900839
900724
900609
900495
900380
900266
900151
900036
899922
899807
899709
899594
899480
899365
899250
899136
899021
898907
898792
898677
898563
898465
898350
898235
898121
898006
897892
897777
897662
897548
897433
897335
897220
897106
896991
896876
896762
896647
896533
896418
896303
896205
896090
895976
895861
895747
895632
895517
895403
895305
895190
895075
894961
894846
894732
894617
894502
894388
894289
894175
894060
893946
893831
893716
893602
893487
893389
893274
893160
893045
892931
892816
892701
892603
892488
892374
892259
892145
892030
891915
891817
891703
891588
891473
891359
891244
891129
891031
890917
890802
890687
890573
890458
890344
890245
890131
890016
889902
889787
889672
889574
889459
889345
889230
889116
889001
888903
888788
888674
888559
888444
888330
888231
888117
888002
887888
887773
887658
887560
887446
887331
887216
887102
886987
886889
886774
886660
886545
886430
886332
886218
886103
885988
885874
885759
885661
885546
885432
885317
885202
885104
884990
884875
884760
884646
884548
884433
884318
884204
884089
883991
883876
883762
883647
883532
883434
883320
883205
883090
882976
882878
882763
882648
882534
882419
882321
882206
882092
881977
881879
881764
881650
881535
881420
881322
881207
881093
880978
880864
880765
880651
880536
880422
880323
880209
880094
879980
879881
879767
879652
879537
879423
879325
879210
879095
878981
878883
878768
878653
878539
878440
878326
878211
878097
877998
877884
877769
877655
877556
877442
877327
877212
877114
877000
876885
876770
876672
876558
876443
876328
876230
876116
876001
875886
875788
875673
875559
875444
875346
875231
875117
875002
874904
874789
874675
874560
874462
874347
874233
874134
874020
873905
873791
873692
873578
873463
873348
873250
873136
873021
872923
872808
872694
872579
872481
872366
872251
872153
872039
871924
871809
871711
871597
871482
871384
871269
871155
871040
870942
870827
870712
870614
870500
870385
870287
870172
870058
869943
869845
869730
869615
869517
869403
869288
869190
869075
868961
868862
868748
868633
868518
868420
868306
868191
868093
867978
867864
867765
867651
867536
867438
867323
867209
867110
866996
866881
866783
866668
866554
866455
866341
866226
866128
866013
865899
865801
865686
865571
865473
865358
865244
865146
865031
864916
864818
864704
864589
864491
864376
864262
864163
864049
863934
863836
863721
863607
863508
863394
863279
863181
863066
862952
862853
862739
862624
862526
862411
862313
862199
862084
861986
861871
861756
861658
861544
861429
861331
861216
861118
861003
860889
860790
860676
860561
860463
860348
860250
860136
860021
859923
859808
859693
859595
859481
859382
859268
859153
859055
858940
858826
858727
858613
858515
858400
858285
858187
858073
857974
857860
857745
857647
857532
857418
857319
857205
857107
856992
856877
856779
856664
856566
856452
856337
856239
856124
856026
855911
855797
855698
855584
855486
855371
855256
855158
855044
854945
854831
854732
854618
854503
854405
854290
854192
854078
853963
853865
853750
853652
853537
853439
853324
853210
853112
852997
852899
852784
852686
852571
852457
852358
852244
852146
852031
851933
851818
851703
851605
851491
851392
851278
851180
851065
850950
850852
850737
850639
850525
850426
850312
850214
850099
849984
849886
849771
849673
849559
849460
849346
849248
849133
849035
848920
848805
848707
848593
848494
848380
848282
848167
848069
847954
847856
847741
847643
847528
847414
847316
847201
847103
846988
846890
846775
846677
846562
846464
846350
846251
846137
846038
845924
845826
845711
845596
845498
845384
845285
845171
845072
844958
844860
844745
844647
844532
844434
844319
844221
844106
844008
843894
843795
843681
843582
843468
843370
843255
843157
843042
842944
842829
842731
842616
842518
842404
842305
842191
842093
841978
841880
841765
841667
841552
841454
841339
841241
841127
841028
840914
840815
840701
840603
840488
840390
840275
840177
840062
839964
839866
839751
839653
839538
839440
839326
839227
839113
839014
838900
838802
838687
838589
838474
838376
838261
838163
838048
837950
837852
837737
837639
837525
837426
837312
837213
837099
837001
836886
836788
836673
836575
836477
836362
836264
836149
836051
835936
835838
835723
835625
835527
835412
835314
835200
835101
834987
834888
834774
834676
834577
834463
834365
834250
834152
834037
833939
833824
833726
833628
833513
833415
833300
833202
833087
832989
832891
832776
832678
832564
832465
832351
832252
832154
832040
831941
831827
831728
831630
831516
831417
831303
831205
831090
830992
830893
830779
830681
830566
830468
830370
830255
830157
830042
829944
829846
829731
829633
829518
829420
829305
829207
829109
828994
828896
828781
828683
828585
828470
828372
828274
828159
828061
827946
827848
827750
827635
827537
827422
827324
827226
827111
827013
826898
826800
826702
826587
826489
826391
826276
826178
826063
825965
825867
825752
825654
825556
825441
825343
825228
825130
825032
824917
824819
824721
824606
824508
824393
824295
824197
824082
823984
823886
823771
823673
823575
823460
823362
823247
823149
823051
822936
822838
822740
822625
822527
822429
822314
822216
822118
822003
821905
821807
821692
821594
821479
821381
821283
821168
821070
820971
820857
820759
820660
820546
820448
820349
820235
820136
820038
819924
819825
819727
819613
819514
819416
819301
819203
819105
818990
818892
818794
818679
818581
818483
818368
818270
818172
818073
817959
817861
817762
817648
817550
817451
817337
817238
817140
817026
816927
816829
816715
816616
816518
816403
816305
816207
816109
815994
815896
815798
815683
815585
815487
815372
815274
815175
815077
814963
814864
814766
814652
814553
814455
814340
814242
814144
814046
813931
813833
813735
813620
813522
813424
813325
813211
813112
813014
812900
812801
812703
812605
812490
812392
812294
812179
812081
811983
811885
811770
811672
811573
811475
811361
811262
811164
811049
810951
810853
810755
810640
810542
810444
810345
810231
810133
810034
809936
809822
809723
809625
809527
809412
809314
809216
809117
809003
808905
808806
808692
808594
808495
808397
808282
808184
808086
807988
807873
807775
807677
807578
807480
807366
807267
807169
807071
806956
806858
806760
806662
806547
806449
806350
806252
806138
806039
805941
805843
805728
805630
805532
805434
805335
805221
805122
805024
804926
804811
804713
804615
804517
804418
804304
804206
804107
804009
803895
803796
803698
803600
803502
803387
803289
803190
803092
802994
802879
802781
802683
802585
802486
802372
802274
802175
802077
801963
801864
801766
801668
801570
801455
801357
801258
801160
801062
800947
800849
800751
800653
800554
800456
800342
800243
800145
800047
799949
799834
799736
799638
799539
799441
799326
799228
799130
799032
798934
798835
798721
798622
798524
798426
798328
798213
798115
798017
797918
797820
797722
797607
797509
797411
797313
797214
797116
797002
796903
796805
796707
796609
796510
796396
796297
796199
796101
796003
795905
795790
795692
795593
795495
795397
795299
795200
795086
794988
794889
794791
794693
794595
794480
794382
794284
794185
794087
793989
793891
793776
793678
793580
793481
793383
793285
793187
793072
792974
792876
792777
792679
792581
792483
792384
792270
792171
792073
791975
791877
791779
791680
791566
791467
791369
791271
791173
791075
790976
790878
790763
790665
790567
790469
790370
790272
790174
790076
789978
789863
789765
789666
789568
789470
789372
789273
789175
789077
788962
788864
788766
788668
788569
788471
788373
788275
788177
788062
787964
787865
787767
787669
787571
787472
787374
787276
787178
787080
786965
786867
786768
786670
786572
786474
786375
786277
786179
786081
785983
785868
785770
785671
785573
785475
785377
785278
785180
785082
784984
784886
784787
784673
784574
784476
784378
784280
784182
784083
783985
783887
783789
783690
783592
783494
783396
783281
783183
783085
782986
782888
782790
782692
782593
782495
782397
782299
782200
782102
782004
781906
781807
781693
781595
781496
781398
781300
781202
781103
781005
780907
780809
780710
780612
780514
780416
780317
780219
780121
780023
779925
779826
779728
779613
779515
779417
779319
779221
779122
779024
778926
778828
778729
778631
778533
778435
778336
778238
778140
778042
777943
777845
777747
777649
777550
777452
777354
777256
777158
777059
776961
776863
776765
776666
776568
776470
776372
776273
776159
776061
775962
775864
775766
775668
775569
775471
775373
775275
775176
775078
774980
774882
774783
774685
774587
774489
774390
774292
774194
774096
773998
773899
773801
773703
773605
773506
773408
773310
773212
773113
773015
772917
772819
772720
772622
772524
772426
772328
772229
772131
772049
771951
771853
771754
771656
771558
771460
771362
771263
771165
771067
770969
770870
770772
770674
770576
770477
770379
770281
770183
770084
769986
769888
769790
769691
769593
769495
769397
769299
769200
769102
769004
768906
768807
768709
768611
768529
768431
768333
768234
768136
768038
767940
767841
767743
767645
767547
767448
767350
767252
767154
767055
766957
766859
766761
766662
766564
766482
766384
766286
766188
766089
765991
765893
765795
765696
765598
765500
765402
765304
765205
765107
765009
764911
764829
764730
764632
764534
764436
764338
764239
764141
764043
763945
763846
763748
763650
763552
763470
763372
763273
763175
763077
762979
762880
762782
762684
762586
762487
762389
762307
762209
762111
762013
761914
761816
761718
761620
761521
761423
761325
761243
761145
761047
760948
760850
760752
760654
760555
760457
760359
760277
760179
760081
759982
759884
759786
759688
759589
759491
759393
759311
759213
759115
759016
758918
758820
758722
758623
758525
758443
758345
758247
758149
758050
757952
757854
757756
757657
757575
757477
757379
757281
757183
757084
756986
756888
756806
756708
756609
756511
756413
756315
756217
756118
756036
755938
755840
755742
755643
755545
755447
755365
755267
755169
755070
754972
754874
754776
754694
754596
754497
754399
754301
754203
754104
754023
753924
753826
753728
753630
753531
753433
753351
753253
753155
753057
752958
752860
752778
752680
752582
752484
752385
752287
752189
752107
752009
751910
751812
751714
751616
751534
751436
751337
751239
751141
751043
750961
750863
750764
750666
750568
750470
750388
750290
750191
750093
749995
749897
749815
749716
749618
749520
749422
749340
749242
749143
749045
748947
748849
748767
748669
748570
748472
748374
748292
748194
748096
747997
747899
747817
747719
747621
747523
747424
747326
747244
747146
747048
746949
746851
746769
746671
746573
746475
746376
746295
746196
746098
746000
745902
745820
745721
745623
745525
745443
745345
745247
745148
745050
744968
744870
744772
744674
744575
744494
744395
744297
744199
744117
744019
743920
743822
743724
743642
743544
743446
743347
743266
743167
743069
742971
742873
742791
742693
742594
742496
742414
742316
742218
742119
742021
741939
741841
741743
741645
741563
741465
741366
741268
741186
741088
740990
740891
740810
740711
740613
740515
740433
740335
740237
740138
740056
739958
739860
739762
739680
739582
739483
739385
739303
739205
739107
739009
738927
738828
738730
738632
738550
738452
738354
738255
738174
738075
737977
737879
737797
737699
737601
737502
737420
737322
737224
737142
737044
736946
736847
736765
736667
736569
736471
736389
736291
736192
736111
736012
735914
735816
735734
735636
735538
735456
735357
735259
735161
735079
734981
734883
734801
734703
734604
734506
734424
734326
734228
734146
734048
733949
733851
733769
733671
733573
733491
733393
733294
733196
733114
733016
732918
732836
732738
732640
732558
732459
732361
732263
732181
732083
731985
731903
731805
731706
731624
731526
731428
731346
731248
731150
731051
730969
730871
730773
730691
730593
730495
730413
730315
730216
730134
730036
729938
729856
729758
729660
729578
729480
729381
729299
729201
729103
729021
728923
728825
728743
728645
728546
728464
728366
728268
728186
728088
727990
727908
727810
727711
727629
727531
727433
727351
727253
727155
727073
726974
726876
726794
726696
726598
726516
726418
726320
726238
726139
726041
725959
725861
725763
725681
725583
725501
725403
725304
725223
725124
725026
724944
724846
724748
724666
724568
724469
724388
724289
724207
724109
724011
723929
723831
723733
723651
723553
723454
723372
723274
723192
723094
722996
722914
722816
722718
722636
722537
722456
722357
722259
722177
722079
721981
721899
721801
721719
721621
721522
721440
721342
721260
721162
721064
720982
720884
720786
720704
720605
720524
720425
720327
720245
720147
720065
719967
719869
719787
719689
719607
719508
719410
719328
719230
719148
719050
718952
718870
718772
718690
718592
718493
718411
718313
718231
718133
718035
717953
717855
717773
717675
717576
717495
717396
717314
717216
717118
717036
716938
716856
716758
716676
716578
716479
716398
716299
716217
716119
716037
715939
715841
715759
715661
715579
715481
715399
715301
715202
715120
715022
714940
714842
714760
714662
714564
714482
714384
714302
714204
714122
714023
713925
713843
713745
713663
713565
713483
713385
713303
713205
713107
713025
712927
712845
712746
712665
712566
712484
712386
712288
712206
712108
712026
711928
711846
711748
711666
711568
711469
711387
711289
711207
711109
711027
710929
710847
710749
710667
710569
710487
710389
710290
710209
710110
710029
709930
709848
709750
709668
709570
709488
709390
709308
709210
709128
709030
708948
708850
708751
708670
708571
708489
708391
708309
708211
708129
708031
707949
707851
707769
707671
707589
707491
707409
707311
707229
707130
707049
706950
706869
706770
706688
706590
706508
706410
706328
706230
706148
706050
705968
705870
705788
705690
705608
705510
705428
705329
705248
705149
705068
704969
704887
704789
704707
704609
704527
704429
704347
704249
704167
704069
703987
703889
703807
703709
703627
703528
703447
703348
703266
703168
703086
702988
702906
702808
702726
702628
702546
702448
702366
702268
702186
702088
702006
701924
701826
701744
701646
701564
701465
701384
701285
701203
701105
701023
700925
700843
700745
700663
700565
700483
700401
700303
700221
700123
700041
699943
699861
699763
699681
699583
699501
699402
699321
699239
699141
699059
698960
698879
698780
698698
698600
698518
698436
698338
698256
698158
698076
697978
697896
697798
697716
697634
697536
697454
697356
697274
697176
697094
696996
696914
696832
696734
696652
696554
696472
696373
696292
696193
696112
696030
695931
695850
695751
695669
695571
695489
695407
695309
695227
695129
695047
694965
694867
694785
694687
694605
694507
694425
694343
694245
694163
694065
693983
693885
693803
693721
693623
693541
693443
693361
693279
693181
693099
693001
692919
692837
692739
692657
692559
692477
692378
692297
692215
692117
692035
691936
691855
691773
691674
691593
691494
691412
691331
691232
691151
691052
690970
690889
690790
690708
690627
690528
690446
690348
690266
690185
690086
690004
689906
689824
689742
689644
689562
689464
689382
689300
689202
689120
689038
688940
688858
688760
688678
688596
688498
688416
688334
688236
688154
688056
687974
687892
687794
687712
687630
687532
687450
687352
687270
687188
687090
687008
686926
686828
686746
686664
686566
686484
686386
686304
686222
686124
686042
685960
685862
685780
685698
685600
685518
685420
685338
685256
685158
685076
684994
684896
684814
684732
684634
684552
684470
684372
684290
684208
684110
684028
683946
683848
683766
683684
683586
683504
683422
683324
683242
683144
683062
682980
682882
682800
682718
682620
682538
682456
682358
682276
682195
682096
682014
681933
681834
681752
681671
681589
681490
681409
681327
681229
681147
681065
680967
680885
680803
680705
680623
680541
680443
680361
680279
680181
680099
680017
679919
679837
679755
679657
679575
679493
679411
679313
679231
679149
679051
678969
678887
678789
678707
678625
678527
678445
678363
678281
678183
678101
678019
677921
677839
677757
677659
677577
677495
677414
677315
677234
677152
677053
676972
676890
676808
676710
676628
676546
676448
676366
676284
676186
676104
676022
675940
675842
675760
675678
675596
675498
675416
675334
675236
675154
675072
674990
674892
674810
674728
674630
674548
674466
674385
674286
674205
674123
674041
673943
673861
673779
673681
673599
673517
673435
673337
673255
673173
673091
672993
672911
672829
672747
672649
672567
672485
672387
672305
672223
672142
672043
671961
671880
671798
671699
671618
671536
671454
671356
671274
671192
671110
671012
670930
670848
670766
670668
670586
670504
670422
670324
670242
670160
670079
669980
669898
669817
669735
669636
669555
669473
669391
669309
669211
669129
669047
668965
668867
668785
668703
668621
668523
668441
668359
668278
668196
668097
668016
667934
667852
667754
667672
667590
667508
667410
667328
667246
667164
667082
666984
666902
666820
666738
666640
666558
666477
666395
666313
666215
666133
666051
665969
665887
665789
665707
665625
665543
665461
665363
665281
665199
665118
665019
664937
664856
664774
664692
664594
664512
664430
664348
664266
664168
664086
664004
663922
663840
663742
663660
663579
663497
663415
663317
663235
663153
663071
662989
662907
662809
662727
662645
662563
662482
662383
662301
662220
662138
662056
661958
661876
661794
661712
661630
661548
661450
661368
661286
661204
661123
661024
660942
660861
660779
660697
660615
660517
660435
660353
660271
660189
660107
660009
659927
659845
659764
659682
659600
659502
659420
659338
659256
659174
659092
658994
658912
658830
658748
658667
658585
658487
658405
658323
658241
658159
658077
657995
657897
657815
657733
657651
657570
657488
657390
657308
657226
657144
657062
656980
656898
656800
656718
656636
656555
656473
656391
656309
656211
656129
656047
655965
655883
655801
655719
655621
655539
655458
655376
655294
655212
655130
655032
654950
654868
654786
654704
654623
654541
654459
654361
654279
654197
654115
654033
653951
653869
653787
653689
653607
653526
653444
653362
653280
653198
653116
653018
652936
652854
652772
652691
652609
652527
652445
652363
652265
652183
652101
652019
651937
651855
651774
651692
651610
651512
651430
651348
651266
651184
651102
651020
650939
650857
650758
650677
650595
650513
650431
650349
650267
650185
650104
650022
649923
649842
649760
649678
649596
649514
649432
649350
649269
649187
649105
649007
648925
648843
648761
648679
648597
648515
648434
648352
648270
648188
648106
648008
647926
647844
647762
647680
647599
647517
647435
647353
647271
647189
647107
647025
646927
646845
646764
646682
646600
646518
646436
646354
646272
646190
646109
646027
645945
645863
645765
645683
645601
645519
645437
645355
645274
645192
645110
645028
644946
644864
644782
644701
644619
644537
644439
644357
644275
644193
644111
644029
643947
643865
643784
643702
643620
643538
643456
643374
643292
643211
643129
643047
642965
642883
642785
642703
642621
642539
642457
642376
642294
642212
642130
642048
641966
641884
641803
641721
641639
641557
641475
641393
641311
641229
641148
641066
640984
640902
640820
640738
640656
640575
640476
640394
640313
640231
640149
640067
639985
639903
639821
639740
639658
639576
639494
639412
639330
639248
639166
639085
639003
638921
638839
638757
638675
638593
638512
638430
638348
638266
638184
638102
638020
637938
637857
637775
637693
637611
637529
637447
637365
637284
637202
637120
637038
636956
636874
636792
636711
636629
636547
636465
636383
636301
636219
636137
636056
635974
635892
635810
635728
635646
635564
635483
635401
635319
635237
635155
635073
634991
634909
634828
634746
634664
634582
634500
634418
634336
634255
634173
634091
634009
633927
633845
633763
633682
633600
633518
633436
633354
633272
633190
633108
633027
632961
632879
632797
632716
632634
632552
632470
632388
632306
632224
632142
632061
631979
631897
631815
631733
631651
631569
631488
631406
631324
631242
631160
631078
630996
630915
630833
630751
630685
630603
630522
630440
630358
630276
630194
630112
630030
629949
629867
629785
629703
629621
629539
629457
629375
629294
629212
629130
629064
628982
628901
628819
628737
628655
628573
628491
628409
628328
628246
628164
628082
628000
627918
627836
627755
627689
627607
627525
627443
627362
627280
627198
627116
627034
626952
626870
626789
626707
626625
626559
626477
626396
626314
626232
626150
626068
625986
625904
625823
625741
625659
625577
625511
625430
625348
625266
625184
625102
625020
624938
624857
624775
624693
624611
624545
624464
624382
624300
624218
624136
624054
623972
623891
623809
623743
623661
623579
623498
623416
623334
623252
623170
623088
623006
622925
622859
622777
622695
622613
622532
622450
622368
622286
622204
622139
622057
621975
621893
621811
621729
621647
621566
621484
621402
621336
621254
621173
621091
621009
620927
620845
620763
620698
620616
620534
620452
620370
620288
620207
620125
620043
619977
619896
619814
619732
619650
619568
619486
619404
619339
619257
619175
619093
619011
618930
618848
618782
618700
618618
618537
618455
618373
618291
618209
618144
618062
617980
617898
617816
617734
617652
617587
617505
617423
617341
617259
617178
617096
617030
616948
616867
616785
616703
616621
616539
616474
616392
616310
616228
616146
616064
615982
615917
615835
615753
615671
615589
615508
615442
615360
615278
615196
615115
615033
614951
614885
614804
614722
614640
614558
614476
614411
614329
614247
614165
614083
614001
613936
613854
613772
613690
613608
613526
613461
613379
613297
613215
613134
613052
612986
612904
612822
612741
612659
612577
612511
612429
612348
612266
612184
612118
612037
611955
611873
611791
611709
611644
611562
611480
611398
611316
611251
611169
611087
611005
610923
610841
610776
610694
610612
610530
610448
610383
610301
610219
610137
610055
609990
609908
609826
609744
609662
609597
609515
609433
609351
609269
609204
609122
609040
608958
608877
608811
608729
608647
608565
608484
608418
608336
608254
608173
608091
608025
607943
607861
607780
607698
607632
607550
607468
607387
607321
607239
607157
607076
606994
606928
606846
606764
606683
606617
606535
606453
606371
606290
606224
606142
606060
605979
605897
605831
605749
605667
605586
605520
605438
605356
605274
605209
605127
605045
604963
604882
604816
604734
604652
604570
604505
604423
604341
604259
604194
604112
604030
603948
603883
603801
603719
603637
603555
603490
603408
603326
603244
603179
603097
603015
602933
602868
602786
602704
602622
602557
602475
602393
602311
602246
602164
602082
602000
601934
601853
601771
601689
601623
601541
601460
601378
601312
601230
601149
601083
601001
600919
600837
600772
600690
600608
600526
600461
600379
600297
600215
600150
600068
599986
599904
599839
599757
599675
599609
599528
599446
599364
599298
599217
599135
599053
598987
598905
598824
598758
598676
598594
598512
598447
598365
598283
598218
598136
598054
597972
597907
597825
597743
597661
597596
597514
597432
597366
597285
597203
597121
597055
596973
596892
596826
596744
596662
596597
596515
596433
596351
596286
596204
596122
596057
595975
595893
595811
595745
595664
595582
595516
595434
595352
595287
595205
595123
595041
594976
594894
594812
594747
594665
594583
594517
594436
594354
594288
594206
594125
594043
593977
593895
593813
593748
593666
593584
593519
593437
593355
593290
593208
593126
593060
592978
592897
592831
592749
592667
592585
592520
592438
592356
592291
592209
592127
592062
591980
591898
591832
591750
591669
591603
591521
591439
591374
591292
591210
591145
591063
590981
590915
590834
590752
590686
590604
590522
590457
590375
590293
590228
590146
590064
589999
589917
589835
589769
589687
589606
589540
589458
589376
589311
589229
589164
589082
589000
588934
588852
588771
588705
588623
588541
588476
588394
588312
588247
588165
588083
588017
587936
587854
587788
587706
587641
587559
587477
587412
587330
587248
587182
587101
587019
586953
586871
586806
586724
586642
586577
586495
586413
586347
586266
586184
586118
586036
585971
585889
585807
585742
585660
585578
585512
585431
585365
585283
585201
585136
585054
584972
584907
584825
584759
584677
584595
584530
584448
584366
584301
584219
584153
584072
583990
583924
583842
583777
583695
583613
583548
583466
583384
583318
583237
583171
583089
583007
582942
582860
582794
582713
582631
582565
582483
582418
582336
582254
582189
582107
582041
581959
581878
581812
581730
581665
581583
581501
581436
581354
581288
581206
581124
581059
580977
580912
580830
580748
580682
580600
580535
580453
580371
580306
580224
580158
580077
579995
579929
579847
579782
579700
579634
579553
579471
579405
579323
579258
579176
579094
579029
578947
578881
578799
578734
578652
578570
578505
578423
578357
578276
578210
578128
578046
577981
577899
577833
577752
577686
577604
577522
577457
577375
577310
577228
577162
577080
576998
576933
576851
576786
576704
576638
576556
576491
576409
576327
576262
576180
576114
576032
575967
575885
575803
575738
575656
575590
575509
575443
575361
575296
575214
575148
575066
574985
574919
574837
574772
574690
574624
574543
574477
574395
574313
574248
574166
574100
574019
573953
573871
573806
573724
573658
573577
573511
573429
573347
573282
573200
573134
573053
572987
572905
572840
572758
572692
572610
572545
572463
572381
572316
572234
572168
572087
572021
571939
571874
571792
571726
571644
571579
571497
571432
571350
571284
571202
571137
571055
570973
570908
570826
570760
570678
570613
570531
570466
570384
570318
570236
570171
570089
570024
569942
569876
569794
569729
569647
569582
569500
569434
569352
569287
569205
569139
569058
568992
568910
568845
568763
568697
568616
568550
568468
568403
568321
568255
568173
568108
568026
567961
567879
567813
567731
567666
567584
567519
567437
567371
567289
567224
567142
567076
566995
566929
566847
566782
566700
566634
566553
566487
566405
566340
566258
566192
566110
566045
565963
565898
565816
565750
565668
565603
565521
565456
565374
565308
565226
565161
565095
565013
564948
564866
564801
564719
564653
564571
564506
564424
564359
564277
564211
564129
564064
563982
563916
563835
563769
563704
563622
563556
563474
563409
563327
563262
563180
563114
563032
562967
562885
562819
562738
562672
562607
562525
562459
562377
562312
562230
562165
562083
562017
561935
561870
561804
561722
561657
561575
561510
561428
561362
561280
561215
561133
561068
561002
560920
560855
560773
560707
560626
560560
560478
560413
560347
560265
560200
560118
560052
559971
559905
559823
559758
559692
559610
559545
559463
559398
559316
559250
559185
559103
559037
558955
558890
558808
558743
558661
558595
558530
558448
558382
558301
558235
558153
558088
558022
557940
557875
557793
557728
557646
557580
557515
557433
557367
557285
557220
557154
557073
557007
556925
556860
556778
556712
556647
556565
556500
556418
556352
556287
556205
556139
556057
555992
555910
555845
555779
555697
555632
555550
555484
555419
555337
555272
555190
555124
555059
554977
554911
554829
554764
554699
554617
554551
554469
554404
554338
554256
554191
554109
554044
553978
553896
553831
553749
553683
553618
553536
553471
553389
553323
553258
553176
553110
553028
552963
552897
552816
552750
552668
552603
552537
552455
552390
552324
552243
552177
552095
552030
551964
551882
551817
551735
551670
551604
551522
551457
551391
551309
551244
551162
551096
551031
550949
550884
550818
550736
550671
550589
550523
550458
550376
550311
550245
550163
550098
550016
549950
549885
549803
549738
549672
549590
549525
549459
549377
549312
549230
549164
549099
549017
548952
548886
548804
548739
548673
548591
548526
548460
548379
548313
548231
548166
548100
548018
547953
547887
547806
547740
547675
547593
547527
547462
547380
547314
547249
547167
547101
547020
546954
546889
546807
546741
546676
546594
546528
546463
546381
546316
546250
546168
546103
546037
545955
545890
545824
545743
545677
545612
545530
545464
545399
545317
545251
545186
545104
545038
544973
544891
544826
544760
544678
544613
544547
544465
544400
544334
544253
544187
544122
544040
543974
543909
543827
543761
543696
543614
543549
543483
543401
543336
543270
543205
543123
543057
542992
542910
542845
542779
542697
542632
542566
542484
542419
542353
542271
542206
542140
542059
541993
541928
541862
541780
541715
541649
541567
541502
541436
541355
541289
541224
541142
541076
541011
540945
540863
540798
540732
540651
540585
540520
540438
540372
540307
540241
540159
540094
540028
539947
539881
539816
539734
539668
539603
539537
539455
539390
539324
539242
539177
539111
539046
538964
538899
538833
538751
538686
538620
538555
538473
538407
538342
538260
538195
538129
538064
537982
537916
537851
537769
537703
537638
537572
537491
537425
537360
537294
537212
537147
537081
536999
536934
536868
536803
536721
536656
536590
536525
536443
536377
536312
536230
536164
536099
536033
535952
535886
535821
535755
535673
535608
535542
535477
535395
535329
535264
535182
535116
535051
534986
534904
534838
534773
534707
534625
534560
534494
534429
534347
534281
534216
534150
534069
534003
533938
533872
533790
533725
533659
533594
533512
533446
533381
533315
533234
533168
533103
533037
532955
532890
532824
532759
532677
532611
532546
532480
532399
532333
532268
532202
532137
532055
531989
531924
531858
531776
531711
531645
531580
531498
531433
531367
531302
531220
531154
531089
531023
530958
530876
530810
530745
530679
530598
530532
530467
530401
530319
530254
530188
530123
530057
529975
529910
529844
529779
529697
529632
529566
529501
529435
529353
529288
529222
529157
529091
529009
528944
528878
528813
528731
528666
528600
528535
528469
528387
528322
528256
528191
528125
528043
527978
527912
527847
527765
527700
527634
527569
527503
527421
527356
527290
527225
527159
527077
527012
526946
526881
526815
526734
526668
526603
526537
526472
526390
526324
526259
526193
526128
526046
525980
525915
525849
525784
525718
525637
525571
525506
525440
525375
525293
525227
525162
525096
525031
524949
524883
524818
524752
524687
524621
524540
524474
524409
524343
524278
524196
524130
524065
523999
523934
523868
523786
523721
523655
523590
523524
523443
523377
523312
523246
523181
523115
523033
522968
522902
522837
522771
522706
522624
522558
522493
522427
522362
522296
522215
522149
522084
522018
521953
521887
521805
521740
521674
521609
521543
521478
521396
521330
521265
521199
521134
521069
520987
520921
520856
520790
520725
520659
520594
520512
520446
520381
520315
520250
520184
520103
520037
519972
519906
519841
519775
519710
519628
519562
519497
519431
519366
519300
519235
519153
519087
519022
518956
518891
518825
518760
518678
518613
518547
518482
518416
518351
518285
518203
518138
518072
518007
517941
517876
517810
517745
517663
517597
517532
517466
517401
517335
517270
517188
517123
517057
516992
516926
516861
516795
516730
516648
516582
516517
516451
516386
516320
516255
516189
516108
516042
515977
515911
515846
515780
515715
515649
515584
515502
515436
515371
515305
515240
515174
515109
515043
514961
514896
514830
514765
514699
514634
514568
514503
514437
514356
514290
514225
514159
514094
514028
513963
513897
513832
513766
513684
513619
513553
513488
513422
513357
513291
513226
513160
513079
513013
512948
512882
512817
512751
512686
512620
512555
512489
512424
512342
512276
512211
512145
512080
512014
511949
511883
511818
511752
511670
511605
511539
511474
511408
511343
511278
511212
511147
511081
511016
510950
510868
510803
510737
510672
510606
510541
510475
510410
510344
510279
510213
510148
510066
510000
509935
509869
509804
509738
509673
509607
509542
509476
509411
509345
509280
509215
509133
509067
509002
508936
508871
508805
508740
508674
508609
508543
508478
508412
508347
508281
508216
508134
508068
508003
507937
507872
507806
507741
507675
507610
507544
507479
507413
507348
507283
507217
507152
507070
507004
506939
506873
506808
506742
506677
506611
506546
506480
506415
506349
506284
506218
506153
506087
506022
505956
505891
505825
505743
505678
505612
505547
505481
505416
505350
505285
505220
505154
505089
505023
504958
504892
504827
504761
504696
504630
504565
504499
504434
504368
504303
504237
504155
504090
504024
503959
503893
503828
503762
503697
503631
503566
503500
503435
503369
503304
503238
503173
503107
503042
502976
502911
502845
502780
502714
502649
502583
502518
502452
502387
502322
502256
502191
502125
502060
501994
501929
501863
501798
501732
501667
501601
501519
501454
501388
501323
501257
501192
501126
501061
500995
500930
500864
500799
500733
500668
500602
500537
500471
500406
500340
500275
500209
500144
500078
500013
499947
499882
499816
499751
499685
499620
499554
499489
499423
499358
499293
499227
499162
499096
499031
498965
498900
498834
498769
498703
498638
498572
498507
498441
498376
498310
498245
498179
498114
498048
497983
497917
497852
497786
497721
497655
497590
497524
497459
497393
497328
497262
497213
497148
497082
497017
496951
496886
496820
496755
496689
496624
496558
496493
496427
496362
496296
496231
496165
496100
496034
495969
495903
495838
495772
495707
495641
495576
495510
495445
495379
495314
495248
495183
495117
495052
494986
494921
494855
494790
494724
494675
494610
494544
494479
494413
494348
494282
494217
494151
494086
494020
493955
493889
493824
493758
493693
493627
493562
493496
493431
493366
493300
493235
493169
493104
493054
492989
492923
492858
492792
492727
492661
492596
492530
492465
492400
492334
492269
492203
492138
492072
492007
491941
491876
491810
491761
491695
491630
491564
491499
491434
491368
491303
491237
491172
491106
491041
490975
490910
490844
490779
490713
490664
490598
490533
490468
490402
490337
490271
490206
490140
490075
490009
489944
489878
489813
489747
489698
489632
489567
489502
489436
489371
489305
489240
489174
489109
489043
488978
488912
488863
488797
488732
488666
488601
488536
488470
488405
488339
488274
488208
488143
488077
488028
487962
487897
487831
487766
487700
487635
487569
487504
487439
487373
487308
487258
487193
487127
487062
486996
486931
486865
486800
486734
486669
486603
486554
486489
486423
486358
486292
486227
486161
486096
486030
485965
485916
485850
485785
485719
485654
485588
485523
485457
485392
485326
485277
485212
485146
485081
485015
484950
484884
484819
484753
484688
484639
484573
484508
484442
484377
484311
484246
484180
484115
484066
484000
483935
483869
483804
483738
483673
483607
483542
483493
483427
483362
483296
483231
483165
483100
483034
482985
482920
482854
482789
482723
482658
482592
482527
482478
482412
482347
482281
482216
482150
482085
482019
481970
481904
481839
481773
481708
481642
481577
481512
481462
481397
481331
481266
481200
481135
481069
481004
480955
480889
480824
480758
480693
480627
480562
480513
480447
480382
480316
480251
480185
480120
480071
480005
479940
479874
479809
479743
479678
479629
479563
479498
479432
479367
479301
479236
479187
479121
479056
478990
478925
478859
478794
478744
478679
478614
478548
478483
478417
478368
478302
478237
478171
478106
478040
477975
477926
477860
477795
477729
477664
477598
477549
477484
477418
477353
477287
477222
477173
477107
477042
476976
476911
476845
476780
476731
476665
476600
476534
476469
476403
476354
476289
476223
476158
476092
476027
475977
475912
475846
475781
475715
475666
475601
475535
475470
475404
475339
475290
475224
475159
475093
475028
474962
474913
474848
474782
474717
474651
474602
474537
474471
474406
474340
474275
474226
474160
474095
474029
473964
473914
473849
473783
473718
473653
473587
473538
473472
473407
473341
473276
473227
473161
473096
473030
472965
472916
472850
472785
472719
472654
472605
472539
472474
472408
472343
472294
472228
472163
472097
472032
471982
471917
471851
471786
471721
471671
471606
471540
471475
471409
471360
471295
471229
471164
471098
471049
470984
470918
470853
470787
470738
470673
470607
470542
470476
470427
470362
470296
470231
470165
470116
470050
469985
469919
469870
469805
469739
469674
469608
469559
469494
469428
469363
469314
469248
469183
469117
469052
469003
468937
468872
468806
468757
468692
468626
468561
468495
468446
468380
468315
468249
468200
468135
468069
468004
467938
467889
467824
467758
467693
467644
467578
467513
467447
467398
467333
467267
467202
467136
467087
467021
466956
466890
466841
466776
466710
466645
466596
466530
466465
466399
466350
466285
466219
466154
466105
466039
465974
465908
465843
465793
465728
465663
465597
465548
465482
465417
465351
465302
465237
465171
465106
465057
464991
464926
464860
464811
464746
464680
464615
464566
464500
464435
464369
464320
464254
464189
464140
464074
464009
463943
463894
463829
463763
463698
463649
463583
463518
463452
463403
463338
463272
463207
463157
463092
463026
462961
462912
462846
462781
462732
462666
462601
462535
462486
462421
462355
462290
462241
462175
462110
462044
461995
461929
461864
461815
461749
461684
461618
461569
461504
461438
461389
461324
461258
461193
461144
461078
461013
460947
460898
460833
460767
460718
460652
460587
460521
460472
460407
460341
460292
460227
460161
460096
460047
459981
459916
459866
459801
459736
459670
459621
459555
459490
459441
459375
459310
459244
459195
459130
459064
459015
458950
458884
458835
458770
458704
458639
458589
458524
458458
458409
458344
458278
458229
458164
458098
458033
457984
457918
457853
457804
457738
457673
457623
457558
457492
457427
457378
457312
457247
457198
457132
457067
457018
456952
456887
456838
456772
456707
456641
456592
456526
456461
456412
456346
456281
456232
456166
456101
456052
455986
455921
455872
455806
455741
455675
455626
455560
455495
455446
455380
455315
455266
455200
455135
455086
455020
454955
454906
454840
454775
454725
454660
454594
454545
454480
454414
454365
454300
454234
454185
454120
454054
454005
453939
453874
453825
453759
453694
453645
453579
453514
453465
453399
453334
453285
453219
453154
453104
453039
452973
452924
452859
452793
452744
452679
452613
452564
452499
452433
452384
452319
452253
452204
452138
452073
452024
451958
451893
451844
451778
451713
451664
451598
451533
451484
451418
451369
451303
451238
451189
451123
451058
451009
450943
450878
450829
450763
450698
450649
450583
450518
450468
450403
450354
450288
450223
450174
450108
450043
449994
449928
449863
449814
449748
449699
449633
449568
449519
449453
449388
449339
449273
449208
449159
449093
449044
448979
448913
448864
448798
448733
448684
448618
448553
448504
448438
448389
448324
448258
448209
448143
448078
448029
447963
447914
447849
447783
447734
447669
447603
447554
447489
447439
447374
447308
447259
447194
447128
447079
447014
446965
446899
446834
446785
446719
446670
446604
446539
446490
446424
446359
446310
446244
446195
446130
446064
446015
445950
445900
445835
445769
445720
445655
445606
445540
445475
445426
445360
445295
445245
445180
445131
445065
445000
444951
444885
444836
444771
444705
444656
444591
444541
444476
444410
444361
444296
444247
444181
444116
444067
444001
443952
443887
443821
443772
443706
443657
443592
443526
443477
443412
443363
443297
443248
443182
443117
443068
443002
442953
442888
442822
442773
442708
442659
442593
442528
442478
442413
442364
442298
442249
442184
442118
442069
442004
441955
441889
441824
441774
441709
441660
441594
441545
441480
441414
441365
441300
441250
441185
441136
441070
441005
440956
440890
440841
440776
440727
440661
440596
440546
440481
440432
440366
440317
440252
440186
440137
440072
440023
439957
439908
439842
439777
439728
439662
439613
439548
439499
439433
439368
439318
439253
439204
439138
439089
439024
438975
438909
438844
438795
438729
438680
438614
438565
438500
438434
438385
438320
438271
438205
438156
438091
438041
437976
437927
437861
437796
437747
437681
437632
437567
437517
437452
437403
437337
437272
437223
437157
437108
437043
436994
436928
436879
436813
436764
436699
436633
436584
436519
436470
436404
436355
436289
436240
436175
436126
436060
436011
435946
435880
435831
435766
435716
435651
435602
435536
435487
435422
435373
435307
435258
435192
435127
435078
435012
434963
434898
434849
434783
434734
434669
434619
434554
434505
434439
434390
434325
434276
434210
434145
434096
434030
433981
433915
433866
433801
433752
433686
433637
433572
433522
433457
433408
433342
433293
433228
433179
433113
433064
432999
432949
432884
432835
432769
432704
432655
432589
432540
432475
432425
432360
432311
432245
432196
432131
432082
432016
431967
431902
431852
431787
431738
431672
431623
431558
431509
431443
431394
431328
431279
431214
431165
431099
431050
430985
430936
430870
430821
430755
430706
430641
430592
430526
430477
430412
430362
430297
430248
430182
430133
430068
430019
429953
429904
429839
429789
429724
429675
429609
429560
429495
429446
429380
429331
429265
429216
429151
429102
429036
428987
428922
428873
428807
428758
428709
428643
428594
428529
428480
428414
428365
428299
428250
428185
428136
428070
428021
427956
427907
427841
427792
427726
427677
427612
427563
427497
427448
427383
427333
427284
427219
427170
427104
427055
426990
426941
426875
426826
426760
426711
426646
426597
426531
426482
426417
426367
426302
426253
426204
426138
426089
426024
425975
425909
425860
425794
425745
425680
425631
425565
425516
425467
425401
425352
425287
425238
425172
425123
425058
425009
424943
424894
424828
424779
424730
424665
424616
424550
424501
424435
424386
424321
424272
424206
424157
424108
424043
423993
423928
423879
423813
423764
423699
423650
423600
423535
423486
423420
423371
423306
423257
423191
423142
423077
423027
422978
422913
422864
422798
422749
422684
422634
422585
422520
422471
422405
422356
422291
422242
422176
422127
422078
422012
421963
421898
421849
421783
421734
421685
421619
421570
421505
421456
421390
421341
421276
421226
421177
421112
421063
420997
420948
420883
420833
420784
420719
420670
420604
420555
420490
420440
420391
420326
420277
420211
420162
420113
420048
419998
419933
419884
419818
419769
419720
419655
419605
419540
419491
419425
419376
419327
419262
419213
419147
419098
419049
418983
418934
418869
418820
418754
418705
418656
418590
418541
418476
418427
418377
418312
418263
418197
418148
418099
418034
417985
417919
417870
417821
417755
417706
417641
417592
417542
417477
417428
417362
417313
417248
417199
417150
417084
417035
416969
416920
416871
416806
416757
416691
416642
416593
416527
416478
416429
416364
416315
416249
416200
416151
416085
416036
415971
415922
415872
415807
415758
415692
415643
415594
415529
415479
415414
415365
415316
415250
415201
415152
415087
415037
414972
414923
414874
414808
414759
414694
414644
414595
414530
414481
414432
414366
414317
414252
414202
414153
414088
414039
413973
413924
413875
413809
413760
413711
413646
413597
413531
413482
413433
413367
413318
413269
413204
413155
413089
413040
412991
412925
412876
412827
412762
412712
412663
412598
412549
412483
412434
412385
412320
412270
412221
412156
412107
412058
411992
411943
411877
411828
411779
411714
411665
411615
411550
411501
411452
411386
411337
411272
411223
411173
411108
411059
411010
410944
410895
410846
410780
410731
410682
410617
410568
410502
410453
410404
410338
410289
410240
410175
410126
410076
410011
409962
409913
409847
409798
409749
409683
409634
409585
409520
409471
409405
409356
409307
409241
409192
409143
409078
409029
408979
408914
408865
408816
408750
408701
408652
408586
408537
408488
408423
408374
408325
408259
408210
408161
408095
408046
407997
407932
407882
407833
407768
407719
407670
407604
407555
407506
407440
407391
407342
407277
407228
407178
407113
407064
407015
406949
406900
406851
406785
406736
406687
406622
406573
406523
406458
406409
406360
406294
406245
406196
406147
406081
406032
405983
405918
405869
405819
405754
405705
405656
405590
405541
405492
405427
405377
405328
405263
405214
405165
405099
405050
405001
404952
404886
404837
404788
404722
404673
404624
404559
404510
404461
404395
404346
404297
404248
404182
404133
404084
404018
403969
403920
403855
403806
403756
403691
403642
403593
403544
403478
403429
403380
403314
403265
403216
403151
403102
403052
403003
402938
402889
402840
402774
402725
402676
402610
402561
402512
402463
402398
402348
402299
402234
402185
402136
402086
402021
401972
401923
401857
401808
401759
401710
401644
401595
401546
401481
401432
401382
401333
401268
401219
401170
401104
401055
401006
400957
400891
400842
400793
400727
400678
400629
400580
400515
400466
400416
400351
400302
400253
400204
400138
400089
400040
399974
399925
399876
399827
399761
399712
399663
399614
399549
399500
399450
399385
399336
399287
399238
399172
399123
399074
399025
398959
398910
398861
398812
398746
398697
398648
398583
398534
398484
398435
398370
398321
398272
398222
398157
398108
398059
398010
397944
397895
397846
397780
397731
397682
397633
397567
397518
397469
397420
397355
397306
397256
397207
397142
397093
397044
396994
396929
396880
396831
396782
396716
396667
396618
396569
396503
396454
396405
396356
396290
396241
396192
396143
396078
396028
395979
395930
395865
395816
395766
395717
395652
395603
395554
395505
395439
395390
395341
395292
395226
395177
395128
395079
395013
394964
394915
394866
394817
394751
394702
394653
394604
394539
394489
394440
394391
394326
394277
394227
394178
394113
394064
394015
393965
393916
393851
393802
393753
393703
393638
393589
393540
393491
393425
393376
393327
393278
393229
393163
393114
393065
393016
392950
392901
392852
392803
392754
392688
392639
392590
392541
392476
392426
392377
392328
392279
392214
392164
392115
392066
392001
391952
391902
391853
391804
391739
391690
391640
391591
391526
391477
391428
391379
391329
391264
391215
391166
391117
391067
391002
390953
390904
390855
390805
390740
390691
390642
390593
390527
390478
390429
390380
390331
390265
390216
390167
390118
390069
390003
389954
389905
389856
389807
389741
389692
389643
389594
389545
389479
389430
389381
389332
389283
389217
389168
389119
389070
389021
388955
388906
388857
388808
388759
388693
388644
388595
388546
388497
388431
388382
388333
388284
388235
388186
388120
388071
388022
387973
387924
387858
387809
387760
387711
387662
387596
387547
387498
387449
387400
387351
387285
387236
387187
387138
387089
387023
386974
386925
386876
386827
386778
386712
386663
386614
386565
386516
386450
386401
386352
386303
386254
386205
386139
386090
386041
385992
385943
385894
385828
385779
385730
385681
385632
385566
385517
385468
385419
385370
385321
385255
385206
385157
385108
385059
385009
384944
384895
384846
384797
384747
384698
384633
384584
384535
384486
384436
384387
384322
384273
384224
384174
384125
384076
384027
383962
383912
383863
383814
383765
383716
383651
383601
383552
383503
383454
383405
383339
383290
383241
383192
383143
383094
383045
382979
382930
382881
382832
382783
382734
382668
382619
382570
382521
382472
382423
382373
382308
382259
382210
382161
382111
382062
382013
381948
381899
381849
381800
381751
381702
381653
381588
381538
381489
381440
381391
381342
381293
381227
381178
381129
381080
381031
380982
380933
380867
380818
380769
380720
380671
380622
380572
380523
380458
380409
380360
380310
380261
380212
380163
380098
380048
379999
379950
379901
379852
379803
379754
379688
379639
379590
379541
379492
379443
379394
379344
379279
379230
379181
379132
379082
379033
378984
378935
378870
378820
378771
378722
378673
378624
378575
378526
378460
378411
378362
378313
378264
378215
378166
378116
378051
378002
377953
377904
377854
377805
377756
377707
377658
377593
377543
377494
377445
377396
377347
377298
377249
377200
377134
377085
377036
376987
376938
376888
376839
376790
376741
376676
376627
376577
376528
376479
376430
376381
376332
376283
376234
376168
376119
376070
376021
375972
375922
375873
375824
375775
375726
375661
375611
375562
375513
375464
375415
375366
375317
375268
375218
375153
375104
375055
375006
374956
374907
374858
374809
374760
374711
374662
374596
374547
374498
374449
374400
374351
374302
374252
374203
374154
374105
374040
373990
373941
373892
373843
373794
373745
373696
373647
373598
373548
373499
373434
373385
373336
373286
373237
373188
373139
373090
373041
372992
372943
372893
372828
372779
372730
372681
372632
372582
372533
372484
372435
372386
372337
372288
372239
372173
372124
372075
372026
371977
371927
371878
371829
371780
371731
371682
371633
371584
371535
371469
371420
371371
371322
371273
371223
371174
371125
371076
371027
370978
370929
370880
370831
370781
370716
370667
370618
370569
370519
370470
370421
370372
370323
370274
370225
370176
370126
370077
370028
369979
369930
369864
369815
369766
369717
369668
369619
369570
369521
369472
369422
369373
369324
369275
369226
369177
369128
369079
369029
368964
368915
368866
368817
368768
368718
368669
368620
368571
368522
368473
368424
368375
368325
368276
368227
368178
368129
368080
368031
367982
367932
367867
367818
367769
367720
367671
367621
367572
367523
367474
367425
367376
367327
367278
367228
367179
367130
367081
367032
366983
366934
366885
366836
366786
366737
366688
366639
366574
366524
366475
366426
366377
366328
366279
366230
366181
366131
366082
366033
365984
365935
365886
365837
365788
365739
365689
365640
365591
365542
365493
365444
365395
365346
365296
365247
365198
365149
365100
365051
365002
364953
364904
364854
364805
364756
364707
364642
364592
364543
364494
364445
364396
364347
364298
364249
364199
364150
364101
364052
364003
363954
363905
363856
363807
363757
363708
363659
363610
363561
363512
363463
363414
363364
363315
363266
363217
363168
363119
363070
363021
362971
362922
362873
362824
362775
362726
362677
362628
362579
362529
362480
362431
362382
362333
362284
362235
362186
362136
362087
362038
361989
361940
361891
361842
361793
361744
361694
361645
361596
361547
361498
361449
361400
361351
361301
361252
361203
361154
361105
361056
361007
360958
360909
360859
360810
360761
360712
360663
360614
360565
360516
360466
360417
360368
360319
360270
360221
360172
360123
360073
360024
359975
359926
359877
359828
359779
359730
359681
359631
359582
359533
359484
359435
359402
359353
359304
359255
359206
359157
359107
359058
359009
358960
358911
358862
358813
358764
358715
358665
358616
358567
358518
358469
358420
358371
358322
358272
358223
358174
358125
358076
358027
357978
357929
357880
357830
357781
357732
357683
357634
357585
357552
357503
357454
357405
357356
357306
357257
357208
357159
357110
357061
357012
356963
356914
356864
356815
356766
356717
356668
356619
356570
356521
356471
356422
356373
356324
356275
356242
356193
356144
356095
356046
355997
355948
355898
355849
355800
355751
355702
355653
355604
355555
355505
355456
355407
355358
355309
355260
355211
355178
355129
355080
355031
354982
354932
354883
354834
354785
354736
354687
354638
354589
354539
354490
354441
354392
354343
354294
354261
354212
354163
354114
354065
354016
353966
353917
353868
353819
353770
353721
353672
353623
353573
353524
353492
353442
353393
353344
353295
353246
353197
353148
353099
353050
353000
352951
352902
352853
352804
352755
352722
352673
352624
352575
352526
352476
352427
352378
352329
352280
352231
352182
352133
352083
352051
352002
351953
351903
351854
351805
351756
351707
351658
351609
351560
351510
351461
351429
351379
351330
351281
351232
351183
351134
351085
351036
350987
350937
350888
350839
350806
350757
350708
350659
350610
350561
350512
350463
350413
350364
350315
350266
350233
350184
350135
350086
350037
349988
349939
349890
349840
349791
349742
349709
349660
349611
349562
349513
349464
349415
349366
349316
349267
349218
349185
349136
349087
349038
348989
348940
348891
348842
348793
348743
348694
348662
348612
348563
348514
348465
348416
348367
348318
348269
348219
348187
348138
348089
348039
347990
347941
347892
347843
347794
347761
347712
347663
347614
347565
347515
347466
347417
347368
347319
347286
347237
347188
347139
347090
347041
346992
346942
346893
346861
346811
346762
346713
346664
346615
346566
346517
346468
346435
346386
346337
346287
346238
346189
346140
346091
346042
346009
345960
345911
345862
345813
345764
345714
345665
345633
345583
345534
345485
345436
345387
345338
345289
345256
345207
345158
345109
345060
345010
344961
344912
344863
344830
344781
344732
344683
344634
344585
344536
344503
344454
344405
344355
344306
344257
344208
344159
344126
344077
344028
343979
343930
343881
343832
343782
343750
343701
343651
343602
343553
343504
343455
343422
343373
343324
343275
343226
343177
343128
343078
343046
342997
342947
342898
342849
342800
342751
342718
342669
342620
342571
342522
342473
342423
342391
342342
342292
342243
342194
342145
342096
342063
342014
341965
341916
341867
341818
341769
341736
341687
341638
341588
341539
341490
341457
341408
341359
341310
341261
341212
341163
341130
341081
341032
340983
340934
340884
340852
340803
340753
340704
340655
340606
340557
340524
340475
340426
340377
340328
340279
340246
340197
340148
340099
340049
340000
339968
339918
339869
339820
339771
339722
339673
339640
339591
339542
339493
339444
339394
339362
339313
339263
339214
339165
339116
339083
339034
338985
338936
338887
338838
338805
338756
338707
338658
338609
338559
338527
338478
338428
338379
338330
338297
338248
338199
338150
338101
338052
338019
337970
337921
337872
337823
337774
337741
337692
337643
337593
337544
337512
337462
337413
337364
337315
337266
337233
337184
337135
337086
337037
336988
336955
336906
336857
336808
336758
336726
336677
336627
336578
336529
336496
336447
336398
336349
336300
336251
336218
336169
336120
336071
336022
335989
335940
335891
335842
335792
335760
335711
335661
335612
335563
335530
335481
335432
335383
335334
335285
335252
335203
335154
335105
335056
335023
334974
334925
334876
334826
334794
334745
334695
334646
334597
334564
334515
334466
334417
334368
334335
334286
334237
334188
334139
334106
334057
334008
333959
333910
333877
333828
333779
333729
333680
333648
333598
333549
333500
333467
333418
333369
333320
333271
333238
333189
333140
333091
333042
333009
332960
332911
332862
332813
332780
332731
332682
332632
332600
332551
332501
332452
332403
332370
332321
332272
332223
332174
332141
332092
332043
331994
331961
331912
331863
331814
331765
331732
331683
331634
331585
331552
331503
331454
331404
331355
331323
331274
331224
331175
331143
331093
331044
330995
330946
330913
330864
330815
330766
330733
330684
330635
330586
330553
330504
330455
330406
330357
330324
330275
330226
330177
330144
330095
330046
329996
329964
329915
329865
329816
329767
329734
329685
329636
329587
329554
329505
329456
329407
329374
329325
329276
329227
329194
329145
329096
329047
329014
328965
328916
328867
328818
328785
328736
328687
328637
328605
328556
328506
328457
328425
328375
328326
328277
328245
328195
328146
328097
328064
328015
327966
327917
327884
327835
327786
327737
327704
327655
327606
327557
327524
327475
327426
327377
327344
327295
327246
327197
327164
327115
327066
327017
326984
326935
326886
326836
326804
326755
326705
326656
326624
326574
326525
326493
326443
326394
326345
326313
326263
326214
326165
326132
326083
326034
325985
325952
325903
325854
325805
325772
325723
325674
325625
325592
325543
325494
325461
325412
325363
325314
325281
325232
325183
325134
325101
325052
325003
324970
324921
324872
324823
324790
324741
324692
324642
324610
324561
324511
324462
324430
324380
324331
324299
324250
324200
324151
324119
324069
324020
323988
323938
323889
323840
323807
323758
323709
323660
323627
323578
323529
323496
323447
323398
323349
323316
323267
323218
323185
323136
323087
323038
323005
322956
322907
322874
322825
322776
322727
322694
322645
322596
322563
322514
322465
322416
322383
322334
322285
322252
322203
322154
322105
322072
322023
321974
321941
321892
321843
321810
321761
321712
321663
321630
321581
321532
321499
321450
321401
321352
321319
321270
321221
321188
321139
321090
321057
321008
320959
320909
320877
320828
320778
320746
320697
320647
320615
320566
320516
320467
320435
320386
320336
320304
320255
320205
320173
320124
320074
320025
319993
319943
319894
319862
319812
319763
319731
319681
319632
319600
319550
319501
319452
319420
319370
319321
319289
319239
319190
319158
319108
319059
319027
318977
318928
318896
318846
318797
318748
318715
318666
318617
318584
318535
318486
318453
318404
318355
318323
318273
318224
318192
318142
318093
318061
318011
317962
317930
317880
317831
317782
317749
317700
317651
317618
317569
317520
317487
317438
317389
317357
317307
317258
317226
317176
317127
317095
317045
