IEC 61083-2 TDG Version 2.1.0
Data File Version  2.1.0
21 LI-M9
16 bits, 7658 samples at 10ns
1.000000e-008
-83.1
0.0
27.7
-55.4
-27.7
53.9
-27.7
-55.4
27.7
0.0
-83.1
0.0
0.0
-163.1
-109.3
53.9
-27.7
-55.4
27.7
-53.9
-218.5
-53.9
27.7
-55.4
-27.7
53.9
-27.7
-55.4
27.7
0.0
-83.1
0.0
27.7
-55.4
-27.7
53.9
-27.7
-83.1
-83.1
-137.0
-218.5
-53.9
27.7
-55.4
-27.7
53.9
-109.3
-163.1
0.0
0.0
-83.1
0.0
0.0
-163.1
-109.3
53.9
-27.7
-55.4
27.7
-53.9
-218.5
-53.9
27.7
-55.4
-83.1
-83.1
-164.7
-163.1
0.0
0.0
-83.1
0.0
0.0
-163.1
-109.3
53.9
-27.7
-83.1
-83.1
-83.1
-83.1
0.0
0.0
-163.1
-109.3
53.9
-109.3
-163.1
0.0
0.0
-83.1
0.0
27.7
-55.4
-27.7
53.9
-27.7
-55.4
27.7
0.0
-83.1
0.0
27.7
-55.4
-27.7
53.9
-27.7
-55.4
27.7
0.0
-83.1
0.0
27.7
-55.4
-27.7
53.9
-27.7
-55.4
27.7
0.0
-83.1
0.0
27.7
-55.4
-27.7
53.9
-109.3
-163.1
0.0
0.0
-83.1
-83.1
-83.1
-83.1
-27.7
53.9
-27.7
-55.4
27.7
0.0
-83.1
0.0
27.7
-55.4
-27.7
53.9
-27.7
-55.4
27.7
0.0
-83.1
0.0
27.7
-55.4
-27.7
53.9
-27.7
-55.4
27.7
0.0
-83.1
0.0
27.7
-55.4
-27.7
53.9
-27.7
-55.4
27.7
0.0
-83.1
0.0
0.0
-163.1
-109.3
53.9
-27.7
-55.4
27.7
0.0
-83.1
0.0
27.7
-55.4
-27.7
53.9
-27.7
-55.4
27.7
0.0
-83.1
0.0
27.7
-55.4
-27.7
53.9
-27.7
-55.4
27.7
0.0
-83.1
0.0
27.7
-55.4
-27.7
53.9
-27.7
-55.4
27.7
0.0
-83.1
0.0
0.0
-163.1
-109.3
53.9
-27.7
-83.1
-83.1
-83.1
-83.1
0.0
27.7
-55.4
-27.7
53.9
-27.7
-55.4
27.7
0.0
-83.1
0.0
27.7
-55.4
-27.7
53.9
-27.7
-55.4
27.7
-53.9
-218.5
-53.9
27.7
-55.4
-27.7
53.9
-27.7
-55.4
27.7
0.0
-83.1
0.0
0.0
-163.1
-109.3
53.9
-27.7
-55.4
27.7
-53.9
-218.5
-53.9
27.7
-55.4
-27.7
53.9
-109.3
-163.1
0.0
0.0
-83.1
0.0
0.0
-163.1
-109.3
53.9
-27.7
-55.4
27.7
0.0
-83.1
0.0
27.7
-55.4
-27.7
53.9
-27.7
-55.4
27.7
-53.9
-218.5
-53.9
0.0
-163.1
-109.3
53.9
-27.7
-55.4
27.7
0.0
-83.1
0.0
27.7
-55.4
-27.7
53.9
-109.3
-163.1
0.0
-53.9
-218.5
-53.9
0.0
-163.1
-109.3
53.9
-27.7
-55.4
27.7
-53.9
-218.5
-53.9
27.7
-55.4
-27.7
53.9
-27.7
-55.4
27.7
0.0
-83.1
0.0
0.0
-163.1
-109.3
53.9
-109.3
-163.1
0.0
-55.4
-218.5
-53.9
27.7
-55.4
-27.7
53.9
-27.7
-55.4
27.7
0.0
-83.1
0.0
0.0
-163.1
-109.3
53.9
-27.7
-55.4
27.7
0.0
-83.1
0.0
27.7
-55.4
-27.7
53.9
-109.3
-163.1
0.0
0.0
-83.1
0.0
0.0
-163.1
-109.3
53.9
-27.7
-55.4
27.7
-55.4
-218.5
-53.9
27.7
-55.4
-83.1
-83.1
-164.7
-163.1
0.0
-55.4
-218.5
-53.9
0.0
-163.1
-109.3
53.9
-109.3
-163.1
0.0
0.0
-83.1
0.0
27.7
-55.4
-27.7
53.9
-27.7
-55.4
27.7
0.0
-83.1
0.0
0.0
-163.1
-109.3
53.9
-109.3
-163.1
0.0
-55.4
-218.5
-53.9
27.7
-55.4
-27.7
53.9
-109.3
-163.1
0.0
0.0
-83.1
-83.1
-109.3
-190.8
-109.3
53.9
-27.7
-55.4
27.7
-55.4
-218.5
-53.9
27.7
-55.4
-27.7
53.9
-27.7
-55.4
27.7
0.0
-83.1
0.0
27.7
-55.4
-27.7
53.9
-109.3
-163.1
0.0
-55.4
-218.5
-53.9
0.0
-163.1
-109.3
53.9
-109.3
-163.1
0.0
0.0
-83.1
0.0
0.0
-163.1
-109.3
53.9
-109.3
-163.1
0.0
-55.4
-218.5
-53.9
27.7
-55.4
-27.7
53.9
-109.3
-163.1
0.0
0.0
-83.1
0.0
0.0
-163.1
-109.3
53.9
-27.7
-55.4
27.7
0.0
-83.1
0.0
27.7
-55.4
-27.7
53.9
-109.3
-163.1
0.0
0.0
-83.1
0.0
27.7
-55.4
-27.7
53.9
-27.7
-55.4
27.7
0.0
-83.1
0.0
27.7
-55.4
-27.7
53.9
-109.3
-163.1
0.0
0.0
-83.1
0.0
27.7
-55.4
-27.7
53.9
-27.7
-55.4
27.7
-55.4
-218.5
-53.9
27.7
-55.4
-27.7
53.9
-27.7
-55.4
27.7
0.0
-83.1
0.0
27.7
-55.4
-27.7
53.9
-27.7
-55.4
27.7
0.0
-83.1
0.0
27.7
-55.4
-27.7
53.9
-27.7
-55.4
27.7
0.0
-83.1
0.0
0.0
-163.1
-109.3
53.9
-27.7
-55.4
27.7
-55.4
-218.5
-53.9
0.0
-163.1
-109.3
53.9
-109.3
-163.1
0.0
0.0
-83.1
0.0
0.0
-163.1
-109.3
53.9
-27.7
-55.4
27.7
0.0
-83.1
0.0
27.7
-55.4
-27.7
53.9
-109.3
-163.1
0.0
0.0
-83.1
0.0
0.0
-163.1
-109.3
53.9
-27.7
-55.4
27.7
-55.4
-218.5
-53.9
27.7
-55.4
-27.7
53.9
-109.3
-163.1
0.0
0.0
-83.1
0.0
0.0
-163.1
-109.3
53.9
-109.3
-163.1
0.0
-55.4
-218.5
-53.9
27.7
-55.4
-27.7
53.9
-27.7
-55.4
27.7
-55.4
-218.5
-53.9
0.0
-163.1
-109.3
53.9
-27.7
-55.4
27.7
0.0
-83.1
0.0
27.7
-55.4
-27.7
53.9
-109.3
-163.1
0.0
0.0
-83.1
-83.1
-83.1
-83.1
-27.7
53.9
-27.7
-55.4
27.7
0.0
-83.1
0.0
27.7
-55.4
-83.1
-83.1
-83.1
-55.4
27.7
0.0
-83.1
0.0
27.7
-55.4
-27.7
53.9
-27.7
-55.4
27.7
0.0
-83.1
0.0
27.7
-55.4
-27.7
53.9
-109.3
-163.1
0.0
0.0
-83.1
0.0
27.7
-55.4
-27.7
53.9
-27.7
-55.4
27.7
0.0
-83.1
0.0
27.7
-55.4
-27.7
53.9
-109.3
-163.1
0.0
0.0
-83.1
0.0
27.7
-55.4
-27.7
53.9
-27.7
-55.4
27.7
-55.4
-218.5
-53.9
27.7
-55.4
-27.7
53.9
-109.3
-163.1
0.0
0.0
-83.1
0.0
0.0
-163.1
-164.7
-83.1
-83.1
-55.4
27.7
-55.4
-218.5
-53.9
27.7
-55.4
-27.7
53.9
-27.7
-55.4
27.7
-55.4
-218.5
-137.0
-109.3
-190.8
-109.3
53.9
-27.7
-83.1
-83.1
-83.1
-83.1
-83.1
-164.7
-409.4
-327.8
-83.1
-246.2
-437.1
-681.7
-1035.7
-1445.0
-1769.7
-1988.3
-1988.3
-1769.7
-1443.5
-1443.5
-1634.3
-2205.3
-2994.7
-3893.4
-4792.2
-5826.3
-7132.9
-8385.5
-9610.5
-10917.0
-12088.1
-12985.3
-14047.2
-15190.6
-16089.3
-17068.1
-18211.5
-19137.9
-19955.1
-21751.0
-23520.7
-25235.1
-27384.9
-29753.3
-31795.4
-33782.2
-35659.6
-37266.3
-38735.9
-40207.1
-41539.8
-42601.7
-43717.4
-44862.3
-46330.5
-47881.7
-49597.6
-51367.3
-53163.2
-55286.9
-57438.3
-59642.0
-61684.2
-63643.2
-65031.3
-66228.6
-67045.7
-67807.5
-68543.1
-69195.6
-69794.2
-70285.1
-70993.0
-71810.2
-72952.1
-74177.1
-75565.1
-77062.5
-78613.7
-80084.9
-81445.3
-82588.7
-83622.9
-84601.6
-85337.2
-85937.4
-86262.1
-86589.9
-86916.2
-87242.4
-87624.1
-88113.4
-88712.1
-89366.1
-90018.6
-90754.2
-91652.9
-92496.2
-93313.4
-94130.6
-94864.6
-95435.6
-95844.9
-96171.2
-96415.9
-96606.7
-96688.2
-96769.8
-96852.9
-96932.9
-97014.5
-97097.6
-97288.4
-97533.1
-97940.9
-98348.7
-98756.5
-99165.9
-99573.7
-99901.5
-100200.0
-100446.3
-100526.3
-100526.3
-100444.7
-100363.2
-100281.6
-100144.6
-99981.5
-99818.4
-99738.4
-99819.9
-99899.9
-99981.5
-100064.6
-100173.9
-100335.5
-100498.6
-100663.2
-100743.3
-100798.7
-100798.7
-100743.3
-100663.2
-100498.6
-100335.5
-100172.3
-100009.2
-99846.1
-99764.5
-99710.7
-99710.7
-99764.5
-99846.1
-99927.6
-99981.5
-99981.5
-100036.9
-100118.5
-100118.5
-100118.5
-100118.5
-100009.2
-99846.1
-99846.1
-99792.2
-99627.6
-99519.8
-99438.3
-99355.2
-99329.0
-99410.6
-99382.9
-99301.3
-99382.9
-99466.0
-99546.0
-99573.7
-99573.7
-99492.1
-99438.3
-99438.3
-99382.9
-99301.3
-99301.3
-99273.6
-99192.1
-99112.0
-99030.5
-99030.5
-99030.5
-99030.5
-99030.5
-99030.5
-99030.5
-99030.5
-99030.5
-99030.5
-99030.5
-99030.5
-99002.8
-98919.7
-98893.5
-98893.5
-98811.9
-98730.4
-98648.8
-98622.7
-98622.7
-98622.7
-98595.0
-98511.9
-98539.6
-98622.7
-98622.7
-98622.7
-98622.7
-98567.3
-98484.2
-98567.3
-98595.0
-98511.9
-98484.2
-98484.2
-98404.1
-98348.7
-98348.7
-98294.9
-98211.8
-98130.2
-98104.0
-98185.6
-98267.2
-98348.7
-98267.2
-98211.8
-98211.8
-98211.8
-98211.8
-98130.2
-98104.0
-98185.6
-98104.0
-97940.9
-98022.5
-98050.2
-97968.6
-97994.8
-98076.3
-97994.8
-97968.6
-98050.2
-98022.5
-97940.9
-98022.5
-98050.2
-97968.6
-97940.9
-97940.9
-97859.4
-97831.7
-97913.2
-97885.5
-97804.0
-97804.0
-97776.3
-97696.2
-97722.4
-97804.0
-97722.4
-97696.2
-97776.3
-97804.0
-97804.0
-97804.0
-97776.3
-97696.2
-97722.4
-97804.0
-97640.8
-97560.8
-97640.8
-97614.7
-97533.1
-97614.7
-97640.8
-97560.8
-97587.0
-97668.5
-97587.0
-97560.8
-97640.8
-97559.3
-97396.1
-97477.7
-97505.4
-97423.8
-97451.5
-97533.1
-97450.0
-97423.8
-97505.4
-97477.7
-97396.1
-97477.7
-97477.7
-97314.6
-97314.6
-97396.1
-97314.6
-97286.9
-97368.4
-97342.3
-97260.7
-97342.3
-97368.4
-97286.9
-97260.7
-97260.7
-97179.2
-97151.5
-97233.0
-97206.9
-97125.3
-97206.9
-97233.0
-97151.5
-97179.2
-97260.7
-97096.1
-97042.2
-97205.3
-97206.9
-97125.3
-97125.3
-97097.6
-97014.5
-96988.3
-96988.3
-96988.3
-96988.3
-96988.3
-96988.3
-96988.3
-96988.3
-96960.6
-96879.1
-96906.8
-96988.3
-96906.8
-96852.9
-96852.9
-96797.5
-96715.9
-96797.5
-96825.2
-96742.1
-96714.4
-96714.4
-96714.4
-96714.4
-96714.4
-96714.4
-96714.4
-96714.4
-96688.2
-96606.7
-96634.4
-96714.4
-96634.4
-96579.0
-96579.0
-96579.0
-96579.0
-96579.0
-96552.8
-96471.3
-96499.0
-96579.0
-96499.0
-96443.6
-96443.6
-96443.6
-96443.6
-96443.6
-96417.4
-96334.3
-96306.6
-96306.6
-96306.6
-96306.6
-96306.6
-96306.6
-96306.6
-96306.6
-96280.4
-96198.9
-96225.0
-96306.6
-96225.0
-96171.2
-96171.2
-96171.2
-96171.2
-96171.2
-96171.2
-96171.2
-96171.2
-96171.2
-96089.6
-96035.7
-96035.7
-96035.7
-96035.7
-96035.7
-96035.7
-96035.7
-96035.7
-96035.7
-95954.2
-95926.5
-96008.0
-95980.3
-95898.8
-95898.8
-95898.8
-95898.8
-95898.8
-95898.8
-95817.2
-95763.4
-95763.4
-95763.4
-95763.4
-95763.4
-95763.4
-95763.4
-95763.4
-95763.4
-95681.8
-95654.1
-95735.7
-95708.0
-95626.4
-95626.4
-95626.4
-95626.4
-95626.4
-95626.4
-95544.8
-95517.1
-95598.7
-95572.5
-95491.0
-95491.0
-95491.0
-95491.0
-95491.0
-95491.0
-95409.4
-95381.7
-95463.3
-95437.1
-95355.5
-95355.5
-95355.5
-95355.5
-95355.5
-95355.5
-95355.5
-95355.5
-95355.5
-95300.1
-95218.6
-95218.6
-95218.6
-95218.6
-95218.6
-95218.6
-95137.0
-95109.3
-95190.9
-95163.2
-95083.2
-95164.7
-95190.9
-95109.3
-95083.2
-95083.2
-95083.2
-95083.2
-95083.2
-95027.8
-94947.7
-95027.8
-95055.5
-94973.9
-95001.6
-95083.2
-95001.6
-94947.7
-94947.7
-94892.3
-94810.8
-94892.3
-94920.0
-94836.9
-94809.2
-94809.2
-94809.2
-94809.2
-94809.2
-94755.4
-94673.8
-94755.4
-94783.1
-94701.5
-94673.8
-94673.8
-94673.8
-94673.8
-94673.8
-94619.9
-94536.8
-94536.8
-94536.8
-94536.8
-94536.8
-94536.8
-94536.8
-94536.8
-94536.8
-94483.0
-94401.4
-94401.4
-94401.4
-94401.4
-94401.4
-94401.4
-94401.4
-94401.4
-94401.4
-94401.4
-94401.4
-94319.9
-94266.0
-94266.0
-94266.0
-94266.0
-94266.0
-94266.0
-94266.0
-94266.0
-94266.0
-94184.4
-94129.0
-94129.0
-94129.0
-94129.0
-94129.0
-94129.0
-94129.0
-94021.3
-93858.2
-93939.7
-93965.9
-93885.9
-93912.0
-93993.6
-93912.0
-93885.9
-93965.9
-93939.7
-93858.2
-93939.7
-93965.9
-93885.9
-93858.2
-93858.2
-93776.6
-93748.9
-93830.5
-93802.8
-93721.2
-93721.2
-93693.5
-93612.0
-93639.7
-93721.2
-93639.7
-93612.0
-93693.5
-93667.4
-93585.8
-93667.4
-93693.5
-93612.0
-93585.8
-93585.8
-93504.2
-93476.5
-93558.1
-93531.9
-93450.4
-93531.9
-93558.1
-93476.5
-93450.4
-93450.4
-93367.3
-93341.1
-93422.7
-93395.0
-93313.4
-93395.0
-93422.7
-93339.6
-93313.4
-93313.4
-93231.8
-93204.1
-93285.7
-93258.0
-93178.0
-93259.5
-93285.7
-93204.1
-93231.8
-93313.4
-93148.7
-93067.2
-93150.3
-93122.6
-93041.0
-93122.6
-93150.3
-93067.2
-93094.9
-93178.0
-93094.9
-93041.0
-93041.0
-92985.6
-92905.6
-92985.6
-93013.3
-92931.8
-92959.5
-93041.0
-92959.5
-92904.1
-92904.1
-92850.2
-92768.6
-92850.2
-92877.9
-92796.3
-92824.0
-92904.1
-92824.0
-92796.3
-92877.9
-92850.2
-92768.6
-92768.6
-92742.5
-92659.4
-92631.7
-92631.7
-92631.7
-92631.7
-92631.7
-92631.7
-92631.7
-92631.7
-92605.5
-92523.9
-92496.2
-92496.2
-92496.2
-92496.2
-92496.2
-92496.2
-92496.2
-92414.7
-92360.8
-92360.8
-92360.8
-92360.8
-92360.8
-92360.8
-92360.8
-92307.0
-92223.9
-92307.0
-92333.1
-92251.6
-92223.9
-92223.9
-92223.9
-92223.9
-92223.9
-92223.9
-92223.9
-92142.3
-92088.4
-92088.4
-92088.4
-92088.4
-92088.4
-92088.4
-92088.4
-92088.4
-92088.4
-92006.9
-91951.5
-91951.5
-91951.5
-91951.5
-91951.5
-91951.5
-91951.5
-91951.5
-91951.5
-91951.5
-91923.8
-91842.2
-91816.0
-91816.0
-91816.0
-91816.0
-91816.0
-91816.0
-91816.0
-91816.0
-91788.3
-91706.8
-91680.6
-91680.6
-91680.6
-91680.6
-91680.6
-91680.6
-91680.6
-91680.6
-91652.9
-91571.4
-91543.7
-91543.7
-91543.7
-91543.7
-91543.7
-91543.7
-91543.7
-91543.7
-91516.0
-91434.4
-91408.2
-91408.2
-91408.2
-91408.2
-91408.2
-91408.2
-91408.2
-91408.2
-91408.2
-91408.2
-91352.8
-91272.8
-91272.8
-91272.8
-91272.8
-91272.8
-91272.8
-91272.8
-91245.1
-91162.0
-91135.9
-91135.9
-91135.9
-91135.9
-91135.9
-91135.9
-91135.9
-91135.9
-91108.2
-91026.6
-90998.9
-90998.9
-90998.9
-90998.9
-90998.9
-90998.9
-90998.9
-90998.9
-90972.7
-90891.2
-90863.5
-90863.5
-90863.5
-90863.5
-90863.5
-90863.5
-90863.5
-90863.5
-90837.3
-90754.2
-90726.5
-90726.5
-90726.5
-90726.5
-90726.5
-90672.6
-90591.1
-90672.6
-90700.3
-90618.8
-90591.1
-90591.1
-90591.1
-90591.1
-90591.1
-90537.2
-90454.1
-90537.2
-90563.4
-90481.8
-90454.1
-90454.1
-90454.1
-90454.1
-90454.1
-90400.3
-90318.7
-90318.7
-90318.7
-90318.7
-90318.7
-90318.7
-90318.7
-90318.7
-90318.7
-90318.7
-90318.7
-90318.7
-90291.0
-90211.0
-90183.3
-90183.3
-90183.3
-90183.3
-90183.3
-90183.3
-90183.3
-90101.7
-90074.0
-90155.6
-90127.9
-90046.3
-90046.3
-90046.3
-90046.3
-90046.3
-90046.3
-90046.3
-90018.6
-89937.0
-89910.9
-89910.9
-89910.9
-89910.9
-89910.9
-89910.9
-89910.9
-89829.3
-89803.2
-89883.2
-89857.0
-89775.5
-89775.5
-89775.5
-89775.5
-89775.5
-89775.5
-89775.5
-89775.5
-89775.5
-89720.1
-89638.5
-89638.5
-89638.5
-89638.5
-89638.5
-89638.5
-89556.9
-89529.2
-89610.8
-89584.6
-89503.1
-89503.1
-89503.1
-89503.1
-89503.1
-89503.1
-89503.1
-89475.4
-89392.3
-89366.1
-89366.1
-89284.5
-89256.8
-89338.4
-89310.7
-89230.7
-89230.7
-89230.7
-89230.7
-89284.5
-89366.1
-89284.5
-89230.7
-89230.7
-89175.3
-89095.3
-89175.3
-89203.0
-89121.4
-89093.7
-89093.7
-89093.7
-89093.7
-89093.7
-89039.9
-88956.8
-89039.9
-89067.6
-88984.5
-89012.2
-89093.7
-89012.2
-88956.8
-88956.8
-88902.9
-88821.3
-88902.9
-88930.6
-88849.0
-88876.7
-88956.8
-88795.2
-88713.6
-88795.2
-88767.5
-88685.9
-88767.5
-88795.2
-88713.6
-88741.3
-88821.3
-88739.8
-88713.6
-88795.2
-88712.1
-88548.9
-88632.0
-88658.2
-88576.6
-88604.3
-88685.9
-88604.3
-88548.9
-88548.9
-88495.1
-88413.5
-88495.1
-88548.9
-88548.9
-88548.9
-88548.9
-88467.4
-88441.2
-88522.8
-88495.1
-88413.5
-88413.5
-88385.8
-88304.3
-88276.6
-88276.6
-88276.6
-88276.6
-88276.6
-88276.6
-88276.6
-88195.0
-88168.8
-88248.9
-88222.7
-88141.1
-88141.1
-88141.1
-88141.1
-88141.1
-88141.1
-88059.6
-88005.7
-88005.7
-88005.7
-88005.7
-88005.7
-88005.7
-88005.7
-88005.7
-88005.7
-87922.6
-87896.4
-87978.0
-87950.3
-87868.7
-87950.3
-87978.0
-87896.4
-87868.7
-87868.7
-87868.7
-87868.7
-87868.7
-87868.7
-87868.7
-87868.7
-87841.0
-87759.5
-87733.3
-87733.3
-87733.3
-87733.3
-87733.3
-87679.5
-87597.9
-87597.9
-87597.9
-87597.9
-87597.9
-87597.9
-87597.9
-87597.9
-87597.9
-87597.9
-87597.9
-87514.8
-87460.9
-87460.9
-87460.9
-87460.9
-87460.9
-87460.9
-87460.9
-87460.9
-87460.9
-87379.4
-87325.5
-87325.5
-87325.5
-87325.5
-87325.5
-87325.5
-87325.5
-87325.5
-87325.5
-87243.9
-87188.5
-87188.5
-87188.5
-87188.5
-87188.5
-87188.5
-87188.5
-87188.5
-87188.5
-87107.0
-87051.6
-87051.6
-87051.6
-87051.6
-87051.6
-87051.6
-87051.6
-87051.6
-87051.6
-87051.6
-87025.4
-86943.9
-86916.2
-86916.2
-86916.2
-86916.2
-86916.2
-86916.2
-86916.2
-86834.6
-86779.2
-86779.2
-86779.2
-86779.2
-86779.2
-86779.2
-86779.2
-86779.2
-86779.2
-86697.6
-86643.8
-86643.8
-86643.8
-86643.8
-86643.8
-86643.8
-86643.8
-86643.8
-86643.8
-86643.8
-86617.6
-86536.0
-86508.3
-86508.3
-86508.3
-86508.3
-86508.3
-86508.3
-86508.3
-86426.8
-86399.1
-86480.6
-86452.9
-86371.4
-86371.4
-86371.4
-86371.4
-86371.4
-86371.4
-86289.8
-86263.7
-86343.7
-86317.5
-86236.0
-86317.5
-86343.7
-86263.7
-86236.0
-86236.0
-86154.4
-86100.5
-86100.5
-86100.5
-86100.5
-86100.5
-86100.5
-86100.5
-86100.5
-86100.5
-86100.5
-86100.5
-86100.5
-86045.1
-85963.6
-85963.6
-85963.6
-85963.6
-85963.6
-85963.6
-85963.6
-85935.9
-85854.3
-85828.1
-85828.1
-85828.1
-85828.1
-85828.1
-85828.1
-85828.1
-85828.1
-85828.1
-85828.1
-85828.1
-85828.1
-85745.0
-85718.9
-85800.4
-85772.7
-85691.2
-85691.2
-85663.5
-85581.9
-85609.6
-85691.2
-85609.6
-85555.8
-85555.8
-85555.8
-85555.8
-85555.8
-85555.8
-85555.8
-85500.4
-85420.3
-85420.3
-85420.3
-85420.3
-85420.3
-85420.3
-85420.3
-85420.3
-85420.3
-85364.9
-85283.4
-85364.9
-85392.6
-85309.5
-85281.8
-85281.8
-85281.8
-85281.8
-85281.8
-85228.0
-85146.4
-85228.0
-85255.7
-85174.1
-85146.4
-85146.4
-85146.4
-85146.4
-85146.4
-85092.5
-85011.0
-85092.5
-85120.2
-85038.7
-85011.0
-85011.0
-85011.0
-85011.0
-85011.0
-85011.0
-85011.0
-85011.0
-84983.3
-84901.7
-84874.0
-84874.0
-84874.0
-84874.0
-84874.0
-84820.2
-84738.6
-84820.2
-84847.9
-84766.3
-84792.5
-84874.0
-84792.5
-84738.6
-84738.6
-84738.6
-84738.6
-84738.6
-84710.9
-84629.3
-84657.0
-84738.6
-84657.0
-84601.6
-84601.6
-84601.6
-84601.6
-84601.6
-84573.9
-84493.9
-84520.1
-84601.6
-84520.1
-84466.2
-84466.2
-84412.3
-84330.8
-84412.3
-84438.5
-84358.5
-84384.6
-84466.2
-84384.6
-84330.8
-84330.8
-84330.8
-84330.8
-84330.8
-84303.1
-84221.5
-84249.2
-84330.8
-84247.7
-84221.5
-84303.1
-84221.5
-84058.4
-84140.0
-84193.8
-84193.8
-84193.8
-84193.8
-84112.3
-84086.1
-84166.1
-84140.0
-84058.4
-84058.4
-84058.4
-84058.4
-84004.5
-83923.0
-83923.0
-83923.0
-83923.0
-83923.0
-83923.0
-83923.0
-83923.0
-83923.0
-83923.0
-83923.0
-83923.0
-83895.3
-83812.2
-83786.0
-83786.0
-83786.0
-83786.0
-83786.0
-83786.0
-83786.0
-83704.4
-83650.6
-83650.6
-83650.6
-83650.6
-83650.6
-83650.6
-83650.6
-83650.6
-83650.6
-83650.6
-83622.9
-83541.3
-83515.2
-83515.2
-83515.2
-83515.2
-83515.2
-83515.2
-83515.2
-83432.1
-83404.4
-83487.5
-83515.2
-83515.2
-83432.1
-83376.7
-83376.7
-83376.7
-83376.7
-83376.7
-83376.7
-83376.7
-83322.8
-83241.2
-83241.2
-83241.2
-83241.2
-83241.2
-83241.2
-83241.2
-83241.2
-83241.2
-83241.2
-83241.2
-83241.2
-83215.1
-83132.0
-83104.3
-83104.3
-83104.3
-83104.3
-83104.3
-83050.4
-82968.8
-83050.4
-83078.1
-82996.6
-82968.8
-82968.8
-82968.8
-82968.8
-82968.8
-82968.8
-82968.8
-82887.3
-82833.4
-82833.4
-82833.4
-82833.4
-82833.4
-82833.4
-82833.4
-82833.4
-82833.4
-82833.4
-82833.4
-82833.4
-82779.6
-82696.5
-82696.5
-82696.5
-82696.5
-82696.5
-82696.5
-82696.5
-82696.5
-82696.5
-82642.6
-82561.0
-82561.0
-82561.0
-82561.0
-82561.0
-82561.0
-82561.0
-82561.0
-82561.0
-82561.0
-82561.0
-82479.5
-82425.6
-82425.6
-82425.6
-82425.6
-82425.6
-82425.6
-82425.6
-82425.6
-82425.6
-82342.5
-82288.7
-82288.7
-82288.7
-82288.7
-82288.7
-82288.7
-82288.7
-82288.7
-82288.7
-82207.1
-82153.2
-82153.2
-82153.2
-82153.2
-82153.2
-82125.5
-82044.0
-82070.1
-82153.2
-82070.1
-82016.3
-82016.3
-82016.3
-82016.3
-82016.3
-82016.3
-82016.3
-82016.3
-82016.3
-81934.7
-81907.0
-81988.6
-81960.9
-81880.8
-81880.8
-81880.8
-81880.8
-81825.4
-81745.4
-81827.0
-81853.1
-81771.6
-81745.4
-81745.4
-81745.4
-81745.4
-81745.4
-81745.4
-81745.4
-81745.4
-81717.7
-81634.6
-81662.3
-81745.4
-81662.3
-81608.5
-81608.5
-81608.5
-81608.5
-81608.5
-81580.8
-81499.2
-81471.5
-81471.5
-81471.5
-81499.2
-81580.8
-81553.1
-81471.5
-81471.5
-81471.5
-81471.5
-81471.5
-81471.5
-81391.5
-81336.1
-81336.1
-81336.1
-81336.1
-81336.1
-81309.9
-81226.8
-81254.5
-81336.1
-81254.5
-81226.8
-81309.9
-81282.2
-81199.1
-81199.1
-81199.1
-81199.1
-81199.1
-81199.1
-81199.1
-81199.1
-81199.1
-81145.2
-81063.7
-81145.2
-81172.9
-81091.4
-81063.7
-81063.7
-81063.7
-81063.7
-81063.7
-81009.8
-80928.3
-80928.3
-80928.3
-80928.3
-80928.3
-80928.3
-80928.3
-80928.3
-80928.3
-80874.4
-80791.3
-80874.4
-80900.6
-80819.0
-80737.4
-80655.9
-80737.4
-80763.6
-80683.6
-80655.9
-80655.9
-80655.9
-80655.9
-80655.9
-80655.9
-80655.9
-80655.9
-80628.2
-80546.6
-80574.3
-80655.9
-80574.3
-80546.6
-80628.2
-80600.5
-80518.9
-80518.9
-80518.9
-80518.9
-80518.9
-80518.9
-80437.3
-80411.2
-80491.2
-80465.0
-80383.5
-80383.5
-80383.5
-80383.5
-80383.5
-80383.5
-80301.9
-80275.8
-80355.8
-80329.6
-80248.1
-80329.6
-80355.8
-80274.2
-80248.1
-80248.1
-80165.0
-80138.8
-80220.4
-80192.7
-80111.1
-80192.7
-80220.4
-80138.8
-80111.1
-80111.1
-80029.5
-80001.8
-80083.4
-80055.7
-79975.7
-80057.2
-80083.4
-80001.8
-79975.7
-79975.7
-79894.1
-79866.4
-79948.0
-79920.3
-79840.2
-79921.8
-79948.0
-79866.4
-79894.1
-79975.7
-79811.0
-79729.4
-79812.5
-79784.8
-79703.3
-79784.8
-79812.5
-79729.4
-79757.1
-79840.2
-79757.1
-79729.4
-79812.5
-79784.8
-79703.3
-79703.3
-79675.6
-79594.0
-79566.3
-79566.3
-79566.3
-79566.3
-79566.3
-79566.3
-79566.3
-79566.3
-79566.3
-79566.3
-79512.5
-79429.4
-79512.5
-79540.2
-79457.1
-79429.4
-79429.4
-79429.4
-79429.4
-79429.4
-79429.4
-79429.4
-79429.4
-79403.2
-79321.6
-79293.9
-79293.9
-79293.9
-79293.9
-79293.9
-79293.9
-79293.9
-79293.9
-79267.8
-79186.2
-79158.5
-79158.5
-79158.5
-79158.5
-79158.5
-79158.5
-79158.5
-79158.5
-79158.5
-79158.5
-79158.5
-79158.5
-79076.9
-79021.5
-79021.5
-79021.5
-79021.5
-79021.5
-79021.5
-79021.5
-79021.5
-79021.5
-78940.0
-78886.1
-78886.1
-78886.1
-78886.1
-78886.1
-78886.1
-78886.1
-78886.1
-78886.1
-78804.6
-78750.7
-78750.7
-78750.7
-78750.7
-78750.7
-78750.7
-78750.7
-78750.7
-78750.7
-78750.7
-78723.0
-78641.4
-78613.7
-78613.7
-78613.7
-78613.7
-78613.7
-78613.7
-78613.7
-78613.7
-78586.0
-78504.5
-78478.3
-78478.3
-78478.3
-78478.3
-78478.3
-78478.3
-78478.3
-78478.3
-78478.3
-78478.3
-78422.9
-78341.3
-78422.9
-78450.6
-78369.0
-78341.3
-78341.3
-78341.3
-78341.3
-78341.3
-78341.3
-78341.3
-78341.3
-78313.6
-78232.1
-78205.9
-78205.9
-78205.9
-78205.9
-78205.9
-78205.9
-78205.9
-78205.9
-78205.9
-78205.9
-78150.5
-78070.5
-78070.5
-78070.5
-78070.5
-78070.5
-78070.5
-78070.5
-78070.5
-78070.5
-78070.5
-78070.5
-77987.4
-77933.5
-77933.5
-77933.5
-77933.5
-77933.5
-77933.5
-77933.5
-77878.1
-77798.1
-77798.1
-77798.1
-77798.1
-77798.1
-77798.1
-77798.1
-77798.1
-77798.1
-77798.1
-77798.1
-77798.1
-77770.4
-77688.8
-77661.1
-77661.1
-77661.1
-77661.1
-77661.1
-77661.1
-77661.1
-77661.1
-77635.0
-77551.9
-77579.6
-77661.1
-77579.6
-77524.2
-77524.2
-77524.2
-77524.2
-77442.6
-77388.8
-77388.8
-77388.8
-77388.8
-77388.8
-77388.8
-77388.8
-77388.8
-77388.8
-77388.8
-77388.8
-77388.8
-77334.9
-77253.3
-77253.3
-77253.3
-77253.3
-77253.3
-77253.3
-77253.3
-77253.3
-77253.3
-77253.3
-77253.3
-77253.3
-77225.6
-77144.1
-77116.4
-77116.4
-77116.4
-77116.4
-77116.4
-77116.4
-77116.4
-77116.4
-77090.2
-77008.6
-77034.8
-77116.4
-77034.8
-76980.9
-76980.9
-76980.9
-76980.9
-76980.9
-76980.9
-76980.9
-76980.9
-76980.9
-76899.4
-76844.0
-76844.0
-76844.0
-76844.0
-76844.0
-76844.0
-76844.0
-76844.0
-76844.0
-76762.4
-76736.3
-76816.3
-76790.1
-76708.6
-76708.6
-76708.6
-76708.6
-76708.6
-76708.6
-76708.6
-76708.6
-76708.6
-76708.6
-76708.6
-76545.4
-76463.9
-76545.4
-76517.7
-76436.2
-76517.7
-76545.4
-76463.9
-76436.2
-76436.2
-76436.2
-76436.2
-76436.2
-76436.2
-76436.2
-76436.2
-76408.5
-76326.9
-76354.6
-76436.2
-76354.6
-76326.9
-76408.5
-76382.3
-76300.7
-76300.7
-76300.7
-76300.7
-76300.7
-76300.7
-76219.2
-76191.5
-76273.0
-76245.3
-76165.3
-76165.3
-76165.3
-76165.3
-76165.3
-76165.3
-76082.2
-76054.5
-76137.6
-76109.9
-76028.4
-76028.4
-76028.4
-76028.4
-76028.4
-76028.4
-76028.4
-76028.4
-76028.4
-75973.0
-75892.9
-75973.0
-76000.7
-75919.1
-75892.9
-75892.9
-75892.9
-75892.9
-75892.9
-75837.5
-75756.0
-75837.5
-75865.2
-75782.1
-75809.8
-75891.4
-75809.8
-75754.4
-75754.4
-75700.6
-75619.0
-75700.6
-75728.3
-75646.7
-75674.4
-75754.4
-75674.4
-75646.7
-75728.3
-75700.6
-75619.0
-75619.0
-75592.8
-75511.3
-75539.0
-75619.0
-75537.4
-75511.3
-75592.8
-75565.1
-75483.6
-75483.6
-75455.9
-75374.3
-75402.0
-75483.6
-75483.6
-75483.6
-75483.6
-75429.7
-75346.6
-75429.7
-75455.9
-75374.3
-75346.6
-75346.6
-75346.6
-75320.5
-75238.9
-75211.2
-75211.2
-75211.2
-75211.2
-75211.2
-75211.2
-75211.2
-75211.2
-75211.2
-75211.2
-75211.2
-75211.2
-75129.6
-75075.8
-75075.8
-75075.8
-75075.8
-75075.8
-75075.8
-75075.8
-75020.4
-74938.8
-75021.9
-75048.1
-74966.5
-74938.8
-74938.8
-74938.8
-74938.8
-74938.8
-74938.8
-74938.8
-74857.2
-74831.1
-74911.1
-74885.0
-74803.4
-74803.4
-74803.4
-74803.4
-74803.4
-74803.4
-74803.4
-74803.4
-74803.4
-74803.4
-74803.4
-74803.4
-74775.7
-74694.1
-74668.0
-74668.0
-74668.0
-74668.0
-74668.0
-74668.0
-74668.0
-74668.0
-74640.3
-74558.7
-74531.0
-74531.0
-74531.0
-74531.0
-74531.0
-74531.0
-74531.0
-74531.0
-74531.0
-74531.0
-74531.0
-74531.0
-74449.4
-74395.6
-74395.6
-74395.6
-74395.6
-74395.6
-74395.6
-74395.6
-74395.6
-74395.6
-74395.6
-74367.9
-74284.8
-74258.6
-74258.6
-74258.6
-74258.6
-74258.6
-74258.6
-74258.6
-74258.6
-74258.6
-74258.6
-74258.6
-74258.6
-74177.1
-74123.2
-74123.2
-74123.2
-74123.2
-74123.2
-74123.2
-74123.2
-74123.2
-74123.2
-74041.6
-73987.8
-73987.8
-73987.8
-73987.8
-73987.8
-73987.8
-73987.8
-73987.8
-73987.8
-73987.8
-73960.1
-73877.0
-73904.7
-73986.2
-73904.7
-73849.3
-73849.3
-73849.3
-73849.3
-73849.3
-73849.3
-73849.3
-73849.3
-73849.3
-73769.2
-73713.8
-73713.8
-73713.8
-73713.8
-73713.8
-73713.8
-73713.8
-73713.8
-73713.8
-73713.8
-73713.8
-73713.8
-73660.0
-73578.4
-73578.4
-73578.4
-73578.4
-73578.4
-73578.4
-73578.4
-73578.4
-73578.4
-73524.6
-73441.5
-73441.5
-73441.5
-73441.5
-73441.5
-73441.5
-73441.5
-73441.5
-73441.5
-73441.5
-73441.5
-73359.9
-73306.0
-73306.0
-73306.0
-73306.0
-73306.0
-73306.0
-73306.0
-73306.0
-73306.0
-73306.0
-73306.0
-73306.0
-73250.6
-73169.1
-73252.2
-73278.3
-73196.8
-73169.1
-73169.1
-73169.1
-73141.4
-73061.3
-73033.6
-73033.6
-73033.6
-73033.6
-73033.6
-73033.6
-73033.6
-73033.6
-73005.9
-72925.9
-72952.1
-73033.6
-72952.1
-72898.2
-72898.2
-72898.2
-72898.2
-72898.2
-72898.2
-72898.2
-72898.2
-72898.2
-72898.2
-72870.5
-72789.0
-72761.3
-72761.3
-72842.8
-72870.5
-72789.0
-72761.3
-72761.3
-72761.3
-72761.3
-72761.3
-72761.3
-72761.3
-72761.3
-72733.6
-72652.0
-72679.7
-72761.3
-72679.7
-72625.8
-72625.8
-72625.8
-72625.8
-72625.8
-72598.1
-72516.6
-72544.3
-72625.8
-72544.3
-72516.6
-72598.1
-72572.0
-72490.4
-72490.4
-72490.4
-72490.4
-72490.4
-72490.4
-72407.3
-72381.1
-72462.7
-72435.0
-72353.4
-72435.0
-72462.7
-72379.6
-72353.4
-72353.4
-72353.4
-72353.4
-72353.4
-72353.4
-72353.4
-72353.4
-72325.7
-72244.2
-72218.0
-72218.0
-72218.0
-72218.0
-72218.0
-72162.6
-72081.1
-72162.6
-72190.3
-72107.2
-72081.1
-72081.1
-72081.1
-72107.2
-72190.3
-72162.6
-72079.5
-71999.5
-71971.8
-72053.4
-72025.7
-71944.1
-71944.1
-71944.1
-71944.1
-71944.1
-71944.1
-71864.1
-71836.4
-71917.9
-71890.2
-71808.7
-71808.7
-71808.7
-71808.7
-71808.7
-71808.7
-71808.7
-71808.7
-71808.7
-71754.8
-71671.7
-71754.8
-71782.5
-71699.4
-71671.7
-71671.7
-71671.7
-71671.7
-71671.7
-71671.7
-71671.7
-71671.7
-71645.5
-71564.0
-71591.7
-71671.7
-71590.1
-71536.3
-71536.3
-71536.3
-71536.3
-71536.3
-71510.1
-71428.6
-71454.7
-71536.3
-71454.7
-71428.6
-71510.1
-71482.4
-71400.9
-71400.9
-71400.9
-71400.9
-71400.9
-71400.9
-71319.3
-71291.6
-71373.2
-71345.5
-71263.9
-71347.0
-71373.2
-71291.6
-71263.9
-71263.9
-71263.9
-71263.9
-71263.9
-71210.0
-71128.5
-71210.0
-71236.2
-71156.2
-71182.3
-71263.9
-71182.3
-71156.2
-71237.7
-71210.0
-71128.5
-71128.5
-71100.8
-71020.7
-71046.9
-71128.5
-71046.9
-71020.7
-71102.3
-71074.6
-70993.0
-70993.0
-70993.0
-70993.0
-70937.6
-70856.1
-70856.1
-70856.1
-70856.1
-70856.1
-70856.1
-70856.1
-70856.1
-70856.1
-70856.1
-70856.1
-70856.1
-70828.4
-70746.8
-70720.7
-70720.7
-70720.7
-70720.7
-70720.7
-70720.7
-70720.7
-70720.7
-70720.7
-70720.7
-70720.7
-70720.7
-70637.6
-70583.7
-70583.7
-70583.7
-70583.7
-70583.7
-70583.7
-70583.7
-70583.7
-70583.7
-70583.7
-70583.7
-70583.7
-70528.3
-70448.3
-70448.3
-70448.3
-70448.3
-70448.3
-70448.3
-70448.3
-70448.3
-70448.3
-70448.3
-70448.3
-70448.3
-70420.6
-70339.0
-70312.8
-70312.8
-70312.8
-70312.8
-70312.8
-70312.8
-70312.8
-70312.8
-70312.8
-70312.8
-70312.8
-70312.8
-70229.7
-70175.9
-70175.9
-70175.9
-70175.9
-70175.9
-70175.9
-70175.9
-70175.9
-70175.9
-70175.9
-70175.9
-70175.9
-70120.5
-70038.9
-70038.9
-70038.9
-70038.9
-70038.9
-70038.9
-70038.9
-70038.9
-70038.9
-70038.9
-70038.9
-70038.9
-70012.8
-69931.2
-69903.5
-69903.5
-69903.5
-69903.5
-69903.5
-69903.5
-69903.5
-69903.5
-69877.3
-69794.2
-69821.9
-69903.5
-69821.9
-69766.5
-69766.5
-69766.5
-69766.5
-69766.5
-69766.5
-69766.5
-69766.5
-69766.5
-69685.0
-69631.1
-69631.1
-69631.1
-69631.1
-69631.1
-69631.1
-69631.1
-69631.1
-69631.1
-69631.1
-69631.1
-69631.1
-69577.2
-69494.1
-69494.1
-69494.1
-69494.1
-69494.1
-69494.1
-69494.1
-69494.1
-69494.1
-69494.1
-69494.1
-69494.1
-69466.4
-69386.4
-69358.7
-69358.7
-69358.7
-69358.7
-69358.7
-69358.7
-69358.7
-69358.7
-69358.7
-69358.7
-69358.7
-69358.7
-69277.2
-69223.3
-69223.3
-69223.3
-69223.3
-69141.7
-69114.0
-69195.6
-69223.3
-69223.3
-69141.7
-69086.3
-69086.3
-69086.3
-69086.3
-69086.3
-69086.3
-69086.3
-69086.3
-69086.3
-69086.3
-69086.3
-69086.3
-69032.5
-68950.9
-68950.9
-68950.9
-68950.9
-68950.9
-68950.9
-68950.9
-68923.2
-68841.6
-68869.3
-68950.9
-68950.9
-68950.9
-68950.9
-68897.0
-68815.5
-68815.5
-68815.5
-68815.5
-68760.1
-68678.5
-68760.1
-68787.8
-68704.7
-68678.5
-68678.5
-68678.5
-68678.5
-68678.5
-68678.5
-68678.5
-68678.5
-68678.5
-68678.5
-68678.5
-68678.5
-68597.0
-68543.1
-68543.1
-68543.1
-68543.1
-68543.1
-68543.1
-68543.1
-68543.1
-68543.1
-68543.1
-68543.1
-68543.1
-68487.7
-68406.1
-68487.7
-68515.4
-68432.3
-68406.1
-68406.1
-68406.1
-68406.1
-68406.1
-68406.1
-68406.1
-68406.1
-68378.4
-68296.9
-68324.6
-68406.1
-68324.6
-68270.7
-68270.7
-68270.7
-68270.7
-68270.7
-68270.7
-68270.7
-68270.7
-68269.2
-68189.1
-68161.4
-68243.0
-68215.3
-68133.7
-68133.7
-68133.7
-68133.7
-68133.7
-68133.7
-68052.2
-68024.5
-68107.6
-68079.9
-67996.8
-68079.9
-68107.6
-68024.5
-67942.9
-67861.4
-67942.9
-67970.6
-67889.1
-67916.8
-67996.8
-67915.2
-67861.4
-67861.4
-67861.4
-67861.4
-67861.4
-67861.4
-67861.4
-67861.4
-67861.4
-67861.4
-67861.4
-67861.4
-67807.5
-67725.9
-67807.5
-67835.2
-67753.6
-67725.9
-67725.9
-67644.4
-67616.7
-67699.8
-67725.9
-67725.9
-67725.9
-67698.2
-67616.7
-67644.4
-67725.9
-67644.4
-67589.0
-67589.0
-67589.0
-67589.0
-67589.0
-67561.3
-67481.2
-67507.4
-67589.0
-67507.4
-67453.5
-67453.5
-67453.5
-67453.5
-67453.5
-67453.5
-67453.5
-67453.5
-67453.5
-67453.5
-67453.5
-67453.5
-67399.7
-67318.1
-67399.7
-67425.8
-67345.8
-67318.1
-67318.1
-67318.1
-67318.1
-67318.1
-67318.1
-67318.1
-67318.1
-67290.4
-67208.9
-67236.6
-67318.1
-67236.6
-67181.2
-67181.2
-67181.2
-67181.2
-67181.2
-67153.5
-67071.9
-67099.6
-67181.2
-67099.6
-67073.4
-67153.5
-67127.3
-67045.7
-67045.7
-67045.7
-67045.7
-67045.7
-67045.7
-66962.6
-66936.5
-67018.0
-66990.3
-66908.8
-66990.3
-67018.0
-66936.5
-66908.8
-66908.8
-66827.2
-66799.5
-66881.1
-66854.9
-66773.4
-66854.9
-66881.1
-66799.5
-66827.2
-66908.8
-66827.2
-66773.4
-66773.4
-66773.4
-66773.4
-66773.4
-66745.6
-66664.1
-66691.8
-66773.4
-66691.8
-66664.1
-66745.6
-66717.9
-66637.9
-66719.5
-66745.6
-66664.1
-66637.9
-66637.9
-66637.9
-66610.2
-66527.1
-66501.0
-66501.0
-66501.0
-66501.0
-66501.0
-66501.0
-66501.0
-66501.0
-66501.0
-66501.0
-66501.0
-66501.0
-66419.4
-66365.5
-66365.5
-66365.5
-66365.5
-66365.5
-66365.5
-66365.5
-66365.5
-66365.5
-66365.5
-66365.5
-66365.5
-66310.1
-66228.6
-66228.6
-66228.6
-66228.6
-66284.0
-66364.0
-66284.0
-66228.6
-66228.6
-66228.6
-66228.6
-66228.6
-66202.4
-66119.3
-66147.0
-66228.6
-66147.0
-66091.6
-66091.6
-66091.6
-66091.6
-66091.6
-66091.6
-66091.6
-66091.6
-66091.6
-66091.6
-66065.5
-65983.9
-65956.2
-65956.2
-65956.2
-65956.2
-65956.2
-65956.2
-65956.2
-65956.2
-65956.2
-65956.2
-65902.3
-65819.2
-65902.3
-65928.5
-65846.9
-65819.2
-65819.2
-65819.2
-65819.2
-65819.2
-65819.2
-65819.2
-65819.2
-65819.2
-65819.2
-65819.2
-65819.2
-65737.7
-65683.8
-65683.8
-65683.8
-65683.8
-65683.8
-65683.8
-65683.8
-65683.8
-65683.8
-65683.8
-65683.8
-65683.8
-65683.8
-65683.8
-65683.8
-65656.1
-65576.1
-65548.4
-65548.4
-65548.4
-65548.4
-65548.4
-65548.4
-65548.4
-65548.4
-65548.4
-65548.4
-65493.0
-65411.4
-65411.4
-65411.4
-65411.4
-65411.4
-65411.4
-65411.4
-65411.4
-65411.4
-65411.4
-65411.4
-65329.9
-65303.7
-65385.3
-65357.6
-65276.0
-65276.0
-65276.0
-65276.0
-65276.0
-65276.0
-65276.0
-65276.0
-65276.0
-65222.1
-65140.6
-65140.6
-65140.6
-65140.6
-65140.6
-65140.6
-65140.6
-65140.6
-65140.6
-65140.6
-65140.6
-65057.5
-65003.6
-65003.6
-65003.6
-65003.6
-65003.6
-65003.6
-65003.6
-65003.6
-65003.6
-65003.6
-65003.6
-65003.6
-65003.6
-65003.6
-65003.6
-65003.6
-65003.6
-64949.7
-64868.2
-64868.2
-64868.2
-64868.2
-64868.2
-64868.2
-64868.2
-64840.5
-64758.9
-64732.8
-64732.8
-64732.8
-64732.8
-64732.8
-64732.8
-64732.8
-64732.8
-64732.8
-64732.8
-64732.8
-64732.8
-64732.8
-64732.8
-64732.8
-64732.8
-64732.8
-64649.7
-64595.8
-64595.8
-64595.8
-64595.8
-64595.8
-64595.8
-64595.8
-64540.4
-64460.4
-64540.4
-64568.1
-64486.5
-64514.2
-64595.8
-64514.2
-64460.4
-64460.4
-64460.4
-64458.8
-64377.3
-64321.9
-64321.9
-64321.9
-64321.9
-64321.9
-64321.9
-64321.9
-64321.9
-64321.9
-64321.9
-64321.9
-64321.9
-64268.0
-64186.4
-64268.0
-64295.7
-64214.1
-64186.4
-64186.4
-64186.4
-64186.4
-64186.4
-64186.4
-64186.4
-64186.4
-64186.4
-64186.4
-64186.4
-64186.4
-64104.9
-64078.7
-64160.3
-64132.6
-64051.0
-64051.0
-64051.0
-64051.0
-64051.0
-64051.0
-64051.0
-64051.0
-64051.0
-64051.0
-64051.0
-64051.0
-64023.3
-63941.8
-63914.1
-63914.1
-63914.1
-63914.1
-63914.1
-63914.1
-63914.1
-63914.1
-63914.1
-63914.1
-63914.1
-63914.1
-63832.5
-63778.6
-63778.6
-63778.6
-63778.6
-63778.6
-63778.6
-63778.6
-63778.6
-63778.6
-63697.1
-63670.9
-63752.5
-63778.6
-63778.6
-63778.6
-63750.9
-63670.9
-63697.1
-63778.6
-63697.1
-63643.2
-63643.2
-63643.2
-63643.2
-63643.2
-63615.5
-63533.9
-63561.6
-63643.2
-63561.6
-63533.9
-63615.5
-63587.8
-63506.2
-63424.7
-63398.5
-63480.1
-63506.2
-63506.2
-63506.2
-63478.5
-63397.0
-63370.8
-63370.8
-63370.8
-63370.8
-63370.8
-63370.8
-63370.8
-63370.8
-63370.8
-63370.8
-63370.8
-63370.8
-63287.7
-63261.6
-63343.1
-63315.4
-63233.9
-63233.9
-63206.2
-63124.6
-63152.3
-63233.9
-63233.9
-63233.9
-63233.9
-63180.0
-63098.4
-63180.0
-63206.2
-63124.6
-63098.4
-63098.4
-63098.4
-63098.4
-63098.4
-63098.4
-63098.4
-63098.4
-63098.4
-63098.4
-63098.4
-63098.4
-63016.9
-62963.0
-62963.0
-62963.0
-62963.0
-62963.0
-62963.0
-62963.0
-62963.0
-62963.0
-62879.9
-62853.7
-62935.3
-62907.6
-62826.0
-62907.6
-62935.3
-62852.2
-62879.9
-62963.0
-62879.9
-62826.0
-62826.0
-62826.0
-62826.0
-62826.0
-62798.3
-62716.8
-62744.5
-62826.0
-62744.5
-62690.6
-62690.6
-62690.6
-62690.6
-62690.6
-62662.9
-62581.4
-62609.1
-62690.6
-62609.1
-62581.4
-62662.9
-62635.2
-62555.2
-62635.2
-62662.9
-62581.4
-62555.2
-62553.7
-62472.1
-62444.4
-62527.5
-62499.8
-62418.2
-62499.8
-62527.5
-62444.4
-62416.7
-62416.7
-62416.7
-62444.4
-62527.5
-62499.8
-62416.7
-62416.7
-62390.5
-62309.0
-62336.7
-62416.7
-62336.7
-62309.0
-62390.5
-62362.8
-62281.3
-62281.3
-62281.3
-62281.3
-62281.3
-62281.3
-62281.3
-62253.6
-62172.0
-62144.3
-62144.3
-62144.3
-62144.3
-62144.3
-62144.3
-62144.3
-62144.3
-62144.3
-62144.3
-62144.3
-62144.3
-62062.7
-62036.6
-62118.1
-62090.4
-62008.9
-62008.9
-62008.9
-62008.9
-62008.9
-62008.9
-62008.9
-62008.9
-62008.9
-62008.9
-62008.9
-62008.9
-62008.9
-62008.9
-62008.9
-62008.9
-61927.3
-61873.5
-61873.5
-61873.5
-61873.5
-61873.5
-61873.5
-61873.5
-61873.5
-61873.5
-61791.9
-61764.2
-61845.8
-61818.1
-61736.5
-61736.5
-61736.5
-61736.5
-61736.5
-61736.5
-61736.5
-61736.5
-61736.5
-61736.5
-61736.5
-61736.5
-61708.8
-61628.8
-61601.1
-61601.1
-61601.1
-61601.1
-61601.1
-61601.1
-61601.1
-61601.1
-61601.1
-61601.1
-61601.1
-61601.1
-61519.5
-61465.6
-61465.6
-61465.6
-61465.6
-61465.6
-61465.6
-61465.6
-61465.6
-61465.6
-61465.6
-61465.6
-61465.6
-61410.2
-61328.7
-61328.7
-61328.7
-61328.7
-61384.1
-61465.6
-61382.5
-61328.7
-61328.7
-61328.7
-61328.7
-61328.7
-61328.7
-61328.7
-61328.7
-61328.7
-61247.1
-61221.0
-61301.0
-61274.8
-61193.3
-61193.3
-61193.3
-61193.3
-61193.3
-61193.3
-61193.3
-61193.3
-61193.3
-61193.3
-61193.3
-61193.3
-61165.6
-61084.0
-61057.8
-61057.8
-61057.8
-61057.8
-61057.8
-61057.8
-61057.8
-60974.7
-60948.6
-61030.1
-61002.4
-60920.9
-60920.9
-60920.9
-60920.9
-60920.9
-60920.9
-60920.9
-60920.9
-60920.9
-60920.9
-60920.9
-60920.9
-60920.9
-60920.9
-60865.5
-60785.4
-60785.4
-60785.4
-60785.4
-60785.4
-60785.4
-60785.4
-60785.4
-60785.4
-60785.4
-60785.4
-60785.4
-60757.7
-60674.6
-60648.5
-60648.5
-60648.5
-60648.5
-60648.5
-60648.5
-60648.5
-60648.5
-60648.5
-60648.5
-60648.5
-60648.5
-60648.5
-60648.5
-60648.5
-60593.1
-60511.5
-60511.5
-60511.5
-60511.5
-60511.5
-60511.5
-60511.5
-60511.5
-60511.5
-60511.5
-60511.5
-60431.5
-60376.1
-60376.1
-60376.1
-60376.1
-60376.1
-60376.1
-60376.1
-60376.1
-60376.1
-60376.1
-60376.1
-60376.1
-60376.1
-60376.1
-60294.5
-60239.1
-60239.1
-60239.1
-60239.1
-60239.1
-60239.1
-60239.1
-60239.1
-60239.1
-60239.1
-60213.0
-60131.4
-60159.1
-60239.1
-60157.6
-60131.4
-60213.0
-60185.3
-60103.7
-60103.7
-60103.7
-60103.7
-60103.7
-60103.7
-60103.7
-60103.7
-60103.7
-60049.8
-59968.3
-59968.3
-59968.3
-59968.3
-59968.3
-59968.3
-59968.3
-59968.3
-59968.3
-59968.3
-59968.3
-59968.3
-59968.3
-59968.3
-59912.9
-59831.3
-59831.3
-59831.3
-59831.3
-59831.3
-59831.3
-59831.3
-59831.3
-59831.3
-59831.3
-59831.3
-59831.3
-59831.3
-59831.3
-59777.5
-59695.9
-59695.9
-59723.6
-59805.2
-59777.5
-59695.9
-59695.9
-59695.9
-59695.9
-59695.9
-59695.9
-59695.9
-59695.9
-59695.9
-59640.5
-59558.9
-59642.0
-59668.2
-59586.6
-59614.3
-59695.9
-59612.8
-59558.9
-59558.9
-59558.9
-59558.9
-59558.9
-59558.9
-59558.9
-59558.9
-59558.9
-59477.4
-59423.5
-59423.5
-59423.5
-59423.5
-59423.5
-59423.5
-59423.5
-59423.5
-59423.5
-59423.5
-59423.5
-59423.5
-59369.6
-59288.1
-59369.6
-59395.8
-59314.2
-59341.9
-59423.5
-59341.9
-59288.1
-59288.1
-59288.1
-59288.1
-59288.1
-59288.1
-59288.1
-59288.1
-59288.1
-59205.0
-59178.8
-59260.4
-59232.7
-59151.1
-59069.6
-59015.7
-59015.7
-59069.6
-59151.1
-59069.6
-59015.7
-59015.7
-59015.7
-59015.7
-59015.7
-59015.7
-59015.7
-59015.7
-59015.7
-59015.7
-59015.7
-59015.7
-59015.7
-59015.7
-58934.1
-58906.4
-58988.0
-58960.3
-58880.3
-58961.8
-58988.0
-58906.4
-58880.3
-58880.3
-58880.3
-58880.3
-58880.3
-58824.9
-58743.3
-58824.9
-58852.6
-58769.5
-58797.2
-58880.3
-58797.2
-58769.5
-58852.6
-58824.9
-58743.3
-58743.3
-58743.3
-58743.3
-58743.3
-58743.3
-58743.3
-58743.3
-58743.3
-58687.9
-58607.9
-58687.9
-58715.6
-58634.0
-58606.3
-58606.3
-58606.3
-58606.3
-58606.3
-58606.3
-58606.3
-58606.3
-58580.2
-58497.1
-58524.8
-58606.3
-58524.8
-58497.1
-58580.2
-58552.5
-58469.4
-58469.4
-58469.4
-58469.4
-58469.4
-58469.4
-58387.8
-58361.7
-58443.2
-58415.5
-58334.0
-58415.5
-58443.2
-58361.7
-58389.4
-58469.4
-58387.8
-58334.0
-58334.0
-58334.0
-58334.0
-58334.0
-58334.0
-58334.0
-58334.0
-58334.0
-58252.4
-58226.2
-58307.8
-58280.1
-58198.5
-58280.1
-58307.8
-58226.2
-58198.5
-58198.5
-58117.0
-58089.3
-58172.4
-58144.7
-58061.6
-58144.7
-58170.8
-58089.3
-58117.0
-58198.5
-58117.0
-58089.3
-58172.4
-58144.7
-58061.6
-58061.6
-58033.9
-57953.9
-57980.0
-58061.6
-57980.0
-57953.9
-58035.4
-58007.7
-57926.2
-58007.7
-58033.9
-57953.9
-57926.2
-57926.2
-57926.2
-57926.2
-57926.2
-57872.3
-57790.7
-57790.7
-57818.4
-57900.0
-57872.3
-57790.7
-57790.7
-57790.7
-57790.7
-57790.7
-57790.7
-57790.7
-57790.7
-57790.7
-57735.3
-57653.8
-57653.8
-57653.8
-57653.8
-57653.8
-57653.8
-57653.8
-57653.8
-57653.8
-57653.8
-57653.8
-57653.8
-57653.8
-57653.8
-57653.8
-57653.8
-57653.8
-57653.8
-57653.8
-57599.9
-57518.3
-57518.3
-57518.3
-57518.3
-57518.3
-57518.3
-57518.3
-57518.3
-57518.3
-57518.3
-57518.3
-57518.3
-57490.6
-57409.1
-57436.8
-57518.3
-57436.8
-57382.9
-57382.9
-57382.9
-57382.9
-57382.9
-57382.9
-57382.9
-57382.9
-57382.9
-57299.8
-57273.7
-57355.2
-57327.5
-57246.0
-57246.0
-57246.0
-57246.0
-57246.0
-57246.0
-57246.0
-57246.0
-57246.0
-57190.6
-57110.5
-57192.1
-57218.3
-57136.7
-57164.4
-57246.0
-57164.4
-57110.5
-57110.5
-57110.5
-57110.5
-57110.5
-57110.5
-57110.5
-57110.5
-57110.5
-57110.5
-57110.5
-57110.5
-57055.1
-56973.6
-57055.1
-57082.8
-56999.7
-56973.6
-56973.6
-56973.6
-56973.6
-56973.6
-56973.6
-56973.6
-56973.6
-56973.6
-56973.6
-56973.6
-56972.0
-56892.0
-56864.3
-56945.9
-56918.2
-56838.1
-56838.1
-56838.1
-56838.1
-56838.1
-56838.1
-56838.1
-56838.1
-56838.1
-56838.1
-56836.6
-56756.6
-56701.2
-56701.2
-56701.2
-56701.2
-56701.2
-56701.2
-56701.2
-56701.2
-56701.2
-56701.2
-56701.2
-56701.2
-56701.2
-56701.2
-56701.2
-56675.0
-56591.9
-56564.2
-56564.2
-56564.2
-56564.2
-56564.2
-56564.2
-56564.2
-56564.2
-56564.2
-56564.2
-56564.2
-56564.2
-56564.2
-56538.1
-56456.5
-56484.2
-56564.2
-56482.7
-56428.8
-56428.8
-56428.8
-56428.8
-56428.8
-56428.8
-56428.8
-56428.8
-56428.8
-56347.2
-56293.4
-56293.4
-56293.4
-56293.4
-56293.4
-56293.4
-56293.4
-56293.4
-56293.4
-56293.4
-56293.4
-56293.4
-56293.4
-56293.4
-56293.4
-56293.4
-56293.4
-56239.5
-56156.4
-56156.4
-56156.4
-56156.4
-56156.4
-56156.4
-56156.4
-56156.4
-56156.4
-56156.4
-56156.4
-56156.4
-56156.4
-56156.4
-56156.4
-56156.4
-56074.8
-56021.0
-56021.0
-56021.0
-56021.0
-56021.0
-56021.0
-56021.0
-56021.0
-56021.0
-56021.0
-56021.0
-56021.0
-56021.0
-56021.0
-55939.4
-55884.0
-55884.0
-55884.0
-55884.0
-55884.0
-55884.0
-55884.0
-55884.0
-55884.0
-55884.0
-55884.0
-55884.0
-55884.0
-55884.0
-55802.5
-55748.6
-55748.6
-55748.6
-55748.6
-55748.6
-55748.6
-55748.6
-55748.6
-55748.6
-55748.6
-55748.6
-55748.6
-55694.7
-55613.2
-55613.2
-55613.2
-55613.2
-55613.2
-55613.2
-55613.2
-55613.2
-55613.2
-55613.2
-55613.2
-55613.2
-55585.5
-55503.9
-55531.6
-55613.2
-55530.1
-55476.2
-55476.2
-55476.2
-55476.2
-55476.2
-55476.2
-55476.2
-55476.2
-55476.2
-55476.2
-55476.2
-55476.2
-55476.2
-55476.2
-55394.6
-55366.9
-55448.5
-55420.8
-55340.8
-55340.8
-55340.8
-55340.8
-55340.8
-55340.8
-55340.8
-55340.8
-55340.8
-55285.4
-55205.4
-55286.9
-55313.1
-55231.5
-55259.2
-55340.8
-55259.2
-55205.4
-55205.4
-55205.4
-55205.4
-55205.4
-55205.4
-55205.4
-55205.4
-55205.4
-55205.4
-55205.4
-55205.4
-55150.0
-55068.4
-55150.0
-55177.7
-55094.6
-55122.3
-55205.4
-55122.3
-55068.4
-55068.4
-55068.4
-55068.4
-55068.4
-55068.4
-55068.4
-55068.4
-55066.9
-54986.8
-54959.1
-55040.7
-55013.0
-54933.0
-54933.0
-54933.0
-54933.0
-54986.8
-55066.9
-54986.8
-54933.0
-54933.0
-54933.0
-54933.0
-54933.0
-54877.6
-54714.4
-54768.3
-54931.4
-54851.4
-54823.7
-54905.3
-54822.2
-54660.6
-54742.1
-54796.0
-54796.0
-54851.4
-54931.4
-54851.4
-54796.0
-54796.0
-54686.7
-54525.2
-54688.3
-54769.8
-54686.7
-54714.4
-54796.0
-54714.4
-54659.0
-54659.0
-54605.2
-54523.6
-54605.2
-54659.0
-54659.0
-54659.0
-54659.0
-54577.5
-54523.6
-54523.6
-54523.6
-54523.6
-54523.6
-54523.6
-54523.6
-54469.8
-54386.7
-54469.8
-54469.8
-54305.1
-54306.6
-54386.7
-54386.7
-54386.7
-54386.7
-54332.8
-54251.2
-54332.8
-54360.5
-54278.9
-54306.6
-54386.7
-54305.1
-54278.9
-54360.5
-54332.8
-54251.2
-54251.2
-54251.2
-54251.2
-54251.2
-54251.2
-54169.7
-54143.5
-54225.1
-54251.2
-54251.2
-54251.2
-54223.5
-54143.5
-54169.7
-54251.2
-54169.7
-54115.8
-54115.8
-54115.8
-54115.8
-54115.8
-54088.1
-54006.5
-54034.2
-54115.8
-54034.2
-54006.5
-54088.1
-54060.4
-53978.8
-54061.9
-54088.1
-54006.5
-53978.8
-53978.8
-53978.8
-53978.8
-53978.8
-53925.0
-53843.4
-53925.0
-53951.1
-53869.6
-53897.3
-53978.8
-53897.3
-53871.1
-53952.7
-53925.0
-53843.4
-53843.4
-53843.4
-53843.4
-53843.4
-53843.4
-53843.4
-53843.4
-53843.4
-53789.6
-53708.0
-53789.6
-53815.7
-53734.2
-53761.9
-53843.4
-53761.9
-53735.7
-53815.7
-53789.6
-53708.0
-53708.0
-53680.3
-53598.7
-53626.4
-53708.0
-53708.0
-53708.0
-53708.0
-53652.6
-53571.0
-53652.6
-53680.3
-53598.7
-53626.4
-53708.0
-53624.9
-53598.7
-53680.3
-53652.6
-53571.0
-53571.0
-53571.0
-53571.0
-53515.6
-53435.6
-53435.6
-53435.6
-53435.6
-53435.6
-53435.6
-53435.6
-53435.6
-53435.6
-53435.6
-53435.6
-53435.6
-53435.6
-53435.6
-53435.6
-53435.6
-53352.5
-53298.6
-53298.6
-53298.6
-53298.6
-53298.6
-53298.6
-53298.6
-53298.6
-53298.6
-53298.6
-53298.6
-53298.6
-53298.6
-53298.6
-53217.1
-53163.2
-53163.2
-53217.1
-53298.6
-53217.1
-53163.2
-53163.2
-53163.2
-53163.2
-53163.2
-53163.2
-53163.2
-53163.2
-53163.2
-53163.2
-53163.2
-53163.2
-53107.8
-53027.8
-53107.8
-53135.5
-53054.0
-53081.7
-53161.7
-53081.7
-53027.8
-53027.8
-53027.8
-53027.8
-53027.8
-53000.1
-52917.0
-52944.7
-53027.8
-53027.8
-53027.8
-53027.8
-52972.4
-52889.3
-52889.3
-52889.3
-52889.3
-52889.3
-52889.3
-52889.3
-52889.3
-52889.3
-52889.3
-52889.3
-52889.3
-52863.1
-52781.6
-52809.3
-52889.3
-52807.7
-52781.6
-52863.1
-52835.4
-52753.9
-52753.9
-52753.9
-52753.9
-52753.9
-52753.9
-52672.3
-52646.1
-52727.7
-52700.0
-52618.4
-52700.0
-52727.7
-52646.1
-52618.4
-52618.4
-52618.4
-52618.4
-52618.4
-52618.4
-52618.4
-52618.4
-52618.4
-52618.4
-52618.4
-52618.4
-52618.4
-52618.4
-52618.4
-52564.6
-52481.5
-52564.6
-52590.7
-52509.2
-52481.5
-52481.5
-52481.5
-52481.5
-52481.5
-52481.5
-52481.5
-52481.5
-52481.5
-52481.5
-52481.5
-52481.5
-52399.9
-52346.1
-52346.1
-52346.1
-52346.1
-52346.1
-52346.1
-52346.1
-52346.1
-52346.1
-52346.1
-52346.1
-52346.1
-52346.1
-52346.1
-52264.5
-52236.8
-52318.4
-52290.7
-52209.1
-52209.1
-52209.1
-52209.1
-52209.1
-52209.1
-52209.1
-52209.1
-52209.1
-52209.1
-52209.1
-52127.5
-52101.4
-52182.9
-52155.2
-52073.7
-52155.2
-52181.4
-52101.4
-52073.7
-52073.7
-52073.7
-52073.7
-52073.7
-52073.7
-52073.7
-52073.7
-52073.7
-52073.7
-52073.7
-52073.7
-51992.1
-51938.2
-51938.2
-51938.2
-51938.2
-51938.2
-51938.2
-51938.2
-51938.2
-51938.2
-51938.2
-51938.2
-51938.2
-51938.2
-51938.2
-51938.2
-51910.5
-51829.0
-51801.3
-51801.3
-51801.3
-51801.3
-51801.3
-51801.3
-51801.3
-51801.3
-51801.3
-51801.3
-51801.3
-51801.3
-51801.3
-51801.3
-51801.3
-51747.4
-51665.9
-51747.4
-51773.6
-51692.0
-51665.9
-51665.9
-51665.9
-51665.9
-51665.9
-51665.9
-51665.9
-51665.9
-51665.9
-51665.9
-51665.9
-51665.9
-51584.3
-51530.4
-51530.4
-51584.3
-51665.9
-51584.3
-51530.4
-51530.4
-51530.4
-51530.4
-51530.4
-51530.4
-51530.4
-51530.4
-51530.4
-51530.4
-51530.4
-51530.4
-51475.0
-51393.5
-51393.5
-51393.5
-51393.5
-51393.5
-51393.5
-51393.5
-51393.5
-51393.5
-51393.5
-51393.5
-51393.5
-51393.5
-51393.5
-51393.5
-51393.5
-51311.9
-51258.0
-51258.0
-51258.0
-51258.0
-51258.0
-51258.0
-51258.0
-51258.0
-51258.0
-51258.0
-51258.0
-51258.0
-51258.0
-51256.5
-51176.5
-51148.8
-51230.3
-51202.6
-51122.6
-51122.6
-51122.6
-51122.6
-51122.6
-51122.6
-51122.6
-51122.6
-51122.6
-51122.6
-51122.6
-51122.6
-51094.9
-51011.8
-51039.5
-51121.1
-51039.5
-51011.8
-51094.9
-51067.2
-50984.1
-50984.1
-50984.1
-50984.1
-50984.1
-50984.1
-50984.1
-50984.1
-50984.1
-50984.1
-50984.1
-50984.1
-50958.0
-50876.4
-50904.1
-50984.1
-50902.6
-50876.4
-50958.0
-50930.3
-50848.7
-50848.7
-50848.7
-50848.7
-50848.7
-50848.7
-50767.1
-50739.4
-50822.5
-50848.7
-50848.7
-50848.7
-50821.0
-50739.4
-50711.7
-50711.7
-50711.7
-50711.7
-50711.7
-50657.9
-50576.3
-50657.9
-50711.7
-50711.7
-50711.7
-50711.7
-50630.2
-50604.0
-50685.6
-50657.9
-50576.3
-50657.9
-50685.6
-50604.0
-50522.4
-50440.9
-50522.4
-50576.3
-50576.3
-50576.3
-50576.3
-50576.3
-50576.3
-50576.3
-50576.3
-50576.3
-50494.7
-50440.9
-50440.9
-50440.9
-50440.9
-50440.9
-50440.9
-50440.9
-50440.9
-50440.9
-50440.9
-50440.9
-50440.9
-50440.9
-50440.9
-50359.3
-50331.6
-50413.2
-50385.5
-50303.9
-50303.9
-50303.9
-50303.9
-50303.9
-50303.9
-50303.9
-50303.9
-50303.9
-50303.9
-50303.9
-50303.9
-50303.9
-50303.9
-50303.9
-50303.9
-50222.4
-50196.2
-50277.8
-50250.1
-50168.5
-50168.5
-50168.5
-50168.5
-50168.5
-50168.5
-50168.5
-50168.5
-50168.5
-50168.5
-50168.5
-50168.5
-50168.5
-50168.5
-50168.5
-50168.5
-50086.9
-50033.1
-50033.1
-50033.1
-50033.1
-50033.1
-50033.1
-50033.1
-50033.1
-50033.1
-50033.1
-50033.1
-50033.1
-50033.1
-50033.1
-50033.1
-50005.4
-49923.8
-49896.1
-49896.1
-49896.1
-49896.1
-49896.1
-49896.1
-49896.1
-49896.1
-49896.1
-49896.1
-49896.1
-49896.1
-49896.1
-49896.1
-49896.1
-49896.1
-49896.1
-49896.1
-49868.4
-49786.8
-49760.7
-49760.7
-49760.7
-49760.7
-49760.7
-49760.7
-49760.7
-49760.7
-49733.0
-49649.9
-49677.6
-49760.7
-49677.6
-49651.4
-49733.0
-49705.3
-49623.7
-49705.3
-49733.0
-49649.9
-49623.7
-49623.7
-49623.7
-49623.7
-49623.7
-49623.7
-49623.7
-49623.7
-49596.0
-49514.5
-49542.2
-49623.7
-49542.2
-49514.5
-49596.0
-49568.3
-49488.3
-49569.9
-49596.0
-49514.5
-49488.3
-49488.3
-49488.3
-49488.3
-49488.3
-49488.3
-49488.3
-49488.3
-49460.6
-49379.0
-49406.7
-49488.3
-49406.7
-49379.0
-49460.6
-49432.9
-49352.9
-49352.9
-49352.9
-49352.9
-49352.9
-49352.9
-49352.9
-49352.9
-49352.9
-49352.9
-49352.9
-49352.9
-49325.2
-49242.1
-49269.8
-49351.3
-49269.8
-49242.1
-49325.2
-49297.5
-49215.9
-49215.9
-49215.9
-49215.9
-49215.9
-49215.9
-49215.9
-49215.9
-49215.9
-49215.9
-49214.4
-49134.4
-49079.0
-49079.0
-49079.0
-49079.0
-49079.0
-49079.0
-49079.0
-49079.0
-49079.0
-49079.0
-49079.0
-49079.0
-49025.1
-48945.1
-49025.1
-49052.8
-48971.2
-48998.9
-49079.0
-48997.4
-48943.5
-48943.5
-48943.5
-48943.5
-48943.5
-48943.5
-48943.5
-48943.5
-48943.5
-48943.5
-48943.5
-48943.5
-48889.7
-48806.6
-48806.6
-48806.6
-48806.6
-48862.0
-48943.5
-48862.0
-48806.6
-48806.6
-48806.6
-48806.6
-48806.6
-48806.6
-48806.6
-48806.6
-48806.6
-48725.0
-48698.8
-48780.4
-48752.7
-48671.1
-48752.7
-48780.4
-48698.8
-48726.5
-48806.6
-48725.0
-48671.1
-48671.1
-48671.1
-48671.1
-48671.1
-48643.4
-48563.4
-48591.1
-48671.1
-48589.6
-48563.4
-48645.0
-48617.3
-48535.7
-48617.3
-48643.4
-48563.4
-48535.7
-48535.7
-48535.7
-48535.7
-48535.7
-48535.7
-48535.7
-48535.7
-48508.0
-48426.5
-48454.2
-48535.7
-48454.2
-48426.5
-48509.6
-48480.3
-48398.8
-48481.9
-48508.0
-48426.5
-48398.8
-48398.8
-48398.8
-48398.8
-48398.8
-48398.8
-48398.8
-48398.8
-48371.1
-48291.0
-48317.2
-48398.8
-48317.2
-48263.3
-48263.3
-48263.3
-48263.3
-48263.3
-48263.3
-48263.3
-48263.3
-48263.3
-48263.3
-48263.3
-48263.3
-48263.3
-48263.3
-48263.3
-48235.6
-48154.1
-48181.8
-48263.3
-48180.2
-48154.1
-48235.6
-48207.9
-48126.4
-48126.4
-48126.4
-48126.4
-48126.4
-48126.4
-48126.4
-48126.4
-48126.4
-48126.4
-48126.4
-48126.4
-48098.7
-48017.1
-47990.9
-47990.9
-47990.9
-47990.9
-47990.9
-47990.9
-47990.9
-47990.9
-47990.9
-47990.9
-47990.9
-47990.9
-47909.4
-47883.2
-47963.2
-47937.1
-47855.5
-47937.1
-47963.2
-47881.7
-47855.5
-47855.5
-47855.5
-47855.5
-47855.5
-47855.5
-47855.5
-47855.5
-47827.8
-47744.7
-47774.0
-47855.5
-47772.4
-47746.3
-47827.8
-47800.1
-47718.6
-47800.1
-47827.8
-47744.7
-47718.6
-47718.6
-47718.6
-47718.6
-47718.6
-47718.6
-47718.6
-47718.6
-47718.6
-47718.6
-47718.6
-47718.6
-47637.0
-47583.1
-47583.1
-47583.1
-47583.1
-47583.1
-47583.1
-47583.1
-47583.1
-47583.1
-47583.1
-47583.1
-47583.1
-47583.1
-47583.1
-47583.1
-47583.1
-47583.1
-47583.1
-47583.1
-47501.6
-47447.7
-47447.7
-47447.7
-47447.7
-47447.7
-47447.7
-47447.7
-47447.7
-47447.7
-47447.7
-47447.7
-47447.7
-47447.7
-47447.7
-47447.7
-47420.0
-47336.9
-47310.7
-47310.7
-47310.7
-47310.7
-47310.7
-47310.7
-47310.7
-47310.7
-47310.7
-47310.7
-47310.7
-47310.7
-47310.7
-47310.7
-47310.7
-47310.7
-47309.2
-47229.2
-47173.8
-47173.8
-47229.2
-47309.2
-47229.2
-47173.8
-47173.8
-47173.8
-47173.8
-47173.8
-47173.8
-47173.8
-47173.8
-47173.8
-47173.8
-47173.8
-47173.8
-47173.8
-47173.8
-47092.2
-47064.5
-47147.6
-47173.8
-47173.8
-47092.2
-47036.8
-47036.8
-47036.8
-47036.8
-47036.8
-47036.8
-47036.8
-47036.8
-47036.8
-47036.8
-47036.8
-47036.8
-46983.0
-46901.4
-46901.4
-46901.4
-46901.4
-46901.4
-46901.4
-46901.4
-46901.4
-46901.4
-46901.4
-46901.4
-46901.4
-46875.2
-46793.7
-46821.4
-46901.4
-46819.8
-46793.7
-46875.2
-46847.5
-46766.0
-46847.5
-46875.2
-46793.7
-46766.0
-46766.0
-46766.0
-46766.0
-46766.0
-46766.0
-46766.0
-46766.0
-46738.3
-46656.7
-46684.4
-46766.0
-46684.4
-46656.7
-46739.8
-46710.6
-46629.0
-46629.0
-46629.0
-46629.0
-46629.0
-46629.0
-46629.0
-46629.0
-46629.0
-46629.0
-46629.0
-46629.0
-46629.0
-46629.0
-46629.0
-46629.0
-46547.4
-46521.3
-46602.8
-46575.1
-46493.6
-46493.6
-46493.6
-46493.6
-46547.4
-46629.0
-46547.4
-46493.6
-46493.6
-46493.6
-46493.6
-46493.6
-46493.6
-46493.6
-46493.6
-46493.6
-46412.0
-46385.9
-46467.4
-46439.7
-46358.2
-46358.2
-46358.2
-46358.2
-46412.0
-46493.6
-46412.0
-46358.2
-46358.2
-46358.2
-46358.2
-46358.2
-46330.5
-46248.9
-46276.6
-46358.2
-46275.1
-46248.9
-46330.5
-46302.8
-46221.2
-46304.3
-46330.5
-46248.9
-46276.6
-46358.2
-46275.1
-46221.2
-46221.2
-46221.2
-46221.2
-46221.2
-46221.2
-46221.2
-46221.2
-46221.2
-46221.2
-46221.2
-46221.2
-46167.3
-46085.8
-46167.3
-46193.5
-46111.9
-46085.8
-46085.8
-46085.8
-46085.8
-46085.8
-46085.8
-46085.8
-46085.8
-46085.8
-46085.8
-46030.4
-45948.8
-45948.8
-45948.8
-45948.8
-45948.8
-45948.8
-45948.8
-45948.8
-45948.8
-45948.8
-45948.8
-45948.8
-45948.8
-45948.8
-45948.8
-45948.8
-45867.2
-45839.5
-45921.1
-45893.4
-45813.4
-45813.4
-45813.4
-45813.4
-45813.4
-45813.4
-45813.4
-45813.4
-45813.4
-45813.4
-45813.4
-45813.4
-45813.4
-45813.4
-45813.4
-45813.4
-45813.4
-45813.4
-45813.4
-45758.0
-45678.0
-45678.0
-45678.0
-45678.0
-45678.0
-45678.0
-45678.0
-45678.0
-45678.0
-45678.0
-45678.0
-45678.0
-45678.0
-45678.0
-45678.0
-45678.0
-45678.0
-45650.3
-45567.2
-45541.0
-45541.0
-45541.0
-45541.0
-45541.0
-45541.0
-45541.0
-45541.0
-45541.0
-45541.0
-45541.0
-45541.0
-45541.0
-45513.3
-45431.7
-45459.4
-45539.5
-45459.4
-45431.7
-45513.3
-45485.6
-45405.6
-45487.1
-45513.3
-45431.7
-45405.6
-45405.6
-45405.6
-45405.6
-45405.6
-45405.6
-45405.6
-45405.6
-45377.9
-45296.3
-45324.0
-45404.0
-45324.0
-45296.3
-45377.9
-45350.2
-45270.1
-45350.2
-45377.9
-45296.3
-45268.6
-45268.6
-45268.6
-45268.6
-45268.6
-45268.6
-45268.6
-45268.6
-45240.9
-45159.3
-45187.0
-45268.6
-45268.6
-45268.6
-45268.6
-45214.7
-45131.6
-45131.6
-45131.6
-45131.6
-45131.6
-45131.6
-45131.6
-45131.6
-45131.6
-45131.6
-45131.6
-45131.6
-45105.5
-45023.9
-45051.6
-45131.6
-45050.1
-45023.9
-45105.5
-45077.8
-44996.2
-44996.2
-44996.2
-44996.2
-44996.2
-44996.2
-44996.2
-44996.2
-44996.2
-44996.2
-44996.2
-44996.2
-44970.1
-44888.5
-44916.2
-44996.2
-44996.2
-44996.2
-44996.2
-44942.4
-44860.8
-44942.4
-44970.1
-44888.5
-44860.8
-44860.8
-44860.8
-44860.8
-44860.8
-44860.8
-44860.8
-44779.2
-44723.8
-44723.8
-44723.8
-44723.8
-44723.8
-44723.8
-44723.8
-44723.8
-44723.8
-44723.8
-44723.8
-44723.8
-44723.8
-44723.8
-44723.8
-44723.8
-44723.8
-44723.8
-44723.8
-44642.3
-44588.4
-44588.4
-44588.4
-44588.4
-44670.0
-44696.1
-44616.1
-44588.4
-44588.4
-44588.4
-44588.4
-44588.4
-44588.4
-44588.4
-44588.4
-44560.7
-44479.1
-44506.8
-44588.4
-44506.8
-44479.1
-44560.7
-44533.0
-44451.4
-44534.5
-44560.7
-44479.1
-44451.4
-44451.4
-44451.4
-44451.4
-44451.4
-44451.4
-44451.4
-44451.4
-44423.7
-44342.2
-44369.9
-44451.4
-44369.9
-44343.7
-44425.3
-44397.6
-44316.0
-44397.6
-44423.7
-44342.2
-44316.0
-44316.0
-44316.0
-44316.0
-44316.0
-44316.0
-44316.0
-44316.0
-44316.0
-44316.0
-44316.0
-44316.0
-44234.5
-44208.3
-44288.3
-44262.2
-44180.6
-44262.2
-44288.3
-44206.8
-44180.6
-44180.6
-44180.6
-44180.6
-44180.6
-44180.6
-44180.6
-44180.6
-44180.6
-44180.6
-44180.6
-44180.6
-44097.5
-44071.3
-44152.9
-44125.2
-44043.6
-44125.2
-44152.9
-44069.8
-44043.6
-44043.6
-44043.6
-44043.6
-44043.6
-44043.6
-44043.6
-44043.6
-44043.6
-44043.6
-44043.6
-44043.6
-43962.1
-43935.9
-44015.9
-43988.2
-43908.2
-43908.2
-43908.2
-43908.2
-43908.2
-43908.2
-43908.2
-43908.2
-43908.2
-43908.2
-43908.2
-43908.2
-43908.2
-43908.2
-43908.2
-43908.2
-43908.2
-43908.2
-43908.2
-43852.8
-43772.8
-43854.3
-43880.5
-43798.9
-43772.8
-43772.8
-43772.8
-43798.9
-43880.5
-43852.8
-43772.8
-43772.8
-43772.8
-43772.8
-43772.8
-43772.8
-43772.8
-43772.8
-43772.8
-43772.8
-43772.8
-43689.7
-43635.8
-43635.8
-43635.8
-43635.8
-43635.8
-43635.8
-43635.8
-43635.8
-43635.8
-43635.8
-43635.8
-43635.8
-43635.8
-43635.8
-43635.8
-43608.1
-43526.6
-43500.4
-43500.4
-43582.0
-43608.1
-43526.6
-43500.4
-43500.4
-43500.4
-43500.4
-43500.4
-43500.4
-43500.4
-43500.4
-43500.4
-43500.4
-43500.4
-43498.9
-43417.3
-43389.6
-43472.7
-43445.0
-43363.4
-43445.0
-43472.7
-43389.6
-43417.3
-43498.9
-43417.3
-43389.6
-43472.7
-43445.0
-43361.9
-43361.9
-43361.9
-43361.9
-43361.9
-43361.9
-43361.9
-43361.9
-43361.9
-43361.9
-43361.9
-43361.9
-43335.7
-43254.2
-43226.5
-43226.5
-43226.5
-43254.2
-43335.7
-43308.0
-43226.5
-43226.5
-43226.5
-43226.5
-43226.5
-43226.5
-43226.5
-43226.5
-43226.5
-43226.5
-43226.5
-43226.5
-43200.3
-43118.7
-43146.4
-43226.5
-43144.9
-43118.7
-43200.3
-43172.6
-43091.0
-43091.0
-43091.0
-43091.0
-43091.0
-43091.0
-43091.0
-43091.0
-43091.0
-43091.0
-43091.0
-43091.0
-43063.3
-42981.8
-42954.1
-42954.1
-42954.1
-42954.1
-42954.1
-42954.1
-42954.1
-42954.1
-42954.1
-42954.1
-42954.1
-42954.1
-42954.1
-42954.1
-42954.1
-42954.1
-42954.1
-42954.1
-42926.4
-42846.4
-42874.1
-42954.1
-42872.5
-42846.4
-42927.9
-42900.2
-42818.7
-42818.7
-42818.7
-42818.7
-42818.7
-42818.7
-42818.7
-42818.7
-42818.7
-42818.7
-42818.7
-42818.7
-42818.7
-42818.7
-42818.7
-42818.7
-42818.7
-42818.7
-42818.7
-42764.8
-42683.2
-42683.2
-42683.2
-42683.2
-42737.1
-42818.7
-42737.1
-42655.5
-42574.0
-42546.3
-42546.3
-42629.4
-42655.5
-42574.0
-42546.3
-42546.3
-42546.3
-42546.3
-42546.3
-42546.3
-42546.3
-42546.3
-42546.3
-42546.3
-42546.3
-42546.3
-42546.3
-42546.3
-42546.3
-42546.3
-42546.3
-42546.3
-42518.6
-42437.0
-42464.7
-42546.3
-42464.7
-42438.5
-42520.1
-42492.4
-42410.8
-42410.8
-42410.8
-42410.8
-42410.8
-42410.8
-42410.8
-42410.8
-42410.8
-42355.4
-42273.9
-42355.4
-42383.1
-42301.6
-42329.3
-42410.8
-42327.7
-42301.6
-42383.1
-42355.4
-42273.9
-42273.9
-42273.9
-42273.9
-42273.9
-42273.9
-42273.9
-42273.9
-42273.9
-42273.9
-42273.9
-42273.9
-42246.2
-42164.6
-42192.3
-42273.9
-42192.3
-42166.2
-42246.2
-42218.5
-42138.5
-42138.5
-42138.5
-42138.5
-42192.3
-42273.9
-42192.3
-42138.5
-42138.5
-42138.5
-42138.5
-42138.5
-42138.5
-42138.5
-42138.5
-42138.5
-42138.5
-42138.5
-42138.5
-42083.1
-42003.0
-42084.6
-42110.8
-42029.2
-42056.9
-42138.5
-42056.9
-42030.7
-42110.8
-42083.1
-42003.0
-42003.0
-42003.0
-42003.0
-42003.0
-42003.0
-42003.0
-42003.0
-42003.0
-41947.6
-41866.1
-41947.6
-41975.3
-41892.2
-41919.9
-42003.0
-41919.9
-41893.8
-41975.3
-41947.6
-41866.1
-41866.1
-41838.4
-41756.8
-41784.5
-41866.1
-41866.1
-41866.1
-41866.1
-41810.7
-41730.7
-41730.7
-41730.7
-41730.7
-41730.7
-41730.7
-41730.7
-41730.7
-41730.7
-41730.7
-41730.7
-41730.7
-41730.7
-41730.7
-41730.7
-41730.7
-41730.7
-41730.7
-41730.7
-41730.7
-41729.1
-41649.1
-41621.4
-41703.0
-41675.2
-41595.2
-41595.2
-41595.2
-41595.2
-41595.2
-41595.2
-41595.2
-41595.2
-41595.2
-41539.8
-41458.3
-41539.8
-41567.5
-41484.4
-41512.1
-41593.7
-41512.1
-41484.4
-41567.5
-41539.8
-41456.7
-41456.7
-41456.7
-41456.7
-41456.7
-41456.7
-41456.7
-41456.7
-41456.7
-41456.7
-41456.7
-41456.7
-41456.7
-41456.7
-41456.7
-41456.7
-41375.2
-41349.0
-41430.6
-41456.7
-41456.7
-41456.7
-41430.6
-41349.0
-41376.7
-41456.7
-41375.2
-41321.3
-41321.3
-41321.3
-41321.3
-41321.3
-41321.3
-41321.3
-41321.3
-41321.3
-41321.3
-41321.3
-41321.3
-41321.3
-41321.3
-41321.3
-41295.1
-41213.6
-41185.9
-41185.9
-41185.9
-41185.9
-41185.9
-41185.9
-41185.9
-41185.9
-41185.9
-41185.9
-41185.9
-41185.9
-41185.9
-41185.9
-41185.9
-41185.9
-41185.9
-41185.9
-41158.2
-41076.6
-41104.3
-41185.9
-41185.9
-41185.9
-41185.9
-41132.0
-41048.9
-41132.0
-41158.2
-41076.6
-41048.9
-41048.9
-41048.9
-41048.9
-41048.9
-41048.9
-41048.9
-41048.9
-41021.2
-40941.2
-40968.9
-41048.9
-41048.9
-41048.9
-41048.9
-40995.1
-40913.5
-40913.5
-40913.5
-40913.5
-40913.5
-40913.5
-40913.5
-40913.5
-40913.5
-40913.5
-40913.5
-40913.5
-40885.8
-40804.2
-40831.9
-40913.5
-40913.5
-40913.5
-40913.5
-40858.1
-40776.5
-40859.6
-40885.8
-40804.2
-40831.9
-40913.5
-40831.9
-40776.5
-40776.5
-40776.5
-40776.5
-40776.5
-40748.8
-40667.3
-40695.0
-40776.5
-40776.5
-40776.5
-40776.5
-40722.7
-40641.1
-40722.7
-40748.8
-40667.3
-40641.1
-40641.1
-40641.1
-40668.8
-40750.4
-40722.7
-40641.1
-40641.1
-40613.4
-40531.8
-40559.5
-40641.1
-40593.4
-40588.8
-40670.3
-40644.2
-40564.2
-40564.2
-40564.2
-40565.7
-40565.7
-40567.2
-40568.8
-40568.8
-40570.3
-40570.3
-40571.9
-40490.3
-40436.4
-40438.0
-40438.0
-40439.5
-40441.0
-40441.0
-40442.6
-40442.6
-40444.1
-40445.7
-40445.7
-40447.2
-40447.2
-40448.7
-40448.7
-40422.6
-40341.0
-40370.3
-40451.8
-40371.8
-40317.9
-40319.5
-40321.0
-40321.0
-40321.0
-40321.0
-40322.5
-40324.1
-40324.1
-40325.6
-40325.6
-40327.2
-40328.7
-40328.7
-40330.2
-40331.8
-40331.8
-40333.3
-40333.3
-40251.8
-40197.9
-40199.4
-40201.0
-40201.0
-40202.5
-40204.1
-40204.1
-40205.6
-40205.6
-40205.6
-40207.1
-40207.1
-40208.7
-40208.7
-40210.2
-40211.7
-40211.7
-40159.4
-40077.9
-40077.9
-40079.4
-40079.4
-40080.9
-40082.5
-40082.5
-40084.0
-40084.0
-40085.6
-40087.1
-40087.1
-40088.6
-40088.6
-40034.8
-39954.7
-40036.3
-40064.0
-39984.0
-40011.7
-40094.8
-40013.2
-39988.6
-40070.2
-40042.5
-39962.4
-39962.4
-39964.0
-39965.5
-39965.5
-39967.1
-39967.1
-39968.6
-39970.1
-39914.7
-39834.7
-39917.8
-39945.5
-39864.0
-39893.2
-39974.8
-39893.2
-39868.6
-39950.1
-39924.0
-39843.9
-39845.5
-39845.5
-39845.5
-39845.5
-39847.0
-39848.6
-39848.6
-39850.1
-39796.2
-39716.2
-39799.3
-39853.2
-39854.7
-39854.7
-39856.3
-39774.7
-39720.8
-39722.4
-39722.4
-39723.9
-39725.4
-39725.4
-39727.0
-39727.0
-39727.0
-39728.5
-39728.5
-39730.1
-39676.2
-39596.2
-39679.3
-39705.4
-39625.4
-39653.1
-39736.2
-39654.7
-39600.8
-39602.3
-39603.9
-39603.9
-39605.4
-39605.4
-39607.0
-39608.5
-39608.5
-39608.5
-39610.0
-39610.0
-39556.2
-39476.1
-39559.2
-39614.6
-39614.6
-39616.2
-39616.2
-39534.6
-39510.0
-39593.1
-39565.4
-39483.8
-39485.4
-39486.9
-39486.9
-39488.5
-39488.5
-39490.0
-39463.8
-39382.3
-39356.1
-39356.1
-39357.6
-39359.2
-39359.2
-39360.7
-39362.3
-39362.3
-39362.3
-39362.3
-39363.8
-39365.3
-39365.3
-39366.9
-39366.9
-39368.4
-39370.0
-39370.0
-39343.8
-39262.2
-39236.1
-39237.6
-39237.6
-39266.9
-39348.4
-39322.3
-39242.2
-39242.2
-39242.2
-39243.8
-39243.8
-39245.3
-39245.3
-39246.8
-39248.4
-39193.0
-39113.0
-39196.1
-39223.8
-39142.2
-39171.4
-39253.0
-39173.0
-39146.8
-39228.4
-39202.2
-39122.2
-39122.2
-39122.2
-39123.7
-39123.7
-39125.3
-39126.8
-39126.8
-39128.4
-39074.5
-38992.9
-39076.0
-39103.7
-39022.2
-39051.4
-39133.0
-39052.9
-39026.8
-39108.3
-39082.2
-39002.2
-39002.2
-39002.2
-39003.7
-39005.2
-39005.2
-39006.8
-39006.8
-39008.3
-39009.9
-39009.9
-39011.4
-38983.7
-38903.7
-38931.4
-39012.9
-38932.9
-38906.7
-38989.9
-38962.1
-38882.1
-38882.1
-38882.1
-38883.7
-38885.2
-38885.2
-38886.7
-38888.3
-38888.3
-38889.8
-38889.8
-38891.4
-38865.2
-38783.6
-38811.3
-38892.9
-38812.9
-38786.7
-38869.8
-38842.1
-38762.1
-38762.1
-38763.6
-38763.6
-38765.2
-38765.2
-38766.7
-38768.2
-38768.2
-38769.8
-38771.3
-38771.3
-38745.2
-38663.6
-38691.3
-38772.9
-38692.8
-38640.5
-38640.5
-38642.1
-38642.1
-38642.1
-38643.6
-38643.6
-38645.1
-38646.7
-38646.7
-38648.2
-38649.8
-38649.8
-38651.3
-38651.3
-38651.3
-38652.8
-38652.8
-38654.4
-38572.8
-38548.2
-38629.7
-38602.0
-38522.0
-38522.0
-38523.6
-38525.1
-38580.5
-38662.1
-38582.0
-38528.2
-38529.7
-38529.7
-38529.7
-38529.7
-38531.3
-38532.8
-38532.8
-38534.3
-38535.9
-38508.2
-38426.6
-38400.4
-38402.0
-38403.5
-38403.5
-38405.1
-38405.1
-38406.6
-38408.1
-38408.1
-38408.1
-38408.1
-38409.7
-38411.2
-38411.2
-38412.8
-38358.9
-38277.3
-38278.9
-38306.6
-38389.7
-38362.0
-38282.0
-38283.5
-38283.5
-38285.0
-38285.0
-38285.0
-38286.6
-38286.6
-38288.1
-38289.6
-38289.6
-38291.2
-38263.5
-38183.5
-38211.2
-38294.3
-38212.7
-38186.5
-38269.6
-38241.9
-38161.9
-38245.0
-38272.7
-38191.2
-38220.4
-38302.0
-38220.4
-38168.1
-38168.1
-38169.6
-38169.6
-38171.1
-38171.1
-38171.1
-38172.7
-38172.7
-38174.2
-38175.8
-38175.8
-38121.9
-38040.3
-38041.9
-38043.4
-38043.4
-38098.8
-38180.4
-38100.4
-38048.0
-38048.0
-38049.6
-38051.1
-38051.1
-38051.1
-38051.1
-38052.7
-38054.2
-38054.2
-38055.7
-38055.7
-38001.9
-37921.8
-38003.4
-38031.1
-37951.1
-37978.8
-38061.9
-37980.3
-37928.0
-37928.0
-37928.0
-37929.5
-37929.5
-37931.1
-37932.6
-37932.6
-37934.2
-37934.2
-37935.7
-37935.7
-37881.8
-37801.8
-37801.8
-37803.3
-37804.9
-37804.9
-37804.9
-37804.9
-37806.4
-37808.0
-37808.0
-37809.5
-37811.0
-37811.0
-37812.6
-37812.6
-37812.6
-37814.1
-37814.1
-37815.7
-37761.8
-37681.8
-37764.9
-37791.0
-37709.5
-37738.7
-37820.3
-37740.3
-37686.4
-37687.9
-37687.9
-37689.5
-37689.5
-37689.5
-37691.0
-37692.5
-37692.5
-37694.1
-37694.1
-37695.6
-37695.6
-37695.6
-37697.2
-37697.2
-37698.7
-37700.2
-37700.2
-37618.7
-37564.8
-37566.4
-37567.9
-37567.9
-37651.0
-37678.7
-37598.7
-37517.1
-37435.5
-37437.1
-37464.8
-37547.9
-37520.2
-37440.2
-37441.7
-37441.7
-37441.7
-37443.2
-37443.2
-37444.8
-37446.3
-37446.3
-37447.9
-37447.9
-37449.4
-37449.4
-37449.4
-37450.9
-37450.9
-37452.5
-37454.0
-37454.0
-37400.2
-37320.1
-37401.7
-37429.4
-37349.4
-37377.1
-37458.6
-37378.6
-37326.3
-37326.3
-37326.3
-37327.8
-37327.8
-37329.4
-37329.4
-37330.9
-37330.9
-37250.9
-37224.7
-37306.3
-37280.1
-37200.1
-37281.7
-37309.4
-37227.8
-37257.0
-37340.1
-37258.6
-37204.7
-37206.3
-37206.3
-37207.8
-37207.8
-37209.3
-37209.3
-37209.3
-37210.9
-37210.9
-37212.4
-37213.9
-37158.5
-37078.5
-37160.1
-37187.8
-37107.8
-37137.0
-37218.6
-37138.5
-37084.7
-37084.7
-37084.7
-37086.2
-37169.3
-37195.5
-37115.5
-37089.3
-37090.8
-37092.4
-37092.4
-37092.4
-37092.4
-37093.9
-37095.5
-37095.5
-37097.0
-37097.0
-37098.5
-37017.0
-36990.8
-37072.4
-37046.2
-36966.2
-37049.3
-37075.4
-36995.4
-37023.1
-37106.2
-37024.7
-36970.8
-36972.3
-36973.9
-36973.9
-36973.9
-36973.9
-36975.4
-36977.0
-36977.0
-36895.4
-36869.2
-36952.3
-36926.2
-36844.6
-36927.7
-36955.4
-36875.4
-36903.1
-36984.6
-36903.1
-36850.8
-36850.8
-36796.9
-36716.9
-36800.0
-36855.4
-36855.4
-36855.4
-36855.4
-36775.4
-36723.0
-36723.0
-36723.0
-36723.0
-36724.6
-36726.1
-36726.1
-36727.7
-36727.7
-36729.2
-36730.7
-36730.7
-36732.3
-36732.3
-36732.3
-36733.8
-36733.8
-36735.3
-36736.9
-36736.9
-36710.7
-36629.2
-36656.9
-36738.4
-36658.4
-36606.1
-36606.1
-36606.1
-36607.6
-36607.6
-36609.2
-36609.2
-36610.7
-36612.2
-36530.7
-36504.5
-36586.1
-36559.9
-36479.9
-36561.4
-36589.1
-36507.6
-36536.8
-36619.9
-36538.4
-36484.5
-36486.0
-36486.0
-36487.6
-36487.6
-36487.6
-36489.1
-36489.1
-36490.7
-36490.7
-36492.2
-36493.7
-36493.7
-36493.7
-36495.3
-36467.6
-36387.6
-36416.8
-36498.4
-36499.9
-36499.9
-36499.9
-36446.0
-36366.0
-36449.1
-36475.3
-36395.2
-36369.1
-36369.1
-36370.6
-36370.6
-36372.2
-36372.2
-36373.7
-36375.2
-36375.2
-36375.2
-36376.8
-36376.8
-36378.3
-36378.3
-36379.9
-36326.0
-36244.4
-36246.0
-36246.0
-36247.5
-36249.0
-36249.0
-36249.0
-36249.0
-36250.6
-36252.1
-36252.1
-36253.7
-36253.7
-36255.2
-36255.2
-36255.2
-36256.7
-36258.3
-36258.3
-36204.4
-36122.9
-36207.5
-36261.4
-36261.4
-36262.9
-36262.9
-36182.9
-36156.7
-36239.8
-36212.1
-36130.6
-36132.1
-36133.6
-36133.6
-36135.2
-36135.2
-36135.2
-36136.7
-36136.7
-36082.8
-36004.4
-36085.9
-36141.3
-36141.3
-36142.9
-36141.3
-36061.3
-36009.0
-36009.0
-36010.5
-36010.5
-36010.5
-36012.1
-36012.1
-36013.6
-36015.1
-36015.1
-36016.7
-36016.7
-35962.8
-35882.8
-35964.4
-36019.8
-36019.8
-36021.3
-36022.8
-35941.3
-35915.1
-35996.7
-35970.5
-35890.5
-35972.0
-35999.7
-35918.2
-35892.0
-35893.6
-35893.6
-35895.1
-35896.6
-35841.2
-35761.2
-35842.8
-35898.2
-35899.7
-35899.7
-35901.3
-35819.7
-35793.5
-35875.1
-35848.9
-35768.9
-35768.9
-35768.9
-35770.4
-35825.8
-35907.4
-35827.4
-35773.5
-35775.1
-35721.2
-35639.6
-35722.7
-35776.6
