IEC 61083-2 TDG Version 2.1.0
Data File Version  2.1.0
36 LIC-M5c
16 bits, 9999 samples at 10ns
1.000000e-008
493.6
493.6
493.6
493.6
493.6
-620.1
493.6
-63.3
493.6
493.6
493.6
-63.3
493.6
493.6
493.6
-63.3
493.6
-63.3
493.6
-63.3
493.6
493.6
-63.3
-63.3
493.6
493.6
493.6
493.6
493.6
-63.3
493.6
493.6
493.6
-620.1
493.6
493.6
493.6
493.6
493.6
-63.3
493.6
493.6
493.6
493.6
493.6
493.6
493.6
-620.1
493.6
-63.3
493.6
493.6
493.6
493.6
493.6
-63.3
493.6
493.6
493.6
-620.1
-63.3
493.6
493.6
493.6
-63.3
-620.1
493.6
493.6
493.6
493.6
493.6
-63.3
493.6
493.6
493.6
-63.3
493.6
493.6
493.6
-620.1
493.6
-620.1
-63.3
493.6
-63.3
493.6
493.6
-620.1
-63.3
493.6
-63.3
493.6
493.6
-620.1
493.6
-620.1
-620.1
493.6
-63.3
-620.1
1050.5
493.6
-63.3
493.6
493.6
-620.1
493.6
-63.3
-63.3
493.6
493.6
-620.1
493.6
-63.3
-63.3
493.6
493.6
-63.3
493.6
-63.3
493.6
493.6
493.6
-620.1
493.6
-63.3
493.6
-63.3
493.6
-63.3
493.6
-63.3
-63.3
493.6
493.6
493.6
493.6
493.6
493.6
-63.3
493.6
493.6
493.6
-620.1
-63.3
493.6
-63.3
-63.3
493.6
-63.3
493.6
493.6
493.6
-63.3
493.6
493.6
493.6
493.6
493.6
493.6
493.6
493.6
493.6
493.6
493.6
-620.1
493.6
-63.3
-63.3
493.6
493.6
493.6
493.6
-63.3
493.6
493.6
493.6
-63.3
-63.3
-620.1
493.6
493.6
-620.1
493.6
493.6
-620.1
493.6
-63.3
-63.3
-63.3
493.6
493.6
493.6
-63.3
493.6
493.6
493.6
-63.3
493.6
493.6
493.6
493.6
493.6
-63.3
493.6
493.6
493.6
493.6
-63.3
493.6
493.6
493.6
493.6
-620.1
493.6
-63.3
-63.3
493.6
493.6
-620.1
493.6
493.6
-63.3
493.6
493.6
493.6
493.6
-63.3
493.6
493.6
493.6
-620.1
493.6
493.6
493.6
493.6
493.6
-63.3
493.6
-620.1
-63.3
-63.3
-63.3
493.6
493.6
-63.3
493.6
-63.3
493.6
493.6
493.6
-63.3
493.6
-63.3
493.6
-620.1
493.6
493.6
493.6
493.6
493.6
493.6
493.6
-63.3
493.6
493.6
493.6
-63.3
493.6
-63.3
493.6
-620.1
-63.3
493.6
-63.3
493.6
493.6
-63.3
493.6
493.6
493.6
-63.3
-63.3
493.6
493.6
-63.3
493.6
-63.3
493.6
-63.3
-63.3
-63.3
493.6
493.6
-620.1
-620.1
-63.3
-620.1
-63.3
493.6
493.6
493.6
493.6
-620.1
493.6
-63.3
-63.3
493.6
493.6
-63.3
493.6
493.6
493.6
493.6
493.6
493.6
493.6
-63.3
493.6
493.6
493.6
493.6
493.6
493.6
493.6
-63.3
493.6
493.6
493.6
-63.3
493.6
-63.3
493.6
-63.3
493.6
493.6
493.6
-63.3
493.6
-63.3
493.6
493.6
493.6
-620.1
-63.3
-63.3
493.6
493.6
493.6
-63.3
493.6
-63.3
493.6
493.6
493.6
-63.3
493.6
493.6
493.6
493.6
-63.3
-63.3
493.6
-63.3
493.6
493.6
493.6
493.6
493.6
-620.1
493.6
-620.1
493.6
493.6
493.6
493.6
493.6
-63.3
493.6
493.6
493.6
493.6
493.6
-620.1
493.6
493.6
-63.3
493.6
493.6
493.6
493.6
493.6
493.6
493.6
493.6
-63.3
493.6
493.6
493.6
-63.3
493.6
493.6
493.6
493.6
493.6
-63.3
493.6
493.6
493.6
493.6
493.6
-63.3
493.6
493.6
493.6
-63.3
493.6
-63.3
493.6
-63.3
493.6
-63.3
493.6
-63.3
493.6
-620.1
-63.3
-63.3
-63.3
493.6
493.6
-63.3
493.6
493.6
493.6
493.6
493.6
493.6
493.6
-63.3
493.6
493.6
493.6
-63.3
493.6
-63.3
493.6
-620.1
493.6
-63.3
493.6
493.6
493.6
493.6
-620.1
493.6
493.6
-63.3
493.6
-620.1
493.6
493.6
-620.1
493.6
493.6
-620.1
493.6
-63.3
-620.1
493.6
-63.3
-1733.9
-620.1
-1733.9
-620.1
-1177.0
-1733.9
-620.1
-1733.9
-2290.7
-1177.0
-5081.4
-620.1
-7865.8
-63.3
-10093.2
493.6
-11763.8
493.6
-15117.7
493.6
-19015.8
-2290.7
-24033.9
-10093.2
-29602.6
-24033.9
-29602.6
-34063.8
-35177.6
-43543.2
-36848.2
-50788.8
-44100.1
-52459.4
-59148.2
-53573.2
-73639.4
-65280.0
-76430.0
-84232.5
-86460.0
-94268.8
-100388.0
-108203.1
-110987.5
-117669.9
-127718.8
-126029.2
-141083.6
-137185.5
-150563.0
-154467.4
-157251.8
-167844.9
-172306.2
-174533.6
-184563.6
-188461.6
-193486.1
-199618.0
-206300.4
-209641.6
-216893.5
-221911.7
-229150.9
-232498.5
-238630.3
-241421.0
-246432.8
-252564.7
-251457.3
-261487.2
-260924.0
-268739.1
-270403.4
-276529.0
-279325.9
-285451.5
-289355.9
-293254.0
-297164.7
-302733.4
-304967.2
-309422.1
-313326.5
-315554.0
-320572.1
-322249.0
-326704.0
-327254.5
-331165.2
-333943.2
-338398.2
-338961.4
-344530.1
-345093.2
-350674.6
-353452.6
-355123.2
-359584.5
-360704.5
-363488.9
-365729.0
-367393.3
-369063.9
-371854.5
-371854.5
-374082.0
-375195.7
-377423.2
-377423.2
-381321.3
-380770.7
-382441.3
-384675.1
-385225.7
-386345.7
-388010.0
-388010.0
-389680.6
-390243.8
-391357.5
-391908.1
-391908.1
-393034.5
-392477.6
-393597.7
-394148.2
-394148.2
-395261.9
-394148.2
-395261.9
-396375.7
-395812.5
-396375.7
-397489.4
-396375.7
-397489.4
-397489.4
-397489.4
-397489.4
-396932.5
-396375.7
-396932.5
-396375.7
-395812.5
-396375.7
-396375.7
-395261.9
-396375.7
-396375.7
-395261.9
-395812.5
-395261.9
-394148.2
-394705.1
-393034.5
-393597.7
-393034.5
-393034.5
-391908.1
-392477.6
-390800.7
-391357.5
-390800.7
-389680.6
-389680.6
-389130.1
-388573.2
-388573.2
-386902.6
-386902.6
-386345.7
-385782.5
-385225.7
-384675.1
-384118.3
-384118.3
-382991.9
-382441.3
-382441.3
-381878.1
-381321.3
-380770.7
-380213.9
-380213.9
-379650.7
-379093.8
-378543.3
-378543.3
-377423.2
-377423.2
-376315.8
-376315.8
-376315.8
-375752.6
-375195.7
-375195.7
-374082.0
-374632.5
-374082.0
-374082.0
-372961.9
-372398.7
-372398.7
-371854.5
-371854.5
-371291.3
-370734.5
-370734.5
-370171.3
-369620.7
-369620.7
-369620.7
-369620.7
-369063.9
-368507.0
-368507.0
-367393.3
-367393.3
-367393.3
-366836.4
-366836.4
-366836.4
-366273.2
-366273.2
-365729.0
-365729.0
-365159.5
-365159.5
-365159.5
-365159.5
-365159.5
-364602.6
-364039.4
-364602.6
-364039.4
-364039.4
-364039.4
-364039.4
-364039.4
-363488.9
-364039.4
-363488.9
-362932.0
-363488.9
-363488.9
-363488.9
-362932.0
-362932.0
-362932.0
-362932.0
-362375.1
-362375.1
-362932.0
-362932.0
-362375.1
-362375.1
-362375.1
-362375.1
-362375.1
-362932.0
-361811.9
-362375.1
-361811.9
-362375.1
-361811.9
-362375.1
-362375.1
-361811.9
-362375.1
-362375.1
-362375.1
-362375.1
-362375.1
-362375.1
-362375.1
-362375.1
-361811.9
-362375.1
-361811.9
-362375.1
-362375.1
-362932.0
-362375.1
-362375.1
-362375.1
-362375.1
-362932.0
-362932.0
-362375.1
-362932.0
-362932.0
-362932.0
-362932.0
-362375.1
-362375.1
-362932.0
-362932.0
-362932.0
-362932.0
-362932.0
-362932.0
-362932.0
-362375.1
-363488.9
-363488.9
-363488.9
-362932.0
-362932.0
-362932.0
-362932.0
-362932.0
-362932.0
-362375.1
-362375.1
-362375.1
-362932.0
-362932.0
-363488.9
-362932.0
-362932.0
-362932.0
-363488.9
-362932.0
-363488.9
-362932.0
-363488.9
-362932.0
-362932.0
-362932.0
-363488.9
-362932.0
-363488.9
-362932.0
-362932.0
-362932.0
-362932.0
-363488.9
-362932.0
-363488.9
-363488.9
-362932.0
-363488.9
-363488.9
-363488.9
-363488.9
-363488.9
-363488.9
-363488.9
-362932.0
-362932.0
-363488.9
-363488.9
-362932.0
-363488.9
-362932.0
-362932.0
-362932.0
-362932.0
-362932.0
-362932.0
-362932.0
-362932.0
-362932.0
-363488.9
-362932.0
-362932.0
-362932.0
-362932.0
-362932.0
-363488.9
-362932.0
-362932.0
-362932.0
-362932.0
-362932.0
-362932.0
-362375.1
-362932.0
-362932.0
-362932.0
-362932.0
-362932.0
-362375.1
-362375.1
-362375.1
-362932.0
-362932.0
-362375.1
-362932.0
-362375.1
-362375.1
-362375.1
-362375.1
-362375.1
-361811.9
-362375.1
-361811.9
-362375.1
-362375.1
-362375.1
-361811.9
-361811.9
-361811.9
-361811.9
-361811.9
-361811.9
-361811.9
-361811.9
-361811.9
-361811.9
-361811.9
-361811.9
-361261.4
-361811.9
-361811.9
-361811.9
-361261.4
-361811.9
-361261.4
-361811.9
-361261.4
-361811.9
-361261.4
-361811.9
-361261.4
-361811.9
-361261.4
-361811.9
-360704.5
-361261.4
-361261.4
-361261.4
-360704.5
-360704.5
-360704.5
-360704.5
-360704.5
-360704.5
-360141.3
-360704.5
-360141.3
-360704.5
-360704.5
-360704.5
-360141.3
-360141.3
-360704.5
-360704.5
-360704.5
-360704.5
-360141.3
-360141.3
-360141.3
-360141.3
-359584.5
-359584.5
-359584.5
-359584.5
-359584.5
-359584.5
-359584.5
-359584.5
-359584.5
-359584.5
-359033.9
-359584.5
-359584.5
-359584.5
-359033.9
-359033.9
-359584.5
-359584.5
-359033.9
-359033.9
-359033.9
-359033.9
-358477.1
-359033.9
-358477.1
-358477.1
-359033.9
-359033.9
-358477.1
-358477.1
-358477.1
-358477.1
-358477.1
-358477.1
-358477.1
-358477.1
-357913.9
-357913.9
-357913.9
-357913.9
-357357.0
-357913.9
-357357.0
-357357.0
-357913.9
-357913.9
-357357.0
-357913.9
-357357.0
-357357.0
-357357.0
-357357.0
-357357.0
-356800.1
-357357.0
-357357.0
-357357.0
-356800.1
-356800.1
-357357.0
-357357.0
-356800.1
-356800.1
-357357.0
-357357.0
-356800.1
-356800.1
-356800.1
-357357.0
-356800.1
-356243.3
-356800.1
-356800.1
-356800.1
-356243.3
-356800.1
-356800.1
-356243.3
-356243.3
-356243.3
-355680.1
-356243.3
-356243.3
-356243.3
-356243.3
-356243.3
-356243.3
-356243.3
-356243.3
-356243.3
-355680.1
-356243.3
-355680.1
-355680.1
-355680.1
-355680.1
-355680.1
-355680.1
-355123.2
-355680.1
-355680.1
-355123.2
-355123.2
-355123.2
-355680.1
-355123.2
-355123.2
-355123.2
-355123.2
-355123.2
-355123.2
-355123.2
-355123.2
-355123.2
-354572.7
-355123.2
-354572.7
-354572.7
-354572.7
-354572.7
-355123.2
-354572.7
-354009.5
-354572.7
-354572.7
-354572.7
-354009.5
-354009.5
-354009.5
-354009.5
-354009.5
-354009.5
-354009.5
-354009.5
-354009.5
-354009.5
-354009.5
-354009.5
-354009.5
-354009.5
-354009.5
-353452.6
-354009.5
-354009.5
-354009.5
-354009.5
-353452.6
-353452.6
-353452.6
-353452.6
-353452.6
-352902.0
-353452.6
-353452.6
-353452.6
-352902.0
-352902.0
-352902.0
-352902.0
-352902.0
-352902.0
-352902.0
-352902.0
-352902.0
-352902.0
-352902.0
-352902.0
-352345.2
-352902.0
-352902.0
-352345.2
-352902.0
-352345.2
-352345.2
-351782.0
-352902.0
-352345.2
-352345.2
-351782.0
-352345.2
-352345.2
-351782.0
-352345.2
-351782.0
-351782.0
-351782.0
-351782.0
-351782.0
-351782.0
-351782.0
-351225.1
-351782.0
-351225.1
-351225.1
-351225.1
-351782.0
-351225.1
-351225.1
-351782.0
-351782.0
-351225.1
-351225.1
-350674.6
-350674.6
-351225.1
-350674.6
-350674.6
-350674.6
-350674.6
-350674.6
-350674.6
-350674.6
-350674.6
-350674.6
-350674.6
-350674.6
-350117.7
-350674.6
-350117.7
-350117.7
-350117.7
-350674.6
-350117.7
-350674.6
-350117.7
-350674.6
-350117.7
-350117.7
-349554.5
-349554.5
-350117.7
-349554.5
-349554.5
-350117.7
-349554.5
-349554.5
-349554.5
-349554.5
-349554.5
-349554.5
-349554.5
-349554.5
-349554.5
-349554.5
-349554.5
-349554.5
-349554.5
-349554.5
-348997.6
-348997.6
-349554.5
-349554.5
-348997.6
-348997.6
-348997.6
-348997.6
-349554.5
-348997.6
-348997.6
-348997.6
-348997.6
-348997.6
-348997.6
-348997.6
-348997.6
-348997.6
-348447.1
-348447.1
-348997.6
-347877.6
-348447.1
-348447.1
-348997.6
-347877.6
-347877.6
-348997.6
-348997.6
-348447.1
-348447.1
-348447.1
-348997.6
-348447.1
-347877.6
-348447.1
-347877.6
-348447.1
-347877.6
-348447.1
-347877.6
-348447.1
-347877.6
-347877.6
-347320.7
-347877.6
-347320.7
-347320.7
-347877.6
-347320.7
-347320.7
-347877.6
-347320.7
-347320.7
-347320.7
-347320.7
-347320.7
-347877.6
-347320.7
-347320.7
-346763.9
-346763.9
-346763.9
-347320.7
-347320.7
-346763.9
-346763.9
-347320.7
-346763.9
-346763.9
-346763.9
-346763.9
-346763.9
-346763.9
-346763.9
-346763.9
-346213.3
-346763.9
-346213.3
-346213.3
-346213.3
-346213.3
-346763.9
-346763.9
-346213.3
-346763.9
-346213.3
-346213.3
-346213.3
-346213.3
-346213.3
-346213.3
-346213.3
-346213.3
-346213.3
-345650.1
-345650.1
-346213.3
-345650.1
-346213.3
-345650.1
-346213.3
-346213.3
-345650.1
-345650.1
-345650.1
-345650.1
-345650.1
-345650.1
-345650.1
-345650.1
-345093.2
-345093.2
-345650.1
-345093.2
-345093.2
-345093.2
-345093.2
-345093.2
-345093.2
-345093.2
-345093.2
-345093.2
-344530.1
-345093.2
-345093.2
-344530.1
-345093.2
-344530.1
-344530.1
-343985.8
-344530.1
-344530.1
-343985.8
-343985.8
-343985.8
-344530.1
-343985.8
-343985.8
-343985.8
-343985.8
-343985.8
-343985.8
-343985.8
-343985.8
-343985.8
-343422.6
-343985.8
-343985.8
-343985.8
-343422.6
-343422.6
-343985.8
-343985.8
-343422.6
-343422.6
-342865.8
-343422.6
-342865.8
-342865.8
-342865.8
-342865.8
-342865.8
-342865.8
-342865.8
-342302.6
-342865.8
-342865.8
-342302.6
-342865.8
-342302.6
-342865.8
-342302.6
-342302.6
-341752.0
-342302.6
-341752.0
-341752.0
-341752.0
-342302.6
-341752.0
-341195.2
-341195.2
-341195.2
-341195.2
-341195.2
-340638.3
-340638.3
-340638.3
-340638.3
-340638.3
-340638.3
-340075.1
-340638.3
-340638.3
-340638.3
-340075.1
-339524.6
-340075.1
-338961.4
-339524.6
-339524.6
-339524.6
-338961.4
-338961.4
-338961.4
-338398.2
-338398.2
-338398.2
-338398.2
-337854.0
-338398.2
-337290.8
-337290.8
-336733.9
-336733.9
-336170.7
-336170.7
-335620.2
-336170.7
-335063.3
-335063.3
-335063.3
-334506.4
-333943.2
-333943.2
-332835.8
-332835.8
-332272.6
-331715.8
-331165.2
-330038.8
-329482.0
-328931.4
-328374.6
-327811.4
-326704.0
-326140.8
-324476.5
-322805.9
-320572.1
-318344.6
-311649.6
-298835.3
-283224.0
-284888.3
-243097.9
-229714.1
-201282.2
-190695.4
-176204.2
-169509.2
-164497.4
-165617.4
-154467.4
-144431.1
-128826.2
-118796.3
-104292.4
-88687.5
-70855.0
-47998.2
-26261.4
-14003.9
2721.1
13871.1
17218.6
17218.6
17218.6
17218.6
17218.6
17218.6
17218.6
17218.6
17218.6
17218.6
17218.6
17218.6
17218.6
17218.6
17218.6
17218.6
17218.6
17218.6
17218.6
17218.6
17218.6
17218.6
17218.6
14427.9
4948.5
-4524.5
-13447.1
-22920.2
-31836.4
-41872.6
-49118.2
-58591.3
-66957.0
-70855.0
-75873.2
-78657.5
-80885.0
-84789.4
-83675.7
-84232.5
-81998.7
-80328.1
-79771.3
-78100.7
-75316.3
-70855.0
-68070.7
-63609.4
-59148.2
-52459.4
-46884.4
-37961.9
-31836.4
-23477.0
-16231.4
-8422.6
-1177.0
7182.3
12751.0
17218.6
17218.6
17218.6
17218.6
17218.6
17218.6
17218.6
17218.6
17218.6
17218.6
17218.6
17218.6
17218.6
17218.6
17218.6
17218.6
17218.6
17218.6
17218.6
17218.6
17218.6
17218.6
14427.9
8296.1
2721.1
-2847.6
-8422.6
-14560.8
-19572.6
-24033.9
-28488.8
-33507.0
-36848.2
-40758.9
-42986.4
-47441.3
-49118.2
-51345.7
-52459.4
-53016.3
-54130.0
-54130.0
-53016.3
-53016.3
-50232.0
-48561.4
-45770.7
-42986.4
-39082.0
-36291.3
-31836.4
-26818.2
-22363.3
-18458.9
-13447.1
-10093.2
-5081.4
-620.1
3834.8
6625.5
11080.4
13871.1
17218.6
17218.6
17218.6
17218.6
17218.6
17218.6
17218.6
17218.6
17218.6
17218.6
17218.6
17218.6
17218.6
17218.6
17218.6
17218.6
17218.6
16104.9
13307.9
9409.8
6625.5
2721.1
-620.1
-3967.7
-7865.8
-11213.3
-14560.8
-17902.0
-21243.2
-22920.2
-25147.6
-29045.7
-30722.6
-32393.2
-33507.0
-35177.6
-35734.4
-36848.2
-36291.3
-36291.3
-35177.6
-35177.6
-32950.1
-31279.5
-29045.7
-27932.0
-25147.6
-22920.2
-20129.5
-17345.2
-14560.8
-11763.8
-8422.6
-6195.1
-3404.5
-620.1
2164.2
4954.9
7739.2
9966.7
12194.1
13871.1
16104.9
17218.6
17218.6
17218.6
17218.6
17218.6
17218.6
17218.6
17218.6
17218.6
17218.6
16104.9
14427.9
12751.0
11080.4
8852.9
6625.5
4391.7
2721.1
-620.1
-2290.7
-5081.4
-7308.9
-8979.5
-11213.3
-14003.9
-15117.7
-17345.2
-19015.8
-20129.5
-21806.4
-22920.2
-23477.0
-24033.9
-24033.9
-24590.8
-24590.8
-24033.9
-23477.0
-23477.0
-22363.3
-21243.2
-19572.6
-18458.9
-17345.2
-15674.6
-14003.9
-11763.8
-10093.2
-7865.8
-5638.3
-3961.4
-1733.9
-620.1
1607.3
2721.1
4954.9
6625.5
7739.2
8852.9
10523.5
10523.5
11637.3
12194.1
12194.1
12194.1
12751.0
12194.1
12194.1
10523.5
9966.7
9409.8
8296.1
6625.5
6068.6
3834.8
3277.9
493.6
-63.3
-1733.9
-3404.5
-4524.5
-6195.1
-7865.8
-8422.6
-10656.4
-11763.8
-13447.1
-14560.8
-15117.7
-15674.6
-16788.3
-17345.2
-17345.2
-17345.2
-17345.2
-17345.2
-17345.2
-16788.3
-16231.4
-15674.6
-15117.7
-14003.9
-12890.2
-11763.8
-10656.4
-8979.5
-7865.8
-6195.1
-5081.4
-3961.4
-2847.6
-1733.9
-620.1
493.6
1607.3
3277.9
3834.8
4954.9
5511.7
6625.5
6625.5
7739.2
7182.3
7739.2
7182.3
7739.2
7182.3
7182.3
6068.6
6068.6
4954.9
4391.7
3277.9
2721.1
1607.3
493.6
-620.1
-1733.9
-2290.7
-3961.4
-4524.5
-5081.4
-6752.0
-7308.9
-8422.6
-8422.6
-10093.2
-10093.2
-11213.3
-11763.8
-12327.0
-11763.8
-12890.2
-12890.2
-12890.2
-12327.0
-12327.0
-11763.8
-11763.8
-11213.3
-10656.4
-9536.4
-8979.5
-7865.8
-7865.8
-6195.1
-5638.3
-5081.4
-4524.5
-2847.6
-1733.9
-1177.0
-1177.0
-63.3
493.6
1607.3
2721.1
3277.9
3277.9
3834.8
3834.8
4391.7
3277.9
4391.7
4954.9
4391.7
3834.8
4391.7
3277.9
2721.1
2164.2
2164.2
1050.5
493.6
493.6
-620.1
-1733.9
-2290.7
-3404.5
-3404.5
-3961.4
-4524.5
-5638.3
-5638.3
-6195.1
-6752.0
-7865.8
-7865.8
-8979.5
-8979.5
-9536.4
-8422.6
-8979.5
-9536.4
-8979.5
-8979.5
-8979.5
-8422.6
-8422.6
-7865.8
-7308.9
-7308.9
-6752.0
-6195.1
-5081.4
-3961.4
-4524.5
-3961.4
-3404.5
-1733.9
-2290.7
-1733.9
-1177.0
-620.1
-620.1
493.6
493.6
1607.3
1607.3
2164.2
2164.2
2721.1
2164.2
2164.2
2164.2
2164.2
1607.3
1607.3
1050.5
1050.5
493.6
1050.5
-620.1
-620.1
-1177.0
-1733.9
-1733.9
-1733.9
-3404.5
-2847.6
-3961.4
-3961.4
-4524.5
-5081.4
-5081.4
-5081.4
-6752.0
-6752.0
-6195.1
-6195.1
-7308.9
-6752.0
-7308.9
-6752.0
-6752.0
-6752.0
-6195.1
-6195.1
-6195.1
-5638.3
-5081.4
-5081.4
-5081.4
-3961.4
-3961.4
-3404.5
-2847.6
-2847.6
-2290.7
-1733.9
-2290.7
-1177.0
-1177.0
-620.1
-620.1
-63.3
-63.3
493.6
493.6
1050.5
493.6
1050.5
493.6
1050.5
1050.5
493.6
493.6
493.6
493.6
493.6
-620.1
-620.1
-1177.0
-1177.0
-2290.7
-1733.9
-2290.7
-2290.7
-3961.4
-2847.6
-3404.5
-3961.4
-3961.4
-3961.4
-3961.4
-4524.5
-5081.4
-5081.4
-5081.4
-5081.4
-5638.3
-5081.4
-5081.4
-5081.4
-5638.3
-5081.4
-5081.4
-4524.5
-5081.4
-4524.5
-3961.4
-3961.4
-3961.4
-3961.4
-3404.5
-2847.6
-2847.6
-2847.6
-2290.7
-2290.7
-2290.7
-1177.0
-1177.0
-620.1
-1177.0
-620.1
-620.1
-63.3
-63.3
-63.3
493.6
493.6
-620.1
-63.3
-620.1
-63.3
-620.1
-620.1
-620.1
-620.1
-1177.0
-1177.0
-1733.9
-1177.0
-1733.9
-1733.9
-2290.7
-2290.7
-2847.6
-2847.6
-3404.5
-2847.6
-2847.6
-2847.6
-3961.4
-3961.4
-3961.4
-3961.4
-3961.4
-3961.4
-4524.5
-3961.4
-3961.4
-3961.4
-3961.4
-3961.4
-3961.4
-3961.4
-3961.4
-3961.4
-3961.4
-3404.5
-2847.6
-2847.6
-3404.5
-2847.6
-2290.7
-1733.9
-1733.9
-1733.9
-1733.9
-1733.9
-1177.0
-1177.0
-1733.9
-1177.0
-1177.0
-620.1
-1177.0
-620.1
-620.1
-63.3
-620.1
-620.1
-620.1
-1177.0
-1177.0
-620.1
-1177.0
-620.1
-1733.9
-1177.0
-1733.9
-1733.9
-2290.7
-2290.7
-2290.7
-2290.7
-2847.6
-2290.7
-2847.6
-2847.6
-2290.7
-3404.5
-3404.5
-2847.6
-3404.5
-3404.5
-3404.5
-3404.5
-3961.4
-3404.5
-3961.4
-3404.5
-3404.5
-3961.4
-2847.6
-2847.6
-3404.5
-2847.6
-2847.6
-1733.9
-2847.6
-2290.7
-2290.7
-2290.7
-2290.7
-1733.9
-2290.7
-1733.9
-2290.7
-1733.9
-1733.9
-1177.0
-1733.9
-1177.0
-1177.0
-1177.0
-1177.0
-1177.0
-1177.0
-1177.0
-1177.0
-1177.0
-620.1
-1177.0
-1177.0
-1733.9
-1177.0
-1177.0
-1733.9
-1733.9
-1733.9
-1733.9
-2290.7
-1733.9
-2290.7
-2290.7
-2847.6
-2290.7
-2847.6
-2847.6
-2290.7
-2847.6
-2847.6
-1733.9
-3404.5
-2847.6
-2847.6
-2847.6
-3404.5
-2847.6
-2847.6
-2847.6
-2847.6
-2847.6
-2290.7
-2290.7
-2847.6
-2290.7
-2847.6
-2847.6
-2290.7
-1733.9
-2290.7
-1733.9
-2290.7
-2290.7
-2290.7
-1733.9
-1733.9
-1733.9
-1733.9
-1733.9
-1733.9
-1733.9
-1177.0
-1177.0
-1733.9
-1177.0
-1733.9
-1177.0
-1733.9
-1177.0
-1733.9
-1177.0
-1733.9
-1177.0
-1733.9
-1733.9
-1733.9
-1733.9
-1733.9
-1733.9
-2290.7
-1733.9
-2290.7
-1733.9
-2290.7
-2290.7
-2847.6
-2290.7
-2847.6
-2847.6
-2290.7
-2847.6
-2290.7
-2290.7
-2847.6
-1733.9
-2290.7
-2847.6
-2847.6
-2290.7
-2290.7
-2290.7
-2290.7
-2290.7
-2290.7
-2290.7
-2290.7
-2290.7
-2290.7
-2290.7
-2290.7
-1733.9
-2290.7
-1733.9
-2290.7
-1177.0
-1733.9
-1177.0
-1733.9
-1733.9
-1733.9
-1733.9
-1733.9
-1177.0
-1733.9
-1177.0
-1177.0
-1177.0
-1733.9
-1733.9
-1733.9
-1733.9
-1733.9
-1733.9
-1733.9
-1733.9
-2290.7
-1733.9
-2290.7
-1733.9
-2290.7
-1733.9
-2290.7
-2290.7
-2290.7
-2290.7
-2290.7
-2290.7
-2290.7
-2290.7
-2847.6
-2290.7
-2847.6
-2290.7
-2290.7
-2290.7
-2290.7
-2290.7
-2290.7
-2290.7
-2847.6
-2290.7
-2290.7
-1733.9
-2290.7
-2290.7
-2290.7
-1733.9
-2290.7
-1733.9
-2290.7
-1733.9
-2290.7
-1733.9
-1733.9
-1733.9
-1733.9
-1733.9
-1733.9
-1733.9
-1733.9
-1733.9
-1733.9
-1177.0
-1733.9
-1733.9
-1733.9
-1733.9
-1733.9
-1177.0
-1733.9
-1733.9
-1733.9
-1733.9
-1733.9
-1733.9
-2290.7
-1733.9
-1733.9
-1733.9
-2290.7
-1733.9
-2290.7
-1733.9
-2290.7
-1733.9
-2290.7
-2290.7
-2290.7
-2290.7
-1733.9
-1733.9
-2847.6
-2290.7
-2290.7
-2290.7
-2290.7
-1733.9
-2290.7
-1733.9
-2290.7
-1733.9
-2290.7
-1733.9
-1733.9
-1733.9
-2290.7
-1733.9
-1733.9
-1733.9
-2290.7
-1733.9
-2290.7
-1733.9
-1733.9
-1733.9
-1733.9
-1733.9
-1733.9
-1733.9
-1177.0
-1733.9
-1733.9
-1733.9
-1733.9
-1733.9
-1733.9
-1733.9
-1733.9
-1177.0
-1733.9
-1733.9
-1733.9
-1733.9
-1733.9
-1733.9
-1733.9
-1733.9
-1733.9
-1733.9
-1733.9
-1733.9
-1733.9
-1733.9
-2290.7
-1733.9
-2290.7
-1733.9
-2290.7
-1733.9
-2290.7
-1733.9
-2290.7
-1733.9
-2290.7
-2290.7
-2290.7
-2290.7
-2290.7
-2290.7
-2290.7
-2290.7
-2290.7
-1733.9
-2290.7
-1733.9
-1733.9
-1733.9
-1733.9
-1733.9
-1733.9
-1733.9
-2290.7
-1733.9
-1733.9
-1733.9
-1733.9
-1733.9
-1733.9
-1733.9
-1733.9
-1733.9
-1177.0
-1733.9
-1733.9
-1733.9
-1177.0
-1733.9
-1733.9
-1177.0
-1733.9
-1733.9
-1733.9
-1733.9
-1733.9
-1177.0
-2290.7
-1733.9
-1733.9
-1733.9
-1733.9
-1733.9
-1733.9
-1733.9
-1733.9
-1733.9
-1733.9
-1733.9
-1733.9
-1733.9
-2290.7
-1733.9
-1733.9
-1733.9
-1733.9
-1733.9
-1733.9
-2290.7
-2290.7
-2290.7
-1733.9
-1733.9
-1733.9
-1733.9
-1733.9
-1733.9
-2290.7
-1733.9
-1733.9
-1733.9
-1733.9
-1733.9
-1733.9
-1733.9
-1733.9
-1733.9
-1733.9
-1733.9
-1733.9
-1733.9
-1733.9
-1177.0
-1733.9
-1733.9
-1733.9
-1177.0
-1733.9
-1177.0
-1733.9
-1733.9
-1733.9
-1177.0
-1733.9
-1733.9
-1733.9
-1733.9
-1733.9
-1733.9
-2290.7
-1733.9
-1733.9
-1733.9
-2290.7
-1733.9
-1733.9
-1733.9
-1733.9
-2290.7
-1733.9
-1733.9
-1733.9
-1733.9
-2290.7
-1733.9
-1733.9
-1733.9
-1733.9
-1733.9
-2290.7
-1733.9
-1733.9
-1733.9
-1733.9
-1733.9
-1733.9
-1733.9
-1733.9
-1733.9
-1733.9
-1733.9
-1733.9
-1733.9
-1733.9
-1733.9
-1733.9
-1177.0
-1733.9
-1177.0
-1733.9
-1177.0
-1733.9
-1733.9
-1733.9
-1733.9
-1733.9
-1733.9
-1733.9
-1177.0
-1733.9
-1733.9
-1733.9
-1733.9
-1733.9
-1177.0
-1733.9
-1177.0
-2290.7
-1733.9
-1733.9
-1733.9
-2290.7
-1733.9
-1733.9
-1733.9
-1733.9
-1733.9
-1733.9
-1733.9
-1733.9
-1733.9
-1733.9
-1733.9
-1733.9
-1733.9
-1733.9
-1733.9
-1733.9
-1733.9
-1733.9
-1733.9
-2290.7
-1733.9
-1733.9
-1733.9
-2290.7
-1733.9
-1733.9
-1733.9
-1733.9
-1733.9
-1733.9
-1733.9
-1733.9
-1177.0
-1733.9
-1733.9
-1733.9
-1733.9
-1733.9
-1177.0
-1733.9
-1733.9
-1733.9
-1733.9
-1733.9
-1733.9
-1733.9
-1733.9
-1733.9
-1733.9
-1733.9
-1733.9
-1733.9
-1733.9
-1733.9
-1733.9
-1733.9
-1733.9
-1733.9
-1733.9
-1733.9
-1733.9
-1733.9
-1733.9
-1733.9
-1733.9
-1733.9
-1733.9
-1733.9
-1733.9
-1733.9
-1733.9
-1733.9
-1733.9
-1733.9
-1733.9
-1733.9
-1733.9
-1733.9
-1733.9
-1733.9
-1733.9
-1733.9
-1733.9
-1733.9
-1733.9
-1733.9
-1733.9
-1733.9
-1733.9
-1733.9
-1177.0
-1733.9
-1733.9
-1733.9
-1177.0
-1733.9
-1733.9
-1733.9
-1733.9
-1733.9
-1733.9
-1733.9
-1177.0
-1733.9
-1177.0
-1733.9
-1177.0
-1733.9
-1177.0
-1733.9
-1733.9
-1733.9
-1733.9
-1733.9
-1733.9
-2290.7
-1733.9
-1733.9
-1177.0
-1733.9
-1733.9
-1733.9
-1733.9
-1733.9
-1177.0
-1733.9
-1733.9
-1733.9
-1733.9
-2290.7
-1733.9
-1733.9
-1177.0
-1733.9
-1177.0
-1733.9
-1733.9
-1733.9
-1177.0
-2290.7
-1177.0
-1177.0
-1733.9
-1733.9
-1177.0
-1733.9
-1733.9
-1733.9
-1733.9
-1177.0
-1177.0
-1733.9
-1733.9
-1733.9
-1177.0
-1733.9
-1733.9
-1733.9
-1733.9
-1733.9
-1177.0
-1733.9
-1177.0
-2290.7
-1177.0
-1733.9
-1177.0
-1733.9
-1177.0
-1733.9
-1733.9
-1733.9
-1733.9
-1733.9
-1733.9
-1733.9
-1177.0
-1733.9
-1733.9
-1733.9
-1733.9
-1733.9
-1177.0
-1733.9
-1177.0
-1733.9
-1177.0
-1733.9
-1733.9
-1733.9
-1733.9
-1733.9
-620.1
-1733.9
-1733.9
-1733.9
-1177.0
-1733.9
-1733.9
-1733.9
-1733.9
-1177.0
-1733.9
-1733.9
-1177.0
-1733.9
-1177.0
-1177.0
-1733.9
-1177.0
-1733.9
-1733.9
-1177.0
-1177.0
-1177.0
-1733.9
-1177.0
-1733.9
-1177.0
-1177.0
-1733.9
-1733.9
-1733.9
-1733.9
-1177.0
-1733.9
-1177.0
-1733.9
-1733.9
-1733.9
-1733.9
-1733.9
-1733.9
-1733.9
-1177.0
-1733.9
-1733.9
-1733.9
-1177.0
-1733.9
-1733.9
-1733.9
-1177.0
-1733.9
-620.1
-1733.9
-1177.0
-1733.9
-1177.0
-1177.0
-1733.9
-1733.9
-1177.0
-1733.9
-1177.0
-1733.9
-1177.0
-1733.9
-1177.0
-1733.9
-1177.0
-1733.9
-1733.9
-1733.9
-1733.9
-1733.9
-1733.9
-1733.9
-1177.0
-1177.0
-1733.9
-1177.0
-1177.0
-1733.9
-1177.0
-1177.0
-1733.9
-1733.9
-1733.9
-1177.0
-1733.9
-1177.0
-1733.9
-1733.9
-1177.0
-1733.9
-1177.0
-1733.9
-1177.0
-1733.9
-1733.9
-1733.9
-1177.0
-1177.0
-1177.0
-1177.0
-1177.0
-1733.9
-1177.0
-1733.9
-1177.0
-1733.9
-1177.0
-1733.9
-620.1
-1733.9
-1177.0
-1733.9
-1733.9
-1733.9
-1177.0
-1177.0
-1733.9
-1733.9
-1177.0
-1733.9
-1177.0
-1177.0
-1177.0
-1733.9
-1177.0
-1733.9
-1177.0
-1733.9
-1177.0
-1733.9
-1177.0
-1177.0
-1177.0
-1733.9
-1177.0
-1733.9
-1177.0
-1733.9
-1177.0
-1733.9
-1177.0
-1733.9
-1733.9
-1733.9
-1177.0
-1733.9
-1177.0
-1733.9
-1177.0
-1733.9
-1177.0
-1733.9
-1177.0
-1733.9
-1177.0
-1177.0
-1177.0
-1733.9
-1177.0
-1177.0
-1177.0
-1733.9
-1177.0
-1177.0
-1177.0
-1733.9
-1733.9
-1177.0
-1177.0
-1733.9
-1177.0
-1733.9
-1177.0
-1733.9
-1177.0
-1733.9
-1177.0
-1733.9
-1733.9
-1177.0
-1177.0
-1733.9
-1733.9
-1733.9
-1177.0
-1733.9
-1733.9
-1733.9
-1177.0
-1733.9
-1177.0
-1733.9
-1177.0
-1177.0
-1733.9
-1733.9
-1177.0
-1733.9
-1177.0
-1177.0
-1733.9
-1733.9
-1177.0
-1733.9
-1177.0
-1177.0
-1733.9
-1733.9
-1177.0
-1733.9
-1177.0
-1733.9
-1177.0
-1733.9
-1177.0
-1177.0
-1733.9
-1733.9
-1733.9
-1177.0
-1177.0
-1733.9
-1177.0
-1733.9
-1177.0
-1733.9
-1177.0
-1733.9
-1177.0
-1733.9
-1177.0
-1733.9
-1177.0
-1733.9
-1177.0
-1733.9
-1733.9
-1733.9
-1177.0
-1733.9
-1177.0
-1177.0
-1733.9
-1733.9
-1177.0
-1733.9
-1177.0
-1733.9
-1177.0
-1733.9
-1177.0
-1733.9
-1177.0
-1733.9
-1177.0
-1733.9
-1177.0
-1733.9
-1177.0
-1177.0
-1733.9
-1733.9
-1733.9
-1733.9
-1733.9
-1733.9
-1177.0
-1177.0
-1177.0
-1177.0
-1177.0
-1733.9
-1177.0
-1177.0
-1177.0
-1733.9
-1177.0
-1733.9
-1177.0
-1733.9
-1177.0
-1177.0
-1733.9
-1733.9
-1177.0
-1733.9
-1177.0
-1733.9
-1177.0
-1177.0
-1177.0
-1733.9
-1177.0
-1177.0
-1177.0
-1733.9
-1177.0
-1177.0
-1177.0
-1177.0
-1177.0
-1733.9
-1177.0
-1177.0
-1177.0
-1177.0
-1177.0
-1733.9
-1733.9
-1177.0
-1177.0
-1177.0
-1177.0
-1177.0
-1177.0
-1177.0
-1177.0
-1733.9
-1177.0
-1733.9
-1177.0
-1733.9
-1733.9
-1733.9
-1177.0
-1733.9
-1177.0
-1733.9
-1177.0
-1733.9
-1177.0
-1177.0
-1177.0
-1177.0
-1177.0
-1733.9
-1177.0
-1733.9
-1733.9
-1733.9
-1177.0
-1177.0
-1177.0
-1733.9
-1177.0
-1733.9
-1177.0
-1733.9
-1177.0
-1177.0
-1177.0
-1177.0
-1733.9
-1733.9
-1177.0
-1733.9
-1177.0
-1177.0
-1177.0
-1177.0
-1733.9
-1733.9
-1177.0
-1733.9
-1177.0
-1733.9
-1177.0
-1733.9
-1177.0
-1177.0
-1177.0
-1733.9
-1733.9
-1177.0
-1177.0
-1733.9
-1177.0
-1177.0
-1177.0
-1177.0
-620.1
-1733.9
-1177.0
-1177.0
-1177.0
-1733.9
-1177.0
-1733.9
-1177.0
-1733.9
-1177.0
-1733.9
-620.1
-1733.9
-1177.0
-1733.9
-1177.0
-1177.0
-1177.0
-1733.9
-1733.9
-1733.9
-1177.0
-1733.9
-1177.0
-1733.9
-620.1
-1733.9
-1177.0
-1177.0
-1177.0
-1177.0
-1177.0
-1733.9
-620.1
-1733.9
-1177.0
-1177.0
-1177.0
-1177.0
-1177.0
-1733.9
-1177.0
-1733.9
-1177.0
-1733.9
-1177.0
-1177.0
-1177.0
-1733.9
-1177.0
-1733.9
-620.1
-1177.0
-1177.0
-1733.9
-1177.0
-1177.0
-1177.0
-1733.9
-1177.0
-1733.9
-1177.0
-1177.0
-1177.0
-1733.9
-620.1
-1177.0
-1733.9
-1733.9
-1177.0
-1177.0
-1177.0
-1733.9
-1177.0
-1733.9
-1733.9
-1177.0
-1177.0
-1733.9
-1177.0
-1733.9
-1733.9
-1733.9
-1177.0
-1177.0
-1177.0
-1177.0
-1177.0
-1733.9
-1177.0
-1177.0
-1177.0
-1177.0
-1177.0
-1733.9
-1177.0
-1733.9
-1733.9
-1733.9
-1177.0
-1733.9
-1177.0
-1177.0
-620.1
-1733.9
-1177.0
-1733.9
-1177.0
-1177.0
-620.1
-1177.0
-620.1
-1733.9
-1177.0
-1177.0
-1177.0
-1733.9
-1177.0
-1733.9
-1177.0
-1733.9
-1177.0
-1177.0
-1177.0
-1733.9
-1177.0
-1733.9
-1177.0
-1733.9
-1177.0
-1177.0
-1177.0
-1177.0
-1177.0
-1733.9
-1177.0
-1177.0
-1177.0
-1733.9
-1177.0
-1733.9
-1177.0
-1733.9
-1177.0
-1177.0
-1733.9
-1177.0
-1177.0
-1177.0
-1177.0
-1177.0
-1177.0
-1177.0
-1177.0
-1177.0
-1177.0
-1177.0
-1177.0
-1177.0
-1177.0
-1177.0
-1177.0
-1177.0
-620.1
-1177.0
-1177.0
-1733.9
-620.1
-1177.0
-1177.0
-1177.0
-1177.0
-1177.0
-1177.0
-1177.0
-1733.9
-1177.0
-1733.9
-1733.9
-1177.0
-1177.0
-1177.0
-1177.0
-1733.9
-1177.0
-1177.0
-1733.9
-1177.0
-1177.0
-1177.0
-1177.0
-620.1
-1177.0
-1177.0
-1733.9
-620.1
-1733.9
-1177.0
-1733.9
-1733.9
-1733.9
-1177.0
-1733.9
-1177.0
-1177.0
-620.1
-1733.9
-1177.0
-1733.9
-1177.0
-1177.0
-1177.0
-1733.9
-1177.0
-1733.9
-1177.0
-1177.0
-1177.0
-1733.9
-1177.0
-1733.9
-1177.0
-1177.0
-1177.0
-1177.0
-1177.0
-1177.0
-620.1
-1733.9
-1177.0
-1177.0
-1177.0
-1177.0
-1177.0
-1733.9
-1733.9
-1177.0
-1177.0
-1177.0
-1177.0
-1177.0
-1177.0
-1733.9
-1177.0
-1177.0
-620.1
-1733.9
-1177.0
-1733.9
-1177.0
-1733.9
-1177.0
-1177.0
-1177.0
-1733.9
-1177.0
-1177.0
-1177.0
-1733.9
-1177.0
-1177.0
-620.1
-1177.0
-1177.0
-1177.0
-620.1
-1177.0
-1177.0
-1733.9
-620.1
-1177.0
-1177.0
-1733.9
-1177.0
-1177.0
-1177.0
-1733.9
-620.1
-1733.9
-1177.0
-1733.9
-1177.0
-1177.0
-1177.0
-1177.0
-1177.0
-1177.0
-1177.0
-1177.0
-1177.0
-1733.9
-1177.0
-1177.0
-1177.0
-1177.0
-620.1
-1177.0
-1177.0
-1177.0
-620.1
-1177.0
-620.1
-1733.9
-1177.0
-1177.0
-1177.0
-1177.0
-1177.0
-1177.0
-620.1
-1177.0
-1177.0
-1177.0
-1177.0
-1177.0
-620.1
-1177.0
-1177.0
-1733.9
-1177.0
-1177.0
-1177.0
-1733.9
-1177.0
-1177.0
-620.1
-1177.0
-1177.0
-1177.0
-620.1
-1177.0
-1177.0
-1733.9
-620.1
-1177.0
-620.1
-1733.9
-620.1
-1733.9
-1177.0
-1733.9
-620.1
-1177.0
-1177.0
-1733.9
-620.1
-1177.0
-620.1
-1733.9
-620.1
-1733.9
-1177.0
-1733.9
-1177.0
-1177.0
-620.1
-1177.0
-1177.0
-1177.0
-1177.0
-1177.0
-1177.0
-1733.9
-1177.0
-1733.9
-620.1
-1177.0
-620.1
-620.1
-620.1
-1177.0
-1177.0
-1177.0
-620.1
-1733.9
-620.1
-1733.9
-1177.0
-1733.9
-1177.0
-1177.0
-1177.0
-1733.9
-620.1
-1177.0
-620.1
-1177.0
-1177.0
-1733.9
-620.1
-1177.0
-1177.0
-1177.0
-1177.0
-1177.0
-1177.0
-1177.0
-1177.0
-1177.0
-1177.0
-620.1
-1177.0
-1177.0
-1177.0
-1177.0
-1177.0
-1177.0
-1177.0
-1177.0
-1177.0
-1177.0
-1177.0
-1177.0
-620.1
-1733.9
-1177.0
-1177.0
-1177.0
-620.1
-620.1
-1177.0
-620.1
-1177.0
-1177.0
-1177.0
-1177.0
-1733.9
-1177.0
-1177.0
-1177.0
-1733.9
-1177.0
-1177.0
-1177.0
-1733.9
-1177.0
-1177.0
-1177.0
-1177.0
-1177.0
-1177.0
-620.1
-1177.0
-1177.0
-1733.9
-620.1
-1177.0
-1177.0
-1177.0
-620.1
-1177.0
-1177.0
-1733.9
-1177.0
-1177.0
-1177.0
-1177.0
-620.1
-1733.9
-1177.0
-1177.0
-620.1
-620.1
-1177.0
-1177.0
-1177.0
-1177.0
-1177.0
-1177.0
-1177.0
-1177.0
-1177.0
-1733.9
-1177.0
-620.1
-1177.0
-1733.9
-1177.0
-1177.0
-620.1
-1177.0
-1177.0
-1177.0
-1177.0
-1177.0
-1177.0
-1733.9
-1177.0
-1177.0
-620.1
-1177.0
-620.1
-1177.0
-620.1
-1177.0
-1177.0
-1177.0
-1177.0
-1733.9
-1177.0
-1177.0
-1177.0
-1733.9
-1177.0
-1733.9
-620.1
-1733.9
-620.1
-1733.9
-1177.0
-1177.0
-620.1
-1177.0
-1177.0
-1177.0
-620.1
-1733.9
-620.1
-1177.0
-620.1
-1177.0
-1177.0
-1733.9
-1177.0
-1177.0
-620.1
-620.1
-1177.0
-1177.0
-1177.0
-1177.0
-620.1
-1177.0
-1177.0
-1733.9
-1177.0
-1177.0
-1177.0
-1177.0
-620.1
-1177.0
-620.1
-1733.9
-620.1
-1733.9
-620.1
-1733.9
-620.1
-1733.9
-1177.0
-1733.9
-1177.0
-620.1
-1177.0
-1177.0
-620.1
-620.1
-620.1
-1177.0
-620.1
-1177.0
-1177.0
-1733.9
-1177.0
-1733.9
-1177.0
-1177.0
-1177.0
-1177.0
-1177.0
-1177.0
-620.1
-1177.0
-620.1
-1177.0
-620.1
-1733.9
-1177.0
-1733.9
-1177.0
-620.1
-620.1
-1733.9
-1177.0
-1177.0
-620.1
-1733.9
-1177.0
-1177.0
-1177.0
-1177.0
-1177.0
-1733.9
-1177.0
-1733.9
-1177.0
-1177.0
-1177.0
-1177.0
-620.1
-1177.0
-620.1
-1177.0
-1177.0
-1177.0
-620.1
-1177.0
-1177.0
-1733.9
-620.1
-1177.0
-1177.0
-1177.0
-620.1
-1733.9
-620.1
-1733.9
-620.1
-1733.9
-1733.9
-1177.0
-1177.0
-1733.9
-1177.0
-1177.0
-1177.0
-1733.9
-620.1
-1177.0
-620.1
-1733.9
-1177.0
-1177.0
-620.1
-1733.9
-1733.9
-1733.9
-620.1
-1177.0
-620.1
-1177.0
-1177.0
-1177.0
-1177.0
-1177.0
-620.1
-1177.0
-620.1
-1733.9
-620.1
-1733.9
-1177.0
-1177.0
-620.1
-1177.0
-1177.0
-1177.0
-1177.0
-1733.9
-1177.0
-1177.0
-1177.0
-1177.0
-620.1
-620.1
-620.1
-1177.0
-1177.0
-1177.0
-620.1
-1177.0
-620.1
-1177.0
-620.1
-1177.0
-620.1
-1177.0
-620.1
-1733.9
-1177.0
-1733.9
-1177.0
-1177.0
-1177.0
-1177.0
-620.1
-1177.0
-1177.0
-1177.0
-1177.0
-1177.0
-1177.0
-1177.0
-1177.0
-1733.9
-620.1
-1177.0
-620.1
-1733.9
-620.1
-1733.9
-1177.0
-1177.0
-620.1
-1177.0
-620.1
-1733.9
-1177.0
-1177.0
-620.1
-1177.0
-1177.0
-1177.0
-1177.0
-1177.0
-1177.0
-1177.0
-1177.0
-1177.0
-1177.0
-1177.0
-1177.0
-1733.9
-620.1
-620.1
-620.1
-1177.0
-1177.0
-1177.0
-1177.0
-1177.0
-1177.0
-1177.0
-1177.0
-1177.0
-620.1
-620.1
-620.1
-1733.9
-1177.0
-1177.0
-1177.0
-1177.0
-1177.0
-1733.9
-1177.0
-1177.0
-1177.0
-1177.0
-620.1
-620.1
-620.1
-1177.0
-1177.0
-1177.0
-620.1
-1177.0
-620.1
-1177.0
-1177.0
-1177.0
-620.1
-1177.0
-1177.0
-1177.0
-620.1
-1733.9
-620.1
-1177.0
-620.1
-1177.0
-1177.0
-1177.0
-1177.0
-1177.0
-620.1
-1177.0
-620.1
-1733.9
-620.1
-1177.0
-1177.0
-1177.0
-1177.0
-1177.0
-620.1
-1177.0
-1177.0
-1177.0
-620.1
-1177.0
-1177.0
-1177.0
-620.1
-620.1
-620.1
-1177.0
-620.1
-1177.0
-620.1
-1733.9
-620.1
-1177.0
-620.1
-1177.0
-1177.0
-1177.0
-620.1
-1177.0
-1177.0
-1177.0
-620.1
-1177.0
-1177.0
-1177.0
-620.1
-1177.0
-1177.0
-1733.9
-1177.0
-1733.9
-620.1
-1177.0
-620.1
-1177.0
-620.1
-1733.9
-1177.0
-1177.0
-620.1
-1177.0
-620.1
-1177.0
-620.1
-1177.0
-1177.0
-1177.0
-620.1
-1177.0
-620.1
-1733.9
-1177.0
-1733.9
-1177.0
-1177.0
-620.1
-1733.9
-1177.0
-1177.0
-1177.0
-1177.0
-1177.0
-1177.0
-1177.0
-1177.0
-620.1
-620.1
-1177.0
-1177.0
-1177.0
-620.1
-1177.0
-1177.0
-1177.0
-620.1
-620.1
-1177.0
-1177.0
-1177.0
-620.1
-1177.0
-1177.0
-1733.9
-620.1
-1177.0
-620.1
-1177.0
-620.1
-1177.0
-620.1
-620.1
-620.1
-1177.0
-1177.0
-1177.0
-620.1
-620.1
-1177.0
-1733.9
-620.1
-620.1
-620.1
-1733.9
-1177.0
-1177.0
-620.1
-1177.0
-1177.0
-1177.0
-620.1
-1177.0
-620.1
-1177.0
-620.1
-1177.0
-620.1
-1177.0
-1177.0
-1177.0
-620.1
-1177.0
-1177.0
-1177.0
-620.1
-1177.0
-620.1
-1177.0
-620.1
-1177.0
-620.1
-1177.0
-620.1
-1177.0
-620.1
-1177.0
-620.1
-1733.9
-1177.0
-1177.0
-620.1
-1177.0
-620.1
-1177.0
-1177.0
-1177.0
-620.1
-1177.0
-620.1
-1733.9
-1177.0
-1177.0
-620.1
-1177.0
-1177.0
-1177.0
-620.1
-620.1
-620.1
-1177.0
-1177.0
-1177.0
-620.1
-1177.0
-620.1
-1177.0
-1177.0
-1177.0
-620.1
-1177.0
-1177.0
-1177.0
-1177.0
-1177.0
-620.1
-1733.9
-1177.0
-1177.0
-1177.0
-1733.9
-1177.0
-1177.0
-1177.0
-1177.0
-620.1
-1177.0
-620.1
-1733.9
-620.1
-1177.0
-620.1
-1177.0
-620.1
-1177.0
-1177.0
-1177.0
-1177.0
-1177.0
-1177.0
-1733.9
-1177.0
-1177.0
-620.1
-1733.9
-620.1
-1177.0
-620.1
-1177.0
-620.1
-1177.0
-620.1
-1177.0
-620.1
-1177.0
-1177.0
-1177.0
-620.1
-1177.0
-620.1
-1733.9
-620.1
-1177.0
-620.1
-1177.0
-620.1
-1177.0
-620.1
-1177.0
-1177.0
-1177.0
-620.1
-1177.0
-620.1
-1177.0
-1177.0
-1177.0
-1177.0
-620.1
-620.1
-1177.0
-1177.0
-1733.9
-1177.0
-1177.0
-1177.0
-1733.9
-1177.0
-620.1
-620.1
-1177.0
-620.1
-1733.9
-620.1
-1177.0
-620.1
-1177.0
-1177.0
-1733.9
-620.1
-1177.0
-620.1
-1177.0
-620.1
-1177.0
-620.1
-1177.0
-620.1
-1177.0
-620.1
-1177.0
-620.1
-1177.0
-620.1
-620.1
-620.1
-1733.9
-1177.0
-1177.0
-1177.0
-1177.0
-1177.0
-1177.0
-620.1
-1177.0
-1177.0
-1177.0
-620.1
-1177.0
-1177.0
-1177.0
-1177.0
-1177.0
-620.1
-1733.9
-620.1
-1177.0
-620.1
-1733.9
-620.1
-1177.0
-620.1
-1177.0
-620.1
-1177.0
-620.1
-1177.0
-1177.0
-1177.0
-1177.0
-1177.0
-1177.0
-1177.0
-1177.0
-1177.0
-1177.0
-1177.0
-620.1
-1177.0
-1177.0
-1177.0
-620.1
-1177.0
-620.1
-1177.0
-620.1
-1177.0
-1177.0
-1177.0
-620.1
-1177.0
-620.1
-1177.0
-1177.0
-1733.9
-620.1
-620.1
-620.1
-1177.0
-1177.0
-1177.0
-1177.0
-1177.0
-1177.0
-620.1
-620.1
-1733.9
-1177.0
-1177.0
-620.1
-1177.0
-620.1
-1177.0
-620.1
-1177.0
-620.1
-1177.0
-1177.0
-1177.0
-620.1
-1177.0
-1177.0
-1177.0
-1177.0
-1733.9
-1177.0
-1177.0
-1177.0
-1177.0
-620.1
-1177.0
-620.1
-1733.9
-620.1
-1177.0
-1177.0
-1177.0
-620.1
-1177.0
-1177.0
-1733.9
-620.1
-1177.0
-1177.0
-1177.0
-620.1
-1733.9
-1177.0
-1177.0
-620.1
-1733.9
-1177.0
-1733.9
-620.1
-620.1
-620.1
-1733.9
-1177.0
-1177.0
-620.1
-1177.0
-1177.0
-1177.0
-620.1
-620.1
-620.1
-1177.0
-620.1
-1177.0
-1177.0
-1177.0
-1177.0
-1177.0
-620.1
-1177.0
-1177.0
-1177.0
-620.1
-1177.0
-1177.0
-1177.0
-1177.0
-1177.0
-620.1
-1177.0
-620.1
-1177.0
-620.1
-1177.0
-620.1
-1177.0
-620.1
-1177.0
-620.1
-1177.0
-1177.0
-1177.0
-620.1
-1177.0
-1177.0
-620.1
-620.1
-1177.0
-620.1
-1177.0
-620.1
-1177.0
-620.1
-1177.0
-620.1
-1177.0
-620.1
-1177.0
-1177.0
-1177.0
-1177.0
-1177.0
-620.1
-1733.9
-620.1
-1177.0
-620.1
-1177.0
-1177.0
-1177.0
-620.1
-620.1
-620.1
-1733.9
-620.1
-1177.0
-620.1
-1177.0
-620.1
-1177.0
-620.1
-1733.9
-620.1
-1733.9
-1177.0
-1177.0
-620.1
-1177.0
-620.1
-1177.0
-620.1
-1177.0
-620.1
-1177.0
-620.1
-1177.0
-620.1
-1177.0
-620.1
-620.1
-1177.0
-620.1
-620.1
-620.1
-620.1
-1177.0
-620.1
-1733.9
-620.1
-1177.0
-620.1
-1177.0
-620.1
-620.1
-620.1
-1177.0
-620.1
-620.1
-620.1
-1177.0
-1177.0
-1177.0
-620.1
-620.1
-620.1
-1177.0
-620.1
-1177.0
-620.1
-1177.0
-1177.0
-1177.0
-1177.0
-620.1
-620.1
-1177.0
-1177.0
-1177.0
-620.1
-1177.0
-1177.0
-1177.0
-620.1
-1733.9
-620.1
-1177.0
-620.1
-1177.0
-620.1
-1177.0
-620.1
-1177.0
-620.1
-1177.0
-620.1
-620.1
-620.1
-1177.0
-1177.0
-1177.0
-620.1
-620.1
-620.1
-1177.0
-1177.0
-620.1
-620.1
-1177.0
-1177.0
-1177.0
-620.1
-1177.0
-1177.0
-1177.0
-620.1
-1177.0
-1177.0
-1177.0
-1177.0
-1177.0
-1177.0
-1733.9
-620.1
-1177.0
-620.1
-1177.0
-620.1
-1177.0
-620.1
-1177.0
-620.1
-1177.0
-620.1
-1177.0
-620.1
-1177.0
-1177.0
-620.1
-620.1
-1177.0
-620.1
-1177.0
-620.1
-1177.0
-620.1
-1177.0
-620.1
-1177.0
-620.1
-1177.0
-620.1
-1177.0
-620.1
-620.1
-620.1
-1177.0
-620.1
-620.1
-620.1
-1177.0
-620.1
-1177.0
-620.1
-620.1
-620.1
-1177.0
-1177.0
-1177.0
-620.1
-620.1
-620.1
-620.1
-620.1
-1177.0
-620.1
-1177.0
-620.1
-1177.0
-620.1
-1177.0
-620.1
-1177.0
-1177.0
-1733.9
-620.1
-620.1
-1177.0
-1177.0
-1177.0
-1177.0
-1177.0
-1177.0
-620.1
-1177.0
-620.1
-1733.9
-620.1
-1177.0
-620.1
-1177.0
-620.1
-1177.0
-620.1
-1177.0
-620.1
-1177.0
-620.1
-620.1
-620.1
-1177.0
-1177.0
-1177.0
-620.1
-620.1
-620.1
-1177.0
-1177.0
-1177.0
-1177.0
-1177.0
-620.1
-620.1
-620.1
-1177.0
-620.1
-620.1
-620.1
-1733.9
-1177.0
-620.1
-620.1
-1177.0
-620.1
-1733.9
-620.1
-1177.0
-620.1
-1177.0
-1177.0
-1733.9
-620.1
-1177.0
-1177.0
-1177.0
-1177.0
-620.1
-620.1
-620.1
-1177.0
-1177.0
-620.1
-1177.0
-620.1
-1177.0
-620.1
-1177.0
-620.1
-1177.0
-620.1
-1177.0
-620.1
-1177.0
-620.1
-1177.0
-620.1
-1177.0
-620.1
-1177.0
-620.1
-1177.0
-620.1
-1177.0
-620.1
-1177.0
-620.1
-1177.0
-620.1
-1177.0
-620.1
-1177.0
-620.1
-620.1
-620.1
-1177.0
-620.1
-1733.9
-620.1
-1177.0
-620.1
-1177.0
-620.1
-1177.0
-620.1
-1177.0
-620.1
-620.1
-620.1
-620.1
-1177.0
-1733.9
-620.1
-1177.0
-620.1
-1177.0
-620.1
-620.1
-620.1
-1733.9
-1177.0
-620.1
-620.1
-1177.0
-1177.0
-1177.0
-620.1
-1177.0
-620.1
-1733.9
-620.1
-1177.0
-620.1
-1177.0
-620.1
-1177.0
-1177.0
-1177.0
-620.1
-1177.0
-1177.0
-1177.0
-620.1
-1177.0
-1177.0
-1177.0
-620.1
-1177.0
-620.1
-1177.0
-620.1
-1177.0
-620.1
-620.1
-620.1
-620.1
-1177.0
-1177.0
-1177.0
-1177.0
-620.1
-1177.0
-1177.0
-1177.0
-620.1
-1177.0
-620.1
-1177.0
-620.1
-1177.0
-620.1
-620.1
-620.1
-1177.0
-620.1
-1177.0
-620.1
-620.1
-620.1
-1177.0
-620.1
-1733.9
-620.1
-1177.0
-620.1
-1177.0
-620.1
-1177.0
-620.1
-620.1
-620.1
-1177.0
-1177.0
-620.1
-620.1
-1177.0
-620.1
-1177.0
-620.1
-1733.9
-620.1
-1177.0
-620.1
-620.1
-620.1
-1177.0
-620.1
-1177.0
-620.1
-1177.0
-1177.0
-1177.0
-620.1
-620.1
-620.1
-1177.0
-620.1
-620.1
-620.1
-620.1
-620.1
-1177.0
-620.1
-1177.0
-620.1
-1177.0
-620.1
-1177.0
-1177.0
-620.1
-620.1
-1177.0
-1177.0
-1177.0
-620.1
-1177.0
-620.1
-1177.0
-620.1
-1177.0
-620.1
-1177.0
-620.1
-1177.0
-620.1
-1177.0
-620.1
-1177.0
-1177.0
-1177.0
-620.1
-1177.0
-620.1
-1177.0
-620.1
-1177.0
-620.1
-1177.0
-620.1
-1177.0
-620.1
-1177.0
-620.1
-1177.0
-620.1
-1177.0
-620.1
-620.1
-620.1
-1177.0
-620.1
-1177.0
-620.1
-620.1
-620.1
-1177.0
-620.1
-620.1
-620.1
-620.1
-620.1
-1177.0
-620.1
-1177.0
-620.1
-620.1
-620.1
-1177.0
-1177.0
-620.1
-620.1
-1177.0
-620.1
-620.1
-620.1
-1733.9
-620.1
-620.1
-620.1
-1177.0
-620.1
-1177.0
-620.1
-620.1
-620.1
-1177.0
-620.1
-620.1
-620.1
-1177.0
-620.1
-620.1
-620.1
-1177.0
-620.1
-620.1
-620.1
-1177.0
-620.1
-620.1
-620.1
-1177.0
-620.1
-1733.9
-620.1
-620.1
-620.1
-1177.0
-620.1
-1177.0
-620.1
-1177.0
-1177.0
-620.1
-620.1
-1177.0
-620.1
-1177.0
-620.1
-1177.0
-620.1
-1177.0
-620.1
-1177.0
-1177.0
-620.1
-620.1
-1177.0
-1177.0
-620.1
-620.1
-1177.0
-620.1
-1177.0
-620.1
-620.1
-620.1
-1177.0
-620.1
-1177.0
-620.1
-1177.0
-620.1
-1177.0
-620.1
-1177.0
-620.1
-1177.0
-620.1
-1177.0
-620.1
-1177.0
-620.1
-1177.0
-620.1
-1177.0
-620.1
-1177.0
-620.1
-1177.0
-620.1
-1177.0
-620.1
-1177.0
-620.1
-620.1
-620.1
-1177.0
-1177.0
-1177.0
-620.1
-620.1
-620.1
-620.1
-1177.0
-1177.0
-620.1
-1177.0
-620.1
-1177.0
-620.1
-1177.0
-620.1
-1177.0
-1177.0
-620.1
-620.1
-620.1
-620.1
-620.1
-620.1
-1177.0
-620.1
-1177.0
-63.3
-1177.0
-620.1
-620.1
-1177.0
-1177.0
-620.1
-620.1
-620.1
-1177.0
-620.1
-620.1
-620.1
-1177.0
-1177.0
-1177.0
-620.1
-620.1
-620.1
-1177.0
-620.1
-1177.0
-620.1
-1177.0
-620.1
-1177.0
-620.1
-1177.0
-620.1
-1177.0
-620.1
-1177.0
-620.1
-1177.0
-620.1
-1177.0
-620.1
-620.1
-620.1
-1177.0
-620.1
-620.1
-620.1
-1733.9
-1177.0
-1177.0
-1177.0
-620.1
-1177.0
-620.1
-620.1
-1177.0
-620.1
-1177.0
-620.1
-1177.0
-620.1
-1177.0
-620.1
-620.1
-620.1
-1177.0
-1177.0
-1177.0
-620.1
-1177.0
-620.1
-1177.0
-620.1
-1177.0
-620.1
-620.1
-620.1
-1177.0
-620.1
-1177.0
-620.1
-1177.0
-620.1
-1177.0
-620.1
-1177.0
-620.1
-620.1
-620.1
-1177.0
-620.1
-620.1
-620.1
-620.1
-620.1
-1177.0
-620.1
-1177.0
-620.1
-1177.0
-620.1
-620.1
-620.1
-1177.0
-620.1
-1177.0
-620.1
-1177.0
-620.1
-1177.0
-620.1
-1177.0
-620.1
-1733.9
-620.1
-1177.0
-620.1
-1177.0
-620.1
-620.1
-620.1
-1733.9
-1177.0
-1177.0
-620.1
-620.1
-620.1
-1177.0
-620.1
-1177.0
-620.1
-1177.0
-1177.0
-1177.0
-620.1
-1177.0
-1177.0
-1177.0
-620.1
-1177.0
-620.1
-1177.0
-620.1
-1177.0
-620.1
-1177.0
-620.1
-1177.0
-1177.0
-1177.0
-620.1
-1177.0
-1177.0
-1177.0
-620.1
-620.1
-620.1
-1177.0
-620.1
-1177.0
-620.1
-1177.0
-620.1
-1177.0
-620.1
-1177.0
-620.1
-1177.0
-620.1
-1177.0
-620.1
-1177.0
-1177.0
-620.1
-620.1
-1177.0
-620.1
-1177.0
-620.1
-1177.0
-620.1
-620.1
-620.1
-1177.0
-620.1
-1733.9
-620.1
-1733.9
-1177.0
-1177.0
-620.1
-1177.0
-620.1
-1177.0
-1177.0
-620.1
-620.1
-620.1
-620.1
-1177.0
-620.1
-1177.0
-620.1
-620.1
-1177.0
-620.1
-1177.0
-620.1
-620.1
-1177.0
-620.1
-1177.0
-620.1
-1177.0
-620.1
-1177.0
-1177.0
-1177.0
-620.1
-620.1
-620.1
-1177.0
-1177.0
-1177.0
-1177.0
-1177.0
-620.1
-620.1
-620.1
-1177.0
-620.1
-1177.0
-620.1
-620.1
-1177.0
-620.1
-1177.0
-1177.0
-620.1
-1177.0
-620.1
-1733.9
-620.1
-1177.0
-620.1
-620.1
-620.1
-1177.0
-620.1
-1177.0
-620.1
-1177.0
-620.1
-1177.0
-620.1
-1177.0
-1177.0
-1177.0
-620.1
-1177.0
-620.1
-1177.0
-620.1
-1177.0
-620.1
-1177.0
-620.1
-1177.0
-620.1
-1733.9
-620.1
-620.1
-620.1
-1177.0
-1177.0
-1177.0
-620.1
-1177.0
-620.1
-1177.0
-620.1
-1177.0
-620.1
-1177.0
-620.1
-1177.0
-620.1
-1177.0
-620.1
-1177.0
-1177.0
-1177.0
-1177.0
-620.1
-620.1
-1177.0
-1177.0
-1177.0
-620.1
-1177.0
-620.1
-1177.0
-620.1
-1177.0
-1177.0
-1177.0
-620.1
-620.1
-620.1
-1177.0
-620.1
-620.1
-620.1
-1177.0
-63.3
-620.1
-620.1
-620.1
-1177.0
-1177.0
-620.1
-1177.0
-1177.0
-1177.0
-620.1
-1177.0
-620.1
-1733.9
-620.1
-1177.0
-620.1
-620.1
-620.1
-1177.0
-1177.0
-1177.0
-620.1
-620.1
-620.1
-620.1
-620.1
-1177.0
-620.1
-1177.0
-620.1
-1177.0
-620.1
-1177.0
-620.1
-1177.0
-1177.0
-620.1
-63.3
-1177.0
-1177.0
-620.1
-1177.0
-1177.0
-1177.0
-620.1
-1177.0
-1177.0
-620.1
-620.1
-620.1
-1177.0
-620.1
-1177.0
-620.1
-1177.0
-620.1
-620.1
-620.1
-1177.0
-620.1
-1177.0
-620.1
-1177.0
-620.1
-1177.0
-620.1
-1177.0
-620.1
-1177.0
-620.1
-1177.0
-620.1
-620.1
-620.1
-1177.0
-620.1
-620.1
-620.1
-1177.0
-620.1
-1177.0
-620.1
-620.1
-620.1
-1177.0
-1177.0
-620.1
-620.1
-620.1
-1177.0
-620.1
-620.1
-620.1
-620.1
-1177.0
-620.1
-620.1
-63.3
-620.1
-620.1
-620.1
-620.1
-1177.0
-63.3
-620.1
-620.1
-1177.0
-620.1
-1177.0
-620.1
-1177.0
-620.1
-620.1
-620.1
-620.1
-620.1
-1177.0
-620.1
-1177.0
-620.1
-620.1
-620.1
-620.1
-620.1
-1177.0
-620.1
-1177.0
-620.1
-620.1
-620.1
-620.1
-620.1
-1177.0
-620.1
-1177.0
-620.1
-1177.0
-620.1
-1177.0
-620.1
-620.1
-620.1
-1177.0
-620.1
-620.1
-620.1
-620.1
-620.1
-1177.0
-620.1
-1177.0
-620.1
-1177.0
-620.1
-1177.0
-620.1
-1177.0
-620.1
-1177.0
-620.1
-620.1
-620.1
-620.1
-1177.0
-620.1
-620.1
-1177.0
-620.1
-620.1
-620.1
-620.1
-620.1
-1177.0
-620.1
-620.1
-620.1
-1177.0
-620.1
-620.1
-620.1
-1177.0
-620.1
-1177.0
-620.1
-1733.9
-620.1
-620.1
-620.1
-1177.0
-1177.0
-1177.0
-63.3
-1177.0
-620.1
-620.1
-1177.0
-1177.0
-620.1
-620.1
-620.1
-1177.0
-620.1
-1177.0
-620.1
-620.1
-620.1
-620.1
-620.1
-620.1
-620.1
-1177.0
-620.1
-620.1
-620.1
-1177.0
-620.1
-620.1
-620.1
-1177.0
-620.1
-620.1
-620.1
-1177.0
-620.1
-620.1
-620.1
-1177.0
-620.1
-1177.0
-620.1
-1177.0
-620.1
-1177.0
-1177.0
-1177.0
-1177.0
-1177.0
-620.1
-1177.0
-620.1
-1177.0
-620.1
-1177.0
-620.1
-1177.0
-620.1
-620.1
-620.1
-620.1
-620.1
-620.1
-620.1
-620.1
-620.1
-1177.0
-620.1
-1177.0
-620.1
-1177.0
-620.1
-1177.0
-620.1
-1177.0
-620.1
-1177.0
-620.1
-1177.0
-620.1
-1177.0
-620.1
-620.1
-620.1
-1177.0
-620.1
-620.1
-620.1
-1177.0
-620.1
-1177.0
-620.1
-1177.0
-620.1
-1177.0
-620.1
-620.1
-620.1
-1177.0
-63.3
-620.1
-620.1
-63.3
-1177.0
-1177.0
-63.3
-1177.0
-1177.0
-620.1
-620.1
-1177.0
-620.1
-1177.0
-620.1
-1177.0
-620.1
-1177.0
-620.1
-1177.0
-620.1
-1177.0
-63.3
-620.1
-620.1
-620.1
-1177.0
-1177.0
-620.1
-1177.0
-620.1
-1177.0
-620.1
-1177.0
-620.1
-1177.0
-620.1
-1177.0
-620.1
-1733.9
-620.1
-620.1
-620.1
-1177.0
-1177.0
-1177.0
-620.1
-620.1
-620.1
-1177.0
-620.1
-1177.0
-620.1
-1177.0
-620.1
-1177.0
-620.1
-620.1
-620.1
-1177.0
-620.1
-1177.0
-620.1
-1177.0
-620.1
-1177.0
-620.1
-620.1
-620.1
-1177.0
-620.1
-1177.0
-620.1
-620.1
-620.1
-1177.0
-1177.0
-1733.9
-1177.0
-1177.0
-620.1
-1177.0
-620.1
-1177.0
-620.1
-1177.0
-620.1
-1177.0
-1177.0
-620.1
-63.3
-620.1
-620.1
-620.1
-1177.0
-1177.0
-620.1
-620.1
-620.1
-1177.0
-620.1
-1177.0
-620.1
-1177.0
-620.1
-1177.0
-620.1
-1177.0
-620.1
-1177.0
-620.1
-1177.0
-620.1
-1177.0
-620.1
-1177.0
-620.1
-1177.0
-620.1
-1177.0
-620.1
-620.1
-620.1
-1177.0
-620.1
-1177.0
-620.1
-1177.0
-620.1
-620.1
-620.1
-620.1
-620.1
-1177.0
-620.1
-1177.0
-620.1
-1177.0
-620.1
-1177.0
-620.1
-1177.0
-620.1
-1177.0
-1177.0
-1177.0
-620.1
-1177.0
-620.1
-1177.0
-620.1
-620.1
-620.1
-1177.0
-620.1
-1177.0
-620.1
-1177.0
-620.1
-620.1
-620.1
-620.1
-620.1
-1177.0
-620.1
-620.1
-620.1
-1177.0
-620.1
-1177.0
-620.1
-1177.0
-620.1
-620.1
-620.1
-1177.0
-620.1
-620.1
-620.1
-620.1
-620.1
-1177.0
-620.1
-620.1
-620.1
-620.1
-620.1
-1177.0
-620.1
-1177.0
-620.1
-1177.0
-620.1
-1177.0
-620.1
-1177.0
-620.1
-1177.0
-620.1
-1177.0
-620.1
-620.1
-620.1
-620.1
-1177.0
-1177.0
-620.1
-620.1
-1177.0
-1177.0
-620.1
-620.1
-620.1
-1177.0
-620.1
-1177.0
-620.1
-1177.0
-620.1
-1177.0
-620.1
-1177.0
-620.1
-1177.0
-620.1
-1177.0
-620.1
-1177.0
-1177.0
-1177.0
-620.1
-620.1
-620.1
-1177.0
-620.1
-620.1
-620.1
-1177.0
-620.1
-1177.0
-1177.0
-1177.0
-620.1
-1177.0
-620.1
-1177.0
-620.1
-1177.0
-620.1
-1177.0
-620.1
-620.1
-620.1
-620.1
-620.1
-620.1
-620.1
-1177.0
-620.1
-1177.0
-620.1
-620.1
-620.1
-620.1
-1177.0
-1177.0
-620.1
-620.1
-620.1
-1177.0
-63.3
-1177.0
-620.1
-620.1
-620.1
-1177.0
-620.1
-1177.0
-620.1
-1177.0
-620.1
-1177.0
-620.1
-1177.0
-620.1
-1177.0
-620.1
-1177.0
-620.1
-1177.0
-620.1
-620.1
-620.1
-1177.0
-620.1
-1177.0
-620.1
-620.1
-620.1
-1177.0
-620.1
-620.1
-620.1
-1177.0
-620.1
-620.1
-620.1
-620.1
-620.1
-620.1
-620.1
-620.1
-620.1
-620.1
-620.1
-620.1
-620.1
-620.1
-620.1
-1177.0
-620.1
-1177.0
-1177.0
-1177.0
-620.1
-1177.0
-620.1
-1177.0
-620.1
-1177.0
-620.1
-620.1
-63.3
-1177.0
-1177.0
-620.1
-620.1
-1177.0
-620.1
-1177.0
-63.3
-1177.0
-620.1
-620.1
-1177.0
-1177.0
-620.1
-620.1
-620.1
-1177.0
-620.1
-1177.0
-620.1
-620.1
-620.1
-1177.0
-620.1
-620.1
-620.1
-1177.0
-1177.0
-1177.0
-63.3
-620.1
-620.1
-620.1
-1177.0
-620.1
-620.1
-620.1
-620.1
-1177.0
-620.1
-1177.0
-620.1
-1177.0
-620.1
-1177.0
-1177.0
-620.1
-1177.0
-63.3
-1177.0
-620.1
-620.1
-1177.0
-620.1
-620.1
-620.1
-1177.0
-620.1
-1177.0
-620.1
-620.1
-1177.0
-1177.0
-620.1
-620.1
-620.1
-620.1
-1177.0
-1177.0
-620.1
-620.1
-620.1
-1177.0
-620.1
-620.1
-620.1
-620.1
-620.1
-1177.0
-620.1
-1177.0
-63.3
-1177.0
-620.1
-620.1
-620.1
-1177.0
-63.3
-620.1
-620.1
-620.1
-620.1
-1177.0
-620.1
-1177.0
-620.1
-1177.0
-620.1
-620.1
-620.1
-1177.0
-620.1
-620.1
-620.1
-1177.0
-620.1
-1177.0
-620.1
-1177.0
-620.1
-1177.0
-620.1
-1177.0
-620.1
-1177.0
-620.1
-620.1
-620.1
-1177.0
-620.1
-1177.0
-620.1
-1177.0
-620.1
-620.1
-620.1
-1177.0
-620.1
-1177.0
-63.3
-1177.0
-620.1
-620.1
-620.1
-620.1
-620.1
-1177.0
-620.1
-1177.0
-620.1
-620.1
-620.1
-1177.0
-620.1
-1177.0
-620.1
-1177.0
-620.1
-1177.0
-63.3
-1177.0
-620.1
-620.1
-1177.0
-1177.0
-620.1
-1177.0
-620.1
-1733.9
-620.1
-1177.0
-620.1
-1177.0
-1177.0
-1177.0
-620.1
-1177.0
-620.1
-1177.0
-620.1
-1177.0
-620.1
-620.1
-620.1
-1177.0
-620.1
-1177.0
-620.1
-1177.0
-620.1
-1177.0
-620.1
-1177.0
-620.1
-1177.0
-620.1
-1177.0
-620.1
-620.1
-620.1
-1177.0
-620.1
-1177.0
-620.1
-1177.0
-620.1
-1177.0
-1177.0
-1177.0
-620.1
-620.1
-620.1
-1177.0
-1177.0
-620.1
-620.1
-1177.0
-1177.0
-620.1
-620.1
-620.1
-620.1
-1177.0
-620.1
-1177.0
-620.1
-620.1
-620.1
-620.1
-620.1
-1177.0
-620.1
-620.1
-620.1
-1177.0
-620.1
-620.1
-620.1
-620.1
-620.1
-1733.9
-620.1
-620.1
-63.3
-620.1
-620.1
-63.3
-620.1
-1177.0
-620.1
-1177.0
-620.1
-620.1
-620.1
-620.1
-620.1
-1177.0
-620.1
-1177.0
-620.1
-620.1
-620.1
-620.1
-620.1
-620.1
-63.3
-1177.0
-620.1
-620.1
-620.1
-1177.0
-63.3
-620.1
493.6
-620.1
-620.1
-620.1
-620.1
-1177.0
-620.1
-620.1
-620.1
-1177.0
-620.1
-1177.0
-63.3
-1177.0
-620.1
-620.1
-1177.0
-1733.9
-620.1
-620.1
-620.1
-1177.0
-620.1
-1177.0
-63.3
-1177.0
-620.1
-620.1
-620.1
-1177.0
-620.1
-1177.0
-620.1
-1177.0
-620.1
-1177.0
-620.1
-620.1
-620.1
-1177.0
-620.1
-620.1
-620.1
-1177.0
-620.1
-620.1
-620.1
-1177.0
-620.1
-620.1
-620.1
-1177.0
-620.1
-1177.0
-620.1
-620.1
-620.1
-1177.0
-1177.0
-1177.0
-620.1
-620.1
-620.1
-1177.0
-620.1
-1177.0
-620.1
-1177.0
-1177.0
-1177.0
-620.1
-1177.0
-620.1
-1177.0
-620.1
-1177.0
-620.1
-1177.0
-620.1
-1177.0
-620.1
-1177.0
-620.1
-1177.0
-620.1
-620.1
-620.1
-620.1
-620.1
-620.1
-620.1
-1177.0
-620.1
-620.1
-63.3
-1177.0
-620.1
-63.3
-620.1
-1177.0
-620.1
-1177.0
-620.1
-1177.0
-620.1
-620.1
-620.1
-620.1
-1177.0
-1177.0
-620.1
-1177.0
-620.1
-1177.0
-620.1
-1177.0
-620.1
-620.1
-620.1
-1177.0
-1177.0
-620.1
-620.1
-1177.0
-620.1
-620.1
-620.1
-1177.0
-620.1
-620.1
-620.1
-1177.0
-620.1
-620.1
-620.1
-1177.0
-620.1
-1177.0
-620.1
-1177.0
-620.1
-620.1
-620.1
-620.1
-620.1
-1177.0
-620.1
-1177.0
-620.1
-1177.0
-620.1
-620.1
-620.1
-620.1
-620.1
-620.1
-620.1
-620.1
-620.1
-1177.0
-620.1
-620.1
-620.1
-1177.0
-620.1
-620.1
-63.3
-1177.0
-620.1
-620.1
-620.1
-1733.9
-620.1
-620.1
-620.1
-1177.0
-1177.0
-620.1
-620.1
-1177.0
-620.1
-620.1
-620.1
-1177.0
-620.1
-620.1
-620.1
-1177.0
-1177.0
-620.1
-620.1
-620.1
-620.1
-1177.0
-620.1
-620.1
-620.1
-1177.0
-620.1
-620.1
-620.1
-1177.0
-620.1
-1177.0
-620.1
-1177.0
-620.1
-1177.0
-620.1
-1177.0
-620.1
-1177.0
-63.3
-620.1
-620.1
-620.1
-620.1
-620.1
-620.1
-1177.0
-620.1
-1177.0
-620.1
-620.1
-620.1
-1177.0
-1177.0
-1177.0
-620.1
-620.1
-620.1
-620.1
-620.1
-1177.0
-620.1
-620.1
-620.1
-620.1
-620.1
-620.1
-620.1
-620.1
-1177.0
-1177.0
-620.1
-1177.0
-620.1
-1177.0
-620.1
-620.1
-620.1
-1177.0
-620.1
-620.1
-620.1
-1177.0
-620.1
-620.1
-620.1
-1177.0
-620.1
-620.1
-620.1
-1177.0
-620.1
-1177.0
-620.1
-1733.9
-620.1
-620.1
-620.1
-1177.0
-1177.0
-1177.0
-620.1
-620.1
-620.1
-620.1
-620.1
-620.1
-620.1
-620.1
-620.1
-620.1
-620.1
-1177.0
-620.1
-620.1
-620.1
-1177.0
-620.1
-1177.0
-620.1
-620.1
-620.1
-620.1
-620.1
-1177.0
-620.1
-1177.0
-620.1
-1177.0
-620.1
-620.1
-620.1
-1177.0
-620.1
-1177.0
-620.1
-620.1
-620.1
-1177.0
-620.1
-1177.0
-620.1
-620.1
-620.1
-1177.0
-1177.0
-1177.0
-63.3
-1177.0
-620.1
-620.1
-1177.0
-1177.0
-620.1
-620.1
-620.1
-1177.0
-1177.0
-1177.0
-620.1
-620.1
-620.1
-1177.0
-620.1
-620.1
-620.1
-1177.0
-620.1
-620.1
-620.1
-620.1
-620.1
-620.1
-620.1
-620.1
-620.1
-620.1
-620.1
-1177.0
-620.1
-620.1
-620.1
-620.1
-620.1
-620.1
-1177.0
-1177.0
-1177.0
-620.1
-620.1
-620.1
-620.1
-620.1
-620.1
-1177.0
-620.1
-620.1
-620.1
-1177.0
-620.1
-620.1
-620.1
-1177.0
-620.1
-620.1
-620.1
-620.1
-620.1
-1177.0
-620.1
-620.1
-63.3
-1177.0
-620.1
-620.1
-620.1
-1177.0
-620.1
-1177.0
-620.1
-1177.0
-620.1
-620.1
-620.1
-620.1
-620.1
-620.1
-1177.0
-620.1
-620.1
-1177.0
-620.1
-1177.0
-63.3
-1177.0
-620.1
-620.1
-1177.0
-1177.0
-620.1
-620.1
-63.3
-1177.0
-620.1
-620.1
-620.1
-1177.0
-620.1
-620.1
-620.1
-620.1
-620.1
-1177.0
-620.1
-1177.0
-620.1
-1177.0
-620.1
-1177.0
-620.1
-1177.0
-620.1
-1177.0
-620.1
-620.1
-620.1
-620.1
-620.1
-620.1
-620.1
-620.1
-620.1
-620.1
-620.1
-1177.0
-620.1
-620.1
-620.1
-1177.0
-1177.0
-1177.0
-620.1
-620.1
-620.1
-1177.0
-620.1
-620.1
-620.1
-1177.0
-620.1
-620.1
-620.1
-1177.0
-620.1
-1177.0
-620.1
-1177.0
-620.1
-1177.0
-620.1
-1177.0
-620.1
-620.1
-620.1
-1177.0
-620.1
-620.1
-620.1
-620.1
-1177.0
-1177.0
-620.1
-620.1
-620.1
-620.1
-620.1
-620.1
-63.3
-620.1
-620.1
-620.1
-620.1
-1177.0
-63.3
-1177.0
-620.1
-620.1
-620.1
-1177.0
-63.3
-1177.0
-620.1
-620.1
-1177.0
-1177.0
-620.1
-620.1
-620.1
-1177.0
-620.1
-620.1
-620.1
-1177.0
-620.1
-620.1
-620.1
-620.1
-620.1
-1177.0
-620.1
-620.1
-620.1
-1177.0
-620.1
-620.1
-63.3
-620.1
-620.1
-620.1
-1177.0
-1177.0
-620.1
-620.1
-620.1
-1177.0
-620.1
-620.1
-620.1
-1177.0
-1177.0
-1177.0
-620.1
-1177.0
-620.1
-1177.0
-620.1
-620.1
-620.1
-1177.0
-620.1
-1177.0
-620.1
-620.1
-620.1
-1177.0
-620.1
-620.1
-620.1
-1177.0
-620.1
-1177.0
-620.1
-620.1
-620.1
-1177.0
-620.1
-620.1
-620.1
-1177.0
-620.1
-620.1
-620.1
-1177.0
-620.1
-1177.0
-620.1
-620.1
-620.1
-620.1
-620.1
-620.1
-620.1
-1177.0
-620.1
-620.1
-620.1
-620.1
-1177.0
-1177.0
-1177.0
-620.1
-620.1
-620.1
-620.1
-1177.0
-620.1
-1177.0
-620.1
-1177.0
-620.1
-1177.0
-620.1
-620.1
-620.1
-1177.0
-620.1
-620.1
-63.3
-1177.0
-620.1
-620.1
-620.1
-1177.0
-620.1
-1177.0
-620.1
-1177.0
-620.1
-1177.0
-620.1
-1177.0
-620.1
-1177.0
-620.1
-620.1
-620.1
-620.1
-620.1
-620.1
-620.1
-1177.0
-620.1
-620.1
-620.1
-620.1
-620.1
-1177.0
-1177.0
-1177.0
-620.1
-620.1
-620.1
-1177.0
-620.1
-1177.0
-620.1
-1177.0
-620.1
-1177.0
-620.1
-620.1
-620.1
-1177.0
-620.1
-1177.0
-620.1
-620.1
-620.1
-620.1
-620.1
-620.1
-620.1
-620.1
-620.1
-1177.0
-620.1
-620.1
-620.1
-1177.0
-620.1
-1177.0
-620.1
-620.1
-620.1
-1177.0
-620.1
-1177.0
-620.1
-1177.0
-620.1
-1177.0
-620.1
-620.1
-620.1
-620.1
-63.3
-1177.0
-620.1
-620.1
-1177.0
-1177.0
-620.1
-620.1
-620.1
-1177.0
-620.1
-1177.0
-1177.0
-1177.0
-620.1
-620.1
-620.1
-1177.0
-620.1
-1177.0
-620.1
-1177.0
-620.1
-1177.0
-620.1
-1177.0
-620.1
-620.1
-620.1
-1177.0
-620.1
-620.1
-620.1
-620.1
-620.1
-620.1
-620.1
-620.1
-620.1
-620.1
-620.1
-620.1
-620.1
-1177.0
-620.1
-1177.0
-620.1
-1177.0
-620.1
-1177.0
-620.1
-1177.0
-620.1
-620.1
-620.1
-1177.0
-620.1
-1177.0
-620.1
-620.1
-620.1
-620.1
-620.1
-620.1
-620.1
-1177.0
-1177.0
-620.1
-620.1
-620.1
-620.1
-1177.0
-63.3
-620.1
-63.3
-1177.0
-1177.0
-620.1
-620.1
-620.1
-63.3
-620.1
-620.1
-63.3
-620.1
-620.1
-620.1
-1177.0
-620.1
-620.1
-63.3
-1177.0
-620.1
-620.1
-620.1
-1733.9
-620.1
-620.1
-620.1
-1177.0
-620.1
-620.1
-63.3
-620.1
-620.1
-620.1
-620.1
-1177.0
-620.1
-1177.0
-620.1
-1177.0
-620.1
-620.1
-620.1
-620.1
-620.1
-620.1
-620.1
-1177.0
-620.1
-620.1
-620.1
-620.1
-620.1
-620.1
-620.1
-620.1
-620.1
-1177.0
-620.1
-620.1
-620.1
-1177.0
-620.1
-620.1
-63.3
-620.1
-620.1
-620.1
-620.1
-620.1
-620.1
-1177.0
-620.1
-620.1
-620.1
-620.1
-1177.0
-1177.0
-620.1
-620.1
-620.1
-1177.0
-620.1
-620.1
-620.1
-1177.0
-620.1
-1177.0
-620.1
-1177.0
-620.1
-620.1
-620.1
-620.1
-620.1
-620.1
-620.1
-620.1
-620.1
-620.1
-620.1
-620.1
-1177.0
-620.1
-620.1
-1177.0
-620.1
-1177.0
-620.1
-620.1
-620.1
-1177.0
-620.1
-620.1
-620.1
-1177.0
-620.1
-1177.0
-620.1
-620.1
-620.1
-1177.0
-620.1
-620.1
-620.1
-1177.0
-620.1
-1177.0
-63.3
-620.1
-620.1
-620.1
-620.1
-1177.0
-620.1
-1177.0
-620.1
-620.1
-620.1
-1177.0
-620.1
-620.1
-63.3
-1177.0
-620.1
-620.1
-620.1
-620.1
-620.1
-620.1
-620.1
-620.1
-63.3
-620.1
-620.1
-620.1
-620.1
-620.1
-620.1
-620.1
-620.1
-1177.0
-620.1
-620.1
-63.3
-620.1
-63.3
-63.3
-620.1
-620.1
-620.1
-1177.0
-620.1
-620.1
-63.3
-620.1
-620.1
-63.3
-620.1
-620.1
493.6
-1177.0
-620.1
-63.3
-620.1
-1177.0
-63.3
-620.1
-620.1
-63.3
-1177.0
-1177.0
-63.3
-620.1
-620.1
-620.1
-620.1
-1177.0
-620.1
-1177.0
-63.3
-620.1
-620.1
-620.1
-1177.0
-1177.0
-620.1
-620.1
-620.1
-1177.0
-620.1
-620.1
-620.1
-620.1
-63.3
-1177.0
-620.1
-620.1
-620.1
-1177.0
-620.1
-620.1
-620.1
-620.1
-620.1
-1177.0
-1177.0
-620.1
-620.1
-620.1
-1177.0
-1177.0
-620.1
-620.1
-620.1
-1177.0
-620.1
-1177.0
-620.1
-1177.0
-620.1
-620.1
-620.1
-1177.0
-1177.0
-620.1
-620.1
-1177.0
-620.1
-620.1
-620.1
-1177.0
-1177.0
-1177.0
-620.1
-1177.0
-620.1
-620.1
-1177.0
-620.1
-620.1
-620.1
-1177.0
-620.1
-63.3
-620.1
-620.1
-620.1
-620.1
-1177.0
-620.1
-1177.0
-620.1
-1177.0
-620.1
-1177.0
-620.1
-620.1
-620.1
-620.1
-620.1
-620.1
-620.1
-620.1
-620.1
-620.1
-620.1
-620.1
-620.1
-620.1
-620.1
-1177.0
-620.1
-620.1
-620.1
-1177.0
-620.1
-1177.0
-63.3
-620.1
-620.1
-620.1
-620.1
-1177.0
-620.1
-620.1
-620.1
-1177.0
-1177.0
-620.1
-620.1
-620.1
-620.1
-620.1
-63.3
-620.1
-620.1
-620.1
-620.1
-1177.0
-620.1
-620.1
493.6
-1177.0
-620.1
-63.3
-620.1
-620.1
493.6
-1177.0
-620.1
-620.1
-620.1
-1177.0
-620.1
-620.1
-63.3
-620.1
-620.1
493.6
-620.1
-1177.0
-63.3
-1177.0
-620.1
-620.1
-620.1
-1177.0
-620.1
-620.1
-63.3
-1177.0
-1177.0
-620.1
-620.1
-1177.0
-620.1
-620.1
-63.3
-1177.0
-620.1
-620.1
-620.1
-1177.0
-620.1
-620.1
-63.3
-1177.0
-620.1
-620.1
-1177.0
-1177.0
-620.1
-620.1
-63.3
-1177.0
-620.1
-620.1
-620.1
-1177.0
-620.1
-1177.0
-63.3
-620.1
-620.1
-620.1
-620.1
-1177.0
-620.1
-620.1
-63.3
-620.1
-620.1
-620.1
-620.1
-1177.0
-620.1
-63.3
-63.3
-620.1
-620.1
-620.1
-1177.0
-620.1
-620.1
-620.1
-620.1
-1177.0
-620.1
-620.1
-63.3
-620.1
-620.1
-620.1
-620.1
-1177.0
-620.1
-1177.0
-63.3
-1177.0
-63.3
-620.1
-620.1
-620.1
-1177.0
-1177.0
-620.1
-620.1
-620.1
-1177.0
-620.1
-620.1
-620.1
-620.1
-63.3
-620.1
-63.3
-620.1
-620.1
-620.1
-620.1
-620.1
-620.1
-1177.0
-620.1
-620.1
-63.3
-1177.0
-620.1
-63.3
-620.1
-1177.0
-63.3
-620.1
-620.1
-620.1
-1177.0
-1177.0
-620.1
-1177.0
-620.1
-620.1
-620.1
-1177.0
-620.1
-1177.0
-63.3
-1177.0
-620.1
-620.1
-620.1
-1177.0
-620.1
-620.1
-620.1
-1177.0
-620.1
-620.1
-620.1
-1177.0
-620.1
-1177.0
-620.1
-1177.0
-620.1
-620.1
-620.1
-620.1
-620.1
-620.1
-620.1
-620.1
-620.1
-620.1
-620.1
-1177.0
-620.1
-620.1
-620.1
-620.1
-620.1
-620.1
-63.3
-620.1
-63.3
-620.1
-620.1
-620.1
-1177.0
-620.1
-620.1
-620.1
-620.1
-1177.0
-620.1
-620.1
-620.1
-1177.0
-620.1
-620.1
-620.1
-1177.0
-620.1
-1177.0
-620.1
-1177.0
-620.1
-1177.0
-620.1
-1177.0
-620.1
-620.1
-620.1
-620.1
-620.1
-620.1
-620.1
-620.1
-620.1
-1177.0
-620.1
-1177.0
-620.1
-1177.0
-620.1
-1177.0
-63.3
-1177.0
-620.1
-620.1
-1177.0
-1177.0
-620.1
-620.1
-63.3
-620.1
-620.1
-620.1
-1177.0
-1177.0
-63.3
-620.1
-620.1
-620.1
-1177.0
-620.1
-620.1
-620.1
-620.1
-1177.0
-620.1
-620.1
-620.1
-1177.0
-620.1
-1177.0
-620.1
-1177.0
-620.1
-1177.0
-620.1
-620.1
-620.1
-1177.0
-620.1
-620.1
-63.3
-1177.0
-63.3
-63.3
-1177.0
-620.1
-63.3
-1177.0
-620.1
-620.1
-620.1
-1733.9
-620.1
-620.1
-620.1
-1177.0
-620.1
-1177.0
-620.1
-1177.0
-620.1
-1177.0
-620.1
-620.1
-620.1
-620.1
-620.1
-620.1
-620.1
-620.1
-620.1
-1177.0
-620.1
-1177.0
-620.1
-620.1
-620.1
-620.1
-620.1
-620.1
-620.1
-620.1
-620.1
-620.1
-620.1
-620.1
-620.1
-1177.0
-620.1
-620.1
-63.3
-620.1
-620.1
-620.1
-620.1
-1177.0
-620.1
-620.1
-63.3
-1177.0
-620.1
-620.1
-620.1
-1733.9
-620.1
-620.1
-63.3
-620.1
-620.1
-620.1
-620.1
-1177.0
-620.1
-1177.0
-620.1
-1177.0
-620.1
-1177.0
-620.1
-1177.0
-620.1
-1177.0
-620.1
-620.1
-620.1
-620.1
-620.1
-1177.0
-620.1
-620.1
-620.1
-620.1
-620.1
-1177.0
-63.3
-1177.0
-620.1
-620.1
-620.1
-1177.0
-620.1
-620.1
-620.1
-1177.0
-620.1
-620.1
-620.1
-620.1
-620.1
-1177.0
-620.1
-620.1
-620.1
-1177.0
-620.1
-620.1
-620.1
-1177.0
-620.1
-620.1
-620.1
-620.1
-620.1
-620.1
-620.1
-620.1
-620.1
-1177.0
-620.1
-1177.0
-620.1
-1177.0
-620.1
-620.1
-620.1
-1177.0
-620.1
-1177.0
-620.1
-620.1
-620.1
-1177.0
-620.1
-620.1
-620.1
-1177.0
-620.1
-620.1
-620.1
-620.1
-620.1
-1177.0
-620.1
-1177.0
-620.1
-1177.0
-620.1
-620.1
-620.1
-1177.0
-620.1
-620.1
-620.1
-1177.0
-620.1
-620.1
-63.3
-1177.0
-620.1
-620.1
-620.1
-1177.0
-620.1
-620.1
-63.3
-1177.0
-1177.0
-63.3
-620.1
-1177.0
-63.3
-1177.0
-620.1
-620.1
-620.1
-1733.9
-63.3
-620.1
-620.1
-620.1
-620.1
-1733.9
-63.3
-620.1
-63.3
-620.1
-620.1
-620.1
-620.1
-1177.0
-63.3
-620.1
-620.1
-620.1
-620.1
-620.1
-620.1
-620.1
-620.1
-620.1
-620.1
-620.1
-620.1
-620.1
-620.1
-1177.0
-620.1
-1177.0
-1177.0
-620.1
-620.1
-620.1
-620.1
-1177.0
-620.1
-1177.0
-620.1
-1177.0
-620.1
-1177.0
-620.1
-620.1
-620.1
-1177.0
-620.1
-620.1
-620.1
-1177.0
-620.1
-1177.0
-620.1
-1177.0
-620.1
-620.1
-620.1
-620.1
-620.1
-620.1
-620.1
-1177.0
-620.1
-1177.0
-620.1
-1177.0
-620.1
-1177.0
-620.1
-620.1
-620.1
-620.1
-620.1
-620.1
-620.1
-1177.0
-1177.0
-1177.0
-620.1
-1177.0
-620.1
-1177.0
-620.1
-1177.0
-620.1
-1177.0
-620.1
-620.1
-620.1
-620.1
-620.1
-620.1
-620.1
-620.1
-620.1
-620.1
-620.1
-620.1
-620.1
-620.1
-620.1
-1177.0
-620.1
-620.1
-620.1
-1177.0
-620.1
-620.1
-63.3
-1177.0
-620.1
-620.1
-620.1
-1177.0
-620.1
-620.1
-620.1
-620.1
-620.1
-620.1
-63.3
-1177.0
-620.1
-620.1
-620.1
-1177.0
-63.3
-620.1
-63.3
-620.1
-620.1
-620.1
-1177.0
-1177.0
-620.1
-620.1
-63.3
-620.1
-620.1
-620.1
-620.1
-1177.0
-620.1
-1177.0
-620.1
-620.1
-620.1
-1177.0
-620.1
-1177.0
-620.1
-620.1
-620.1
-1177.0
-620.1
-620.1
-620.1
-620.1
-620.1
-620.1
-620.1
-1177.0
-620.1
-1177.0
-620.1
-620.1
-620.1
-620.1
-620.1
-620.1
-620.1
-620.1
-620.1
-620.1
-620.1
-1177.0
-620.1
-620.1
-620.1
-620.1
-620.1
-620.1
-620.1
-1177.0
-620.1
-1177.0
-620.1
-1177.0
-620.1
-620.1
-63.3
-620.1
-620.1
-63.3
-620.1
-1177.0
-620.1
-1733.9
-620.1
-620.1
-620.1
-1177.0
-620.1
-1177.0
-620.1
-620.1
-620.1
-620.1
-620.1
-1177.0
-620.1
-620.1
-620.1
-620.1
-620.1
-620.1
-620.1
-1177.0
-620.1
-1177.0
-1177.0
-1177.0
-620.1
-620.1
-620.1
-620.1
-620.1
-1177.0
-620.1
-620.1
-620.1
-1177.0
-63.3
-620.1
-620.1
-620.1
-1177.0
-1177.0
-620.1
-620.1
-620.1
-1177.0
-620.1
-620.1
-620.1
-1177.0
-620.1
-620.1
-620.1
-1177.0
-620.1
-620.1
-620.1
-1177.0
-620.1
-620.1
-620.1
-620.1
-620.1
-1177.0
-620.1
-620.1
-620.1
-1177.0
-620.1
-620.1
-620.1
-1177.0
-620.1
-1177.0
-620.1
-1177.0
-620.1
-1177.0
-620.1
-620.1
-620.1
-620.1
-620.1
-1177.0
-620.1
-1177.0
-63.3
-1177.0
-620.1
-620.1
-620.1
-1177.0
-620.1
-1177.0
-63.3
-1177.0
-620.1
-620.1
-620.1
-1177.0
-620.1
-620.1
-620.1
-620.1
-620.1
-1177.0
-620.1
-620.1
-620.1
-620.1
-620.1
-620.1
-620.1
-620.1
-620.1
-1177.0
-63.3
-620.1
-63.3
-620.1
-620.1
-620.1
-620.1
-1177.0
-620.1
-1177.0
-620.1
-1177.0
-620.1
-620.1
-620.1
-620.1
-620.1
-620.1
-620.1
-620.1
-1177.0
-620.1
-620.1
-620.1
-1177.0
-1177.0
-620.1
-1177.0
-620.1
-1177.0
-620.1
-620.1
-620.1
-1177.0
-620.1
-1177.0
-620.1
-1177.0
-1177.0
-620.1
-620.1
-1177.0
-620.1
-620.1
-620.1
-1177.0
-620.1
-620.1
-620.1
-1177.0
-620.1
-1177.0
-620.1
-1177.0
-620.1
-1177.0
-620.1
-1177.0
-620.1
-1177.0
-620.1
-1177.0
-620.1
-620.1
-1177.0
-1177.0
-620.1
-620.1
-63.3
-1177.0
-620.1
-620.1
-620.1
-620.1
-63.3
-620.1
-620.1
-620.1
-620.1
-620.1
-63.3
-620.1
-620.1
-620.1
-620.1
-1177.0
-620.1
-620.1
-620.1
-1177.0
-1177.0
-620.1
-620.1
-1177.0
-620.1
-1177.0
-620.1
-1177.0
-620.1
-1177.0
-620.1
-1177.0
-620.1
-620.1
-620.1
-1177.0
-620.1
-620.1
-620.1
-1177.0
-620.1
-1177.0
-620.1
-1177.0
-620.1
-620.1
-620.1
-620.1
-620.1
-1177.0
-620.1
-1177.0
-620.1
-620.1
-620.1
-1177.0
-1177.0
-620.1
-620.1
-620.1
-1177.0
-1177.0
-620.1
-620.1
-620.1
-1177.0
-620.1
-620.1
-620.1
-620.1
-620.1
-1177.0
-620.1
-1177.0
-1177.0
-1177.0
-620.1
-620.1
-620.1
-620.1
-620.1
-620.1
-620.1
-1177.0
-620.1
-620.1
-620.1
-620.1
-620.1
-1177.0
-620.1
-620.1
-620.1
-620.1
-620.1
-1177.0
-620.1
-620.1
-620.1
-1177.0
-620.1
-1177.0
-620.1
-620.1
-620.1
-1177.0
-620.1
-620.1
-620.1
-1177.0
-620.1
-1177.0
-620.1
-620.1
-620.1
-1177.0
-1177.0
-1177.0
-620.1
-1177.0
-620.1
-1177.0
-620.1
-1177.0
-620.1
-620.1
-620.1
-1177.0
-620.1
-620.1
-63.3
-1177.0
-620.1
-620.1
-620.1
-1177.0
-620.1
-620.1
-63.3
-620.1
-620.1
-620.1
-620.1
-1177.0
-620.1
-1177.0
-620.1
-1177.0
-620.1
-1177.0
-620.1
-1177.0
-620.1
-1177.0
-620.1
-1177.0
-620.1
-620.1
-620.1
-620.1
-620.1
-1177.0
-620.1
-1177.0
-620.1
-620.1
-620.1
-1177.0
-620.1
-620.1
-620.1
-1177.0
-620.1
-620.1
-620.1
-1177.0
-620.1
-620.1
-620.1
-620.1
-63.3
-1177.0
-620.1
-620.1
-620.1
-1177.0
-620.1
-1177.0
-620.1
-620.1
-620.1
-1177.0
-620.1
-620.1
-620.1
-1177.0
-620.1
-1177.0
-620.1
-620.1
-620.1
-620.1
-620.1
-620.1
-620.1
-1177.0
-620.1
-1177.0
-620.1
-620.1
-620.1
-1177.0
-620.1
-620.1
-620.1
-1177.0
-620.1
-620.1
-620.1
-1177.0
-620.1
-620.1
-620.1
-1177.0
-620.1
-620.1
-620.1
-1177.0
-620.1
-620.1
-620.1
-620.1
-620.1
-620.1
-620.1
-620.1
-620.1
-1177.0
-620.1
-620.1
-620.1
-1177.0
-620.1
-620.1
-620.1
-1177.0
-1177.0
-1177.0
-620.1
-620.1
-620.1
-620.1
-620.1
-620.1
-620.1
-1177.0
-620.1
-620.1
-620.1
-1177.0
-620.1
-1177.0
-620.1
-1177.0
-620.1
-1177.0
-620.1
-620.1
-620.1
-620.1
-620.1
-1177.0
-620.1
-1177.0
-620.1
-620.1
-620.1
-1177.0
-620.1
-620.1
-620.1
-1177.0
-620.1
-1177.0
-63.3
-1177.0
-620.1
-620.1
-1177.0
-620.1
-620.1
-620.1
-620.1
-620.1
-63.3
-620.1
-620.1
-620.1
-620.1
-1177.0
-620.1
-620.1
-620.1
-1177.0
-620.1
-620.1
-620.1
-1177.0
-620.1
-620.1
-620.1
-1177.0
-620.1
-1177.0
-620.1
-620.1
-620.1
-620.1
-620.1
-1177.0
-620.1
-620.1
-620.1
-620.1
-620.1
-620.1
-620.1
-1177.0
-620.1
-620.1
-620.1
-620.1
-620.1
-620.1
-620.1
-620.1
-620.1
-620.1
-620.1
-620.1
-63.3
-620.1
-620.1
-63.3
-620.1
-1177.0
-63.3
-1177.0
-620.1
-620.1
-620.1
-1733.9
-620.1
-620.1
-620.1
-620.1
-620.1
-620.1
-620.1
-1177.0
-620.1
-620.1
-620.1
-620.1
-620.1
-620.1
-620.1
-1177.0
-620.1
-1177.0
-620.1
-1177.0
-620.1
-1177.0
-620.1
-620.1
-620.1
-1177.0
-620.1
-620.1
-620.1
-1177.0
-620.1
-620.1
-620.1
-620.1
-1177.0
-1177.0
-620.1
-620.1
-620.1
-1177.0
-620.1
-620.1
-620.1
-1177.0
-620.1
-620.1
-620.1
-1177.0
-620.1
-620.1
-620.1
-1177.0
-620.1
-620.1
-63.3
-1177.0
-1177.0
-620.1
-1177.0
-1177.0
-620.1
-620.1
-620.1
-620.1
-620.1
-620.1
-620.1
-1177.0
-620.1
-1177.0
-620.1
-1177.0
-620.1
-620.1
-620.1
-1177.0
-620.1
-1177.0
-63.3
-1177.0
-620.1
-63.3
-1177.0
-1177.0
-63.3
-1177.0
-620.1
-620.1
-1177.0
-1177.0
-63.3
-620.1
-63.3
-620.1
-620.1
-620.1
-620.1
-1177.0
-620.1
-620.1
-620.1
-1177.0
-620.1
-620.1
-620.1
-620.1
-620.1
-620.1
-620.1
-1177.0
-620.1
-620.1
-620.1
-620.1
-620.1
-1177.0
-620.1
-620.1
-620.1
-620.1
-620.1
-620.1
-620.1
-620.1
-620.1
-620.1
-63.3
-620.1
-620.1
-620.1
-1177.0
-1177.0
-620.1
-620.1
-620.1
-1177.0
-620.1
-1177.0
-63.3
-1177.0
-620.1
-620.1
-620.1
-1733.9
-620.1
-1177.0
-620.1
-1177.0
-620.1
-1177.0
-620.1
-1177.0
-620.1
-620.1
-620.1
-1177.0
-620.1
-620.1
-620.1
-1177.0
-620.1
-1177.0
-620.1
-620.1
-620.1
-1177.0
-620.1
-1177.0
-620.1
-1177.0
-620.1
-1177.0
-620.1
-1733.9
-620.1
-1177.0
-620.1
-1177.0
-620.1
-620.1
-620.1
-1177.0
-620.1
-1177.0
-620.1
-1177.0
-620.1
-620.1
-620.1
-1177.0
-620.1
-620.1
-1177.0
-620.1
-620.1
-620.1
-620.1
-1177.0
-620.1
-620.1
-620.1
-620.1
-620.1
-1177.0
-620.1
-1177.0
-620.1
-1177.0
-620.1
-620.1
-620.1
-620.1
-620.1
-620.1
-620.1
-1177.0
-620.1
-1177.0
-620.1
-620.1
-620.1
-620.1
-620.1
-1177.0
-620.1
-620.1
-620.1
-620.1
-620.1
-1177.0
-620.1
-1177.0
-620.1
-620.1
-620.1
-1177.0
-620.1
-620.1
-620.1
-620.1
-620.1
-620.1
-620.1
-1177.0
-620.1
-620.1
-63.3
-620.1
-63.3
-63.3
-1177.0
-620.1
-620.1
-1177.0
-620.1
-1177.0
-63.3
-620.1
-620.1
-620.1
-620.1
-620.1
-620.1
-1177.0
-620.1
-620.1
-63.3
-1177.0
-620.1
-620.1
-620.1
-1177.0
-620.1
-620.1
-63.3
-1177.0
-620.1
-63.3
-620.1
-1177.0
-620.1
-620.1
-620.1
-1177.0
-620.1
-620.1
-620.1
-620.1
-620.1
-620.1
-620.1
-620.1
-620.1
-620.1
-620.1
-620.1
-1177.0
-620.1
-620.1
-620.1
-620.1
-1177.0
-63.3
-620.1
-620.1
-620.1
-1177.0
-1177.0
-620.1
-1177.0
-620.1
-620.1
-620.1
-620.1
-620.1
-620.1
-63.3
-620.1
-620.1
-620.1
-620.1
-620.1
-620.1
-620.1
-63.3
-1177.0
-620.1
-620.1
-620.1
-1177.0
-620.1
-620.1
-63.3
-1177.0
-620.1
-620.1
-620.1
-620.1
-620.1
-620.1
-620.1
-620.1
-620.1
-1177.0
-620.1
-1177.0
-620.1
-1177.0
-620.1
-1177.0
-620.1
-1177.0
-620.1
-1177.0
-620.1
-1177.0
-620.1
-1177.0
-620.1
-1177.0
-63.3
-620.1
-620.1
-620.1
-620.1
-1177.0
-620.1
-1177.0
-620.1
-1177.0
-620.1
-1177.0
-620.1
-620.1
-620.1
-1177.0
-620.1
-620.1
-620.1
-620.1
-620.1
-620.1
-620.1
-620.1
-620.1
-620.1
-620.1
-620.1
-620.1
-1177.0
-620.1
-1177.0
-620.1
-620.1
-620.1
-620.1
-620.1
-1177.0
-620.1
-620.1
-620.1
-620.1
-620.1
-620.1
-620.1
-63.3
-620.1
-620.1
-620.1
-1177.0
-1177.0
-620.1
-620.1
-620.1
-620.1
-620.1
-620.1
-620.1
-620.1
-1177.0
-63.3
-1177.0
-63.3
-620.1
-620.1
-620.1
-620.1
-1177.0
-620.1
-1177.0
-620.1
-1177.0
-620.1
-1177.0
-620.1
-620.1
-620.1
-1177.0
-620.1
-1177.0
-63.3
-1177.0
-620.1
-620.1
-1177.0
-1177.0
-620.1
-620.1
-620.1
-1177.0
-620.1
-620.1
-620.1
-1177.0
-620.1
-1177.0
-620.1
-620.1
-620.1
-1177.0
-620.1
-1177.0
-620.1
-620.1
-620.1
-1177.0
-1177.0
-620.1
-620.1
-1177.0
-63.3
-1177.0
-63.3
-620.1
-620.1
-620.1
-620.1
-620.1
-63.3
-620.1
-63.3
-63.3
-620.1
-620.1
-63.3
-1177.0
-620.1
-63.3
-620.1
-1177.0
-63.3
-620.1
-620.1
-620.1
-620.1
-1177.0
-620.1
-620.1
493.6
-620.1
-620.1
-63.3
-620.1
-1177.0
-620.1
-1177.0
-620.1
-620.1
-620.1
-1177.0
-1177.0
-1177.0
-620.1
-620.1
-620.1
-1177.0
-620.1
-620.1
-620.1
-620.1
-620.1
-1177.0
-620.1
-620.1
-620.1
-620.1
-620.1
-1177.0
-620.1
-1177.0
-620.1
-1177.0
-63.3
-620.1
-63.3
-620.1
-620.1
-620.1
-620.1
-1177.0
-620.1
-1177.0
-620.1
-620.1
-620.1
-620.1
-620.1
-620.1
-620.1
-620.1
-620.1
-620.1
-620.1
-1177.0
-620.1
-620.1
-620.1
-1177.0
-620.1
-1177.0
-620.1
-620.1
-620.1
-620.1
-620.1
-620.1
-620.1
-1177.0
-63.3
-620.1
493.6
-620.1
-620.1
-620.1
-63.3
-1177.0
-620.1
493.6
-620.1
-1177.0
-63.3
-1177.0
-620.1
-620.1
-620.1
-1177.0
-620.1
-620.1
-620.1
-1177.0
-620.1
-620.1
-620.1
-1177.0
-620.1
-620.1
-620.1
-620.1
-620.1
-620.1
-620.1
-620.1
-620.1
-620.1
-620.1
-620.1
-620.1
-1177.0
-620.1
-620.1
-620.1
-1177.0
-620.1
-1177.0
-620.1
-1177.0
-620.1
-620.1
-620.1
-1177.0
-620.1
-1177.0
-620.1
-620.1
-620.1
-63.3
-620.1
-620.1
-63.3
-1177.0
-620.1
-620.1
-1177.0
-1177.0
-620.1
-620.1
-620.1
-620.1
-620.1
-1177.0
-1177.0
-620.1
-620.1
-620.1
-620.1
-620.1
-620.1
-620.1
-63.3
-620.1
-63.3
-63.3
-620.1
-620.1
-63.3
-1177.0
-620.1
-620.1
-620.1
-1177.0
-63.3
-620.1
-63.3
-620.1
-1177.0
-620.1
-620.1
-1177.0
-620.1
-1177.0
-620.1
-1177.0
-63.3
-1177.0
-63.3
-620.1
-620.1
-620.1
-620.1
-1177.0
-620.1
-620.1
-63.3
-620.1
-620.1
-620.1
-620.1
-1177.0
-63.3
-620.1
-620.1
-620.1
-620.1
-1177.0
-63.3
-1177.0
-63.3
-63.3
-620.1
-620.1
-63.3
-1177.0
-620.1
-620.1
-620.1
-1177.0
-620.1
-620.1
-620.1
-1177.0
-620.1
-620.1
-620.1
-620.1
-620.1
-620.1
-620.1
-620.1
-620.1
-620.1
-63.3
-620.1
-620.1
-63.3
-620.1
-620.1
-620.1
-620.1
-620.1
-620.1
-620.1
-620.1
-620.1
-620.1
-63.3
-620.1
-620.1
-63.3
-620.1
-1177.0
-63.3
-620.1
-620.1
-620.1
-1177.0
-620.1
-620.1
-620.1
-620.1
-620.1
-620.1
-1177.0
-620.1
-620.1
-620.1
-620.1
-620.1
-620.1
-63.3
-620.1
-620.1
-620.1
-620.1
-1177.0
-63.3
-620.1
-620.1
-620.1
-1177.0
-1177.0
-620.1
-620.1
-620.1
-1177.0
-620.1
-1177.0
-620.1
-620.1
-620.1
-620.1
-620.1
-620.1
-620.1
-1177.0
-620.1
-620.1
-620.1
-620.1
-620.1
-1177.0
-620.1
-1177.0
-620.1
-620.1
-63.3
-620.1
-620.1
-620.1
-620.1
-1177.0
-620.1
-1177.0
-63.3
-1177.0
-620.1
-620.1
-620.1
-1177.0
-620.1
-620.1
-63.3
-620.1
-620.1
-620.1
-1177.0
-1177.0
-620.1
-620.1
-620.1
-620.1
-620.1
-1177.0
-620.1
-1177.0
-620.1
-1177.0
-620.1
-620.1
-620.1
-620.1
-620.1
-620.1
-620.1
-620.1
-620.1
-620.1
-620.1
-1177.0
-620.1
-1177.0
-620.1
-620.1
-620.1
-1177.0
-620.1
-620.1
-1177.0
-620.1
-620.1
-620.1
-620.1
-620.1
-620.1
-620.1
-620.1
-1177.0
-620.1
-620.1
-620.1
-620.1
-620.1
-620.1
-620.1
-1177.0
-620.1
-1177.0
-620.1
-620.1
-620.1
-1177.0
-63.3
-620.1
-63.3
-620.1
-620.1
-620.1
-620.1
-1733.9
-63.3
-1177.0
-620.1
-620.1
-620.1
-1177.0
-620.1
-620.1
-63.3
-620.1
-620.1
-620.1
-620.1
-1177.0
-620.1
-1177.0
-620.1
-1177.0
-620.1
-620.1
-620.1
-620.1
-620.1
-1177.0
-620.1
-1177.0
-620.1
-620.1
-620.1
-1177.0
-620.1
-1177.0
-63.3
-620.1
-620.1
-63.3
-620.1
-1177.0
-620.1
-620.1
-620.1
-620.1
-620.1
-620.1
-620.1
-620.1
-620.1
-1177.0
-620.1
-1177.0
-620.1
-620.1
-620.1
-1733.9
-620.1
-1177.0
-620.1
-1177.0
-63.3
-620.1
-620.1
-620.1
-1177.0
-620.1
-620.1
-1177.0
-620.1
-1177.0
-620.1
-1177.0
-620.1
-620.1
-620.1
-620.1
-620.1
-620.1
-620.1
-620.1
-620.1
-1177.0
-620.1
-1177.0
-620.1
-620.1
-620.1
-620.1
-620.1
-1177.0
-620.1
-620.1
-620.1
-620.1
-620.1
-620.1
-620.1
-1177.0
-63.3
-1177.0
-620.1
-620.1
-620.1
-1177.0
-620.1
-620.1
-620.1
-620.1
-620.1
-620.1
-63.3
-620.1
-620.1
-63.3
-620.1
-1177.0
-63.3
-620.1
-620.1
-620.1
-620.1
-620.1
-620.1
-620.1
-63.3
-620.1
-620.1
-620.1
-1177.0
-1177.0
-620.1
-620.1
-620.1
-1177.0
-620.1
-620.1
-620.1
-620.1
-620.1
-620.1
-620.1
-620.1
-620.1
-1177.0
-620.1
-1177.0
-620.1
-1177.0
-620.1
-620.1
-620.1
-620.1
-620.1
-1177.0
-620.1
-620.1
-63.3
-1177.0
-620.1
-620.1
-620.1
-1177.0
-620.1
-1177.0
-620.1
-1177.0
-620.1
-620.1
-620.1
-1177.0
-620.1
-620.1
-620.1
-620.1
-620.1
-1177.0
-620.1
-620.1
-620.1
-620.1
-620.1
-620.1
-620.1
-620.1
-620.1
-1177.0
-620.1
-1177.0
-620.1
-620.1
-620.1
-620.1
-620.1
-1177.0
-620.1
-1177.0
-620.1
-620.1
-620.1
-1177.0
-620.1
-1177.0
-620.1
-1177.0
-620.1
-620.1
-620.1
-620.1
-63.3
-620.1
-63.3
-620.1
-620.1
-620.1
-620.1
-1177.0
-63.3
-1177.0
-63.3
-620.1
-620.1
-620.1
-1177.0
-620.1
-620.1
-620.1
-620.1
-620.1
-63.3
-620.1
-620.1
-620.1
-620.1
-1177.0
-620.1
-1177.0
-63.3
-620.1
-620.1
-620.1
-620.1
-1177.0
-620.1
-620.1
-620.1
-620.1
-1177.0
-620.1
-620.1
-620.1
-620.1
-1177.0
-620.1
-620.1
-620.1
-620.1
-620.1
-1177.0
-620.1
-1177.0
-620.1
-620.1
-620.1
-1177.0
-620.1
-620.1
-620.1
-1177.0
-1177.0
-620.1
-620.1
-620.1
-620.1
-620.1
-620.1
-620.1
-620.1
-620.1
-620.1
-1177.0
-620.1
-620.1
-620.1
-1177.0
-620.1
-620.1
-620.1
-1177.0
-1177.0
-1177.0
-63.3
-620.1
-620.1
-63.3
-620.1
-1177.0
-620.1
-1177.0
-620.1
-620.1
-620.1
-620.1
-63.3
-620.1
-620.1
-620.1
-620.1
-1177.0
-620.1
-620.1
-620.1
-1177.0
-620.1
-1177.0
-620.1
-1177.0
-620.1
-620.1
-63.3
-1177.0
-620.1
-63.3
-620.1
-1177.0
493.6
-620.1
-620.1
-620.1
-620.1
-620.1
-620.1
-1177.0
-620.1
-620.1
-620.1
-1177.0
-620.1
-620.1
-63.3
-620.1
-620.1
-63.3
-620.1
-1177.0
-63.3
-1177.0
-620.1
-620.1
-620.1
-1177.0
-620.1
-620.1
-63.3
-1177.0
-620.1
-63.3
-620.1
-1177.0
-620.1
-1177.0
-620.1
-1177.0
-620.1
-1177.0
-620.1
-620.1
-620.1
-1177.0
-620.1
-1177.0
-620.1
-1177.0
-620.1
-1177.0
-63.3
-1177.0
-620.1
-620.1
-620.1
-1177.0
-620.1
-620.1
-620.1
-1177.0
-620.1
-620.1
-620.1
-620.1
-620.1
-620.1
-620.1
-620.1
-620.1
-620.1
-620.1
-620.1
-620.1
-1177.0
-620.1
-620.1
-620.1
-1177.0
-620.1
-1177.0
-63.3
-1177.0
-63.3
-620.1
-620.1
-620.1
-620.1
-1177.0
-63.3
-620.1
-63.3
-620.1
-620.1
-620.1
-620.1
-1177.0
-63.3
-1177.0
-620.1
-620.1
-620.1
-1177.0
-620.1
-620.1
-620.1
-1177.0
-620.1
-620.1
-620.1
-1177.0
-620.1
-620.1
-620.1
-620.1
-620.1
-620.1
-63.3
-620.1
-620.1
-620.1
-620.1
-1177.0
-620.1
-1177.0
-620.1
-1177.0
-620.1
-620.1
-620.1
-620.1
-620.1
-620.1
-620.1
-620.1
-620.1
-1177.0
-620.1
-1177.0
-63.3
-620.1
-620.1
-620.1
-620.1
-1177.0
-63.3
-620.1
-620.1
-620.1
-620.1
-1177.0
-620.1
-1177.0
-620.1
-1177.0
-620.1
-620.1
-620.1
-620.1
-620.1
-620.1
-620.1
-620.1
-620.1
-620.1
-620.1
-1177.0
-620.1
-620.1
-620.1
-1177.0
-620.1
-620.1
-620.1
-1177.0
-620.1
-1177.0
-620.1
-1177.0
-620.1
-1177.0
-620.1
-1177.0
-620.1
-1177.0
-620.1
-620.1
-620.1
-1177.0
-620.1
-620.1
-620.1
-1177.0
-1177.0
-620.1
-620.1
-620.1
-620.1
-1177.0
-620.1
-620.1
-620.1
-1177.0
-620.1
-620.1
-620.1
-620.1
-620.1
-1177.0
-620.1
-1177.0
-620.1
-620.1
-63.3
-620.1
-620.1
-620.1
-1177.0
-1177.0
-620.1
-620.1
-620.1
-620.1
-620.1
-620.1
-620.1
-620.1
-620.1
-620.1
-620.1
-1177.0
-620.1
-1177.0
-63.3
-620.1
-620.1
-620.1
-620.1
-620.1
-620.1
-620.1
-620.1
-1177.0
-620.1
-1177.0
-620.1
-620.1
-620.1
-1177.0
-620.1
-620.1
-620.1
-1177.0
-620.1
-1177.0
-620.1
-1177.0
-620.1
-1177.0
-620.1
-620.1
-620.1
-1177.0
-620.1
-620.1
-620.1
-620.1
-620.1
-1177.0
-1177.0
-1177.0
-620.1
-1177.0
-620.1
-620.1
-620.1
-620.1
-620.1
-1177.0
-620.1
-620.1
-620.1
-620.1
-620.1
-620.1
-620.1
-620.1
-620.1
-620.1
-620.1
-620.1
-620.1
-620.1
-620.1
-620.1
-63.3
-620.1
-620.1
-63.3
-620.1
-1177.0
-620.1
-620.1
-620.1
-1177.0
-620.1
-620.1
-620.1
-1177.0
-620.1
-1177.0
-620.1
-1177.0
-620.1
-620.1
-620.1
-1177.0
-620.1
-620.1
-620.1
-1177.0
-620.1
-620.1
-620.1
-620.1
-620.1
-620.1
-620.1
-1177.0
-620.1
-1177.0
-620.1
-620.1
-620.1
-1177.0
-620.1
-1177.0
-620.1
-620.1
-620.1
-1177.0
-1177.0
-1177.0
-620.1
-620.1
-620.1
-1177.0
-620.1
-1177.0
-620.1
-1177.0
-620.1
-1177.0
-620.1
-620.1
-620.1
-1177.0
-620.1
-1177.0
-63.3
-1177.0
-620.1
-63.3
-620.1
-1177.0
493.6
-1177.0
-620.1
-620.1
-620.1
-620.1
-620.1
-620.1
-620.1
-620.1
-620.1
