IEC 61083-2 TDG Version 2.1.0
Data File Version  2.1.0
30 LIC-A1
16 bits, 200 samples at 10ns
1.000000e-008
-25003.8
-25003.8
-25003.8
-25003.8
-25003.8
-25003.8
-25003.8
-25003.8
-25003.8
-25003.8
-25003.8
-25003.8
-25003.8
-25003.8
-25003.8
-25003.8
-25003.8
-25003.8
-25003.8
-25003.8
-25003.8
12362.0
48395.7
83123.8
116613.1
148890.2
180021.7
210020.9
238954.4
266835.5
293717.5
319640.4
344630.9
368715.4
391947.5
414327.0
435920.5
456728.1
476776.4
496118.7
514755.0
532725.2
550042.6
566747.3
582839.2
598345.0
613304.6
627718.1
641612.0
655013.1
667921.3
680363.2
692365.5
703928.3
715064.7
725801.6
736152.1
746129.6
755747.4
765019.0
773944.1
782549.6
790848.6
798841.3
806540.9
813974.1
821127.5
828014.6
834661.8
841055.9
852179.1
693164.8
562990.8
456408.4
369141.7
297700.5
239194.1
191304.7
152100.6
119996.7
93714.1
72200.5
54576.7
40149.9
28347.4
18676.2
10750.1
4276.1
-1025.7
-5381.7
-8938.5
-11842.5
-14227.0
-16185.2
-17783.7
-19089.2
-20154.9
-21034.1
-21753.4
-22339.5
-22819.1
-23218.7
-23538.4
-23804.9
-24018.0
-24204.5
-24351.0
-24457.6
-24564.2
-24644.1
-24710.7
-24764.0
-24803.9
-24843.9
-24870.5
-24897.2
-24910.5
-24923.8
-24937.1
-24950.5
-24963.8
-24963.8
-24977.1
-24977.1
-24977.1
-24990.4
-24990.4
-24990.4
-24990.4
-24990.4
-24990.4
-24990.4
-24990.4
-24990.4
-25003.8
-25003.8
-25003.8
-25003.8
-25003.8
-25003.8
-25003.8
-25003.8
-25003.8
-25003.8
-25003.8
-25003.8
-25003.8
-25003.8
-25003.8
-25003.8
-25003.8
-25003.8
-25003.8
-25003.8
-25003.8
-25003.8
-25003.8
-25003.8
-25003.8
-25003.8
-25003.8
-25003.8
-25003.8
-25003.8
-25003.8
-25003.8
-25003.8
-25003.8
-25003.8
-25003.8
-25003.8
-25003.8
-25003.8
-25003.8
-25003.8
-25003.8
-25003.8
-25003.8
-25003.8
-25003.8
-25003.8
-25003.8
-25003.8
-25003.8
-25003.8
-25003.8
-25003.8
-25003.8
-25003.8
-25003.8
-25003.8
-25003.8
-25003.8
-25003.8
-25003.8
-25003.8
-25003.8
-25003.8
-25003.8
-25003.8
