IEC 61083-2 TDG Version 2.1.0
Data File Version  2.1.0
22 LI-M10
16 bits, 11999 samples at 10ns
1.000000e-008
-21.7
-244.5
-244.5
-244.5
-134.6
-134.6
-134.6
-244.5
-134.6
-244.5
-21.7
-244.5
-21.7
-244.5
-134.6
-244.5
-21.7
-244.5
-134.6
-244.5
-134.6
-134.6
89.7
-134.6
-21.7
-244.5
-244.5
-244.5
-134.6
-244.5
-134.6
-244.5
-21.7
-244.5
-134.6
-244.5
-134.6
-244.5
-134.6
-357.4
-134.6
-244.5
-134.6
-134.6
-21.7
-244.5
-134.6
-244.5
-134.6
-244.5
-21.7
-244.5
-21.7
-244.5
-244.5
-244.5
-134.6
-134.6
-134.6
-244.5
-244.5
-244.5
-21.7
-134.6
-134.6
-244.5
-244.5
-244.5
-134.6
-134.6
-134.6
-244.5
-134.6
-244.5
-134.6
-244.5
-21.7
-244.5
-21.7
-244.5
-134.6
-21.7
-21.7
-244.5
-21.7
-244.5
-21.7
-244.5
-21.7
-244.5
-21.7
-244.5
-21.7
-244.5
-244.5
-134.6
-134.6
-21.7
-21.7
-244.5
-21.7
-244.5
-134.6
-21.7
-21.7
-357.4
-134.6
-244.5
-134.6
-244.5
-21.7
-244.5
-134.6
-134.6
-134.6
-244.5
-134.6
-244.5
-134.6
-244.5
-21.7
-244.5
-21.7
-244.5
-134.6
-244.5
-134.6
-244.5
-134.6
-244.5
-21.7
-357.4
-134.6
-134.6
-134.6
-244.5
-134.6
-244.5
-134.6
-244.5
-21.7
-244.5
-21.7
-244.5
-134.6
-21.7
-21.7
-244.5
-21.7
-244.5
-21.7
-134.6
-134.6
-244.5
-134.6
-244.5
-21.7
-244.5
-21.7
-244.5
-244.5
-244.5
-21.7
-244.5
-244.5
-244.5
-134.6
-244.5
-134.6
-244.5
-134.6
-244.5
89.7
-244.5
-134.6
-134.6
-21.7
-134.6
-244.5
-134.6
-21.7
-244.5
-134.6
-244.5
-134.6
-357.4
-134.6
-244.5
-134.6
-244.5
-244.5
-244.5
-21.7
-134.6
-134.6
-244.5
-134.6
-244.5
-134.6
-244.5
-21.7
-357.4
-134.6
-244.5
-244.5
-244.5
-134.6
-21.7
-21.7
-244.5
-134.6
-244.5
-244.5
-244.5
-21.7
-134.6
-21.7
-244.5
-134.6
-134.6
-21.7
-244.5
-134.6
-21.7
-134.6
-244.5
-21.7
-244.5
-244.5
-244.5
-134.6
-244.5
-134.6
-244.5
-134.6
-244.5
-21.7
-244.5
-134.6
-244.5
-244.5
-244.5
-134.6
-134.6
-134.6
-244.5
-21.7
-244.5
-21.7
-244.5
-244.5
-244.5
-134.6
-134.6
-134.6
-244.5
-134.6
-244.5
-134.6
-244.5
-244.5
-244.5
-134.6
-134.6
-134.6
-21.7
-21.7
-244.5
-134.6
-134.6
-134.6
-244.5
-21.7
-244.5
-134.6
-134.6
-134.6
-244.5
-134.6
-244.5
-21.7
-134.6
-21.7
-244.5
-244.5
-134.6
-21.7
-134.6
-134.6
-134.6
-21.7
-244.5
-134.6
-134.6
-134.6
-244.5
-21.7
-134.6
-21.7
-244.5
-134.6
-134.6
-134.6
-244.5
-134.6
-134.6
-21.7
-244.5
-134.6
-134.6
-21.7
-244.5
-21.7
-134.6
-21.7
-134.6
-244.5
-244.5
-244.5
-134.6
-21.7
-244.5
-134.6
-134.6
-244.5
-244.5
-134.6
-134.6
-244.5
-244.5
-21.7
-244.5
-244.5
-244.5
-21.7
-244.5
-134.6
-244.5
-134.6
-244.5
-21.7
-244.5
-134.6
-244.5
-134.6
-244.5
-21.7
-244.5
-134.6
-244.5
-134.6
-244.5
-21.7
-244.5
-21.7
-244.5
-244.5
-134.6
-134.6
-244.5
-134.6
-244.5
-134.6
-244.5
-21.7
-244.5
-21.7
-244.5
-21.7
-21.7
-134.6
-244.5
-21.7
-244.5
-21.7
-134.6
-134.6
-244.5
-244.5
-244.5
89.7
-134.6
-134.6
-244.5
-134.6
-244.5
-134.6
-244.5
-134.6
-134.6
-21.7
-244.5
-244.5
-244.5
-21.7
-244.5
-134.6
-244.5
-21.7
-357.4
-244.5
-244.5
-134.6
-244.5
-134.6
-244.5
-21.7
-244.5
-134.6
-244.5
-134.6
-244.5
-134.6
-357.4
-244.5
-244.5
-134.6
-244.5
-134.6
-244.5
-244.5
-244.5
-21.7
-244.5
-134.6
-244.5
-134.6
-244.5
-134.6
-244.5
-134.6
-244.5
-134.6
-244.5
-21.7
-244.5
-134.6
-244.5
-244.5
-244.5
-21.7
-244.5
-244.5
-134.6
-244.5
-134.6
-134.6
-21.7
-134.6
-134.6
-244.5
-244.5
-134.6
-134.6
-21.7
-244.5
-21.7
-134.6
-21.7
-244.5
-134.6
-134.6
-21.7
-134.6
-134.6
-21.7
-21.7
-244.5
-21.7
-134.6
-21.7
-244.5
-134.6
-134.6
-21.7
-244.5
-134.6
-134.6
-134.6
-244.5
-134.6
-134.6
-134.6
-357.4
-244.5
-244.5
-134.6
-357.4
-21.7
-244.5
-21.7
-134.6
-244.5
-244.5
-244.5
-134.6
-21.7
-134.6
-134.6
-134.6
-244.5
-244.5
-134.6
-244.5
-134.6
-134.6
-21.7
-244.5
-244.5
-134.6
-21.7
-244.5
-134.6
-134.6
-21.7
-244.5
-134.6
-21.7
-244.5
-244.5
-134.6
-244.5
-134.6
-244.5
-244.5
-244.5
-21.7
-244.5
-134.6
-134.6
-134.6
-244.5
-21.7
-134.6
-21.7
-244.5
-134.6
-244.5
-134.6
-244.5
-21.7
-244.5
-134.6
-134.6
-21.7
-244.5
-134.6
-244.5
-134.6
-244.5
-21.7
-357.4
-21.7
-134.6
-134.6
-134.6
-21.7
-134.6
-21.7
-134.6
-244.5
-244.5
-134.6
-244.5
-134.6
-357.4
-21.7
-357.4
-244.5
-357.4
-134.6
-244.5
-134.6
-134.6
-244.5
-244.5
-244.5
-244.5
-134.6
-244.5
-134.6
-244.5
-244.5
-691.6
-244.5
648.3
-134.6
538.4
1208.4
538.4
761.2
1095.4
1319.8
2214.0
2214.0
2214.0
3332.7
4785.5
7468.3
9815.4
10711.2
11826.7
12945.4
16524.0
17641.1
18758.2
23008.3
26696.8
34633.9
39888.2
47825.3
54198.2
57326.6
59898.1
61352.4
62692.3
62692.3
62022.4
58445.2
55315.3
52519.5
52073.9
49838.2
48049.7
46595.3
45253.9
43576.7
41565.4
40893.9
42235.3
45589.6
48383.8
51849.6
55762.4
60233.8
65153.9
69961.0
73091.0
74655.2
75662.4
75773.8
76109.6
74208.1
72978.0
71749.6
70630.9
69065.2
66942.4
66942.4
67165.2
68508.2
69288.0
70070.9
70742.3
71859.4
72865.1
73313.8
76109.6
76443.8
77002.3
77115.2
78790.8
79239.5
80133.8
80020.9
81139.5
82258.1
80915.1
81028.1
81586.6
81698.0
81809.4
81586.6
81475.2
81809.4
82033.8
82033.8
83041.0
84156.5
85052.3
85275.1
84939.4
84939.4
85835.2
85946.6
85835.2
86393.8
87063.7
87175.1
87401.0
87846.6
88070.9
89299.4
89076.6
89189.5
88516.5
87735.2
88182.3
87623.8
87846.6
88293.7
88963.6
89635.1
90642.3
91648.0
91648.0
92430.9
92540.8
92206.6
92766.6
92206.6
92318.0
91870.8
92206.6
93549.5
92766.6
92876.5
92095.2
92540.8
92876.5
92766.6
92540.8
91535.1
91983.8
91648.0
92430.9
93100.8
93995.1
94329.3
95002.3
94442.3
94329.3
95338.1
95338.1
95560.9
95895.1
95338.1
95338.1
95560.9
95225.1
95895.1
95783.7
95225.1
94555.2
94219.5
94442.3
94778.0
95338.1
95338.1
96119.4
96566.6
96230.8
96790.9
97236.5
97908.0
98019.4
97908.0
97683.6
97349.4
97013.7
96900.7
96900.7
96343.8
96119.4
96566.6
96790.9
97126.6
97683.6
97460.8
97796.6
97573.8
97796.6
97349.4
97460.8
97573.8
97683.6
97683.6
97908.0
97236.5
96900.7
96678.0
96455.2
96230.8
95002.3
94666.6
93883.7
92318.0
92430.9
92430.9
93323.6
93995.1
94666.6
95560.9
97126.6
98689.3
99249.4
99696.5
99920.9
100255.1
100255.1
99696.5
99472.2
99026.6
99138.0
98132.3
97683.6
97349.4
97236.5
97126.6
97349.4
96455.2
96343.8
96008.0
96119.4
97013.7
97236.5
98019.4
97683.6
98579.5
99362.3
99472.2
100368.0
100143.7
100479.4
100032.3
99138.0
98802.2
98689.3
98689.3
98915.2
98243.7
98466.5
98019.4
98579.5
98689.3
99138.0
99138.0
99249.4
99472.2
98915.2
99026.6
99249.4
99362.3
99585.1
99249.4
99696.5
99472.2
99807.9
100032.3
99807.9
99362.3
99026.6
98579.5
98802.2
99138.0
99472.2
99138.0
99362.3
99696.5
99696.5
99472.2
99920.9
100143.7
100143.7
99920.9
99807.9
99362.3
99585.1
99696.5
99696.5
99696.5
100255.1
100368.0
100255.1
99585.1
99472.2
99585.1
99585.1
99920.9
99585.1
99807.9
99920.9
99920.9
99920.9
100032.3
100143.7
99920.9
100255.1
99696.5
100032.3
99920.9
100143.7
99920.9
99472.2
99920.9
100255.1
100255.1
100590.8
100255.1
100479.4
100255.1
99920.9
99920.9
100255.1
100255.1
99920.9
99920.9
100479.4
100479.4
100255.1
100368.0
100590.8
100703.8
100255.1
99920.9
99920.9
100143.7
100255.1
99696.5
99920.9
99920.9
99807.9
99920.9
99807.9
100032.3
100255.1
100032.3
100032.3
100032.3
100032.3
99807.9
99920.9
99920.9
100479.4
100255.1
100255.1
100143.7
100143.7
100255.1
100032.3
99920.9
99696.5
100255.1
99807.9
100143.7
100368.0
99920.9
100255.1
100255.1
100255.1
100143.7
100368.0
100255.1
100368.0
100143.7
100143.7
99920.9
100032.3
99807.9
100032.3
99807.9
99696.5
99696.5
99585.1
100143.7
100255.1
100255.1
100255.1
100143.7
100032.3
99696.5
100032.3
100032.3
99807.9
99807.9
100143.7
99920.9
100143.7
100255.1
100255.1
100255.1
100032.3
100032.3
99807.9
100143.7
100032.3
99696.5
99807.9
100032.3
99696.5
100032.3
100032.3
99920.9
99696.5
99920.9
99696.5
99696.5
99696.5
99472.2
99807.9
99696.5
99807.9
99696.5
99920.9
99807.9
99807.9
99696.5
99696.5
99472.2
99585.1
99472.2
99696.5
99585.1
99807.9
100032.3
99920.9
99920.9
99920.9
100032.3
99920.9
100032.3
100255.1
99696.5
99920.9
99472.2
99472.2
99249.4
99249.4
99249.4
99472.2
99585.1
99472.2
99472.2
99585.1
99585.1
99472.2
99472.2
99362.3
99138.0
99585.1
99362.3
99472.2
99472.2
99472.2
99472.2
99362.3
99249.4
99362.3
99585.1
99585.1
99138.0
99138.0
99249.4
99472.2
99472.2
99472.2
99472.2
99696.5
99696.5
99585.1
99472.2
99585.1
99138.0
98915.2
98802.2
98802.2
99026.6
99138.0
99249.4
99249.4
99249.4
99138.0
98802.2
99249.4
99138.0
99249.4
98915.2
99026.6
99138.0
98802.2
98915.2
98802.2
98915.2
99138.0
99138.0
99138.0
99362.3
99362.3
99362.3
99026.6
98802.2
99026.6
99138.0
99138.0
98802.2
99138.0
99026.6
98915.2
98802.2
98689.3
98802.2
98915.2
98915.2
98915.2
98802.2
98915.2
98802.2
98802.2
98579.5
98579.5
98579.5
98689.3
98802.2
98802.2
98802.2
98579.5
98579.5
98466.5
98355.1
98579.5
98466.5
98915.2
98802.2
98802.2
98802.2
98915.2
98802.2
98915.2
98802.2
98802.2
98802.2
98579.5
98355.1
98466.5
98355.1
98355.1
98243.7
98355.1
98355.1
98355.1
98355.1
98466.5
98466.5
98466.5
98579.5
98579.5
98466.5
98355.1
98355.1
98355.1
98243.7
98355.1
98019.4
98243.7
98132.3
98132.3
98132.3
98132.3
98466.5
98466.5
98579.5
98355.1
98355.1
98355.1
98355.1
98355.1
98132.3
98355.1
98243.7
98132.3
98019.4
98019.4
97908.0
98019.4
98132.3
98019.4
98019.4
97908.0
97908.0
97908.0
98132.3
98019.4
98132.3
97908.0
97796.6
97908.0
97796.6
97908.0
97683.6
97908.0
97908.0
97683.6
97908.0
98019.4
97908.0
98019.4
97908.0
97908.0
98019.4
98019.4
97908.0
97796.6
97796.6
97908.0
97683.6
97683.6
97573.8
97908.0
97683.6
97796.6
97683.6
97683.6
97796.6
97796.6
97573.8
97908.0
97683.6
97908.0
97683.6
97573.8
97460.8
97460.8
97460.8
97460.8
97236.5
97460.8
97573.8
97460.8
97573.8
97796.6
97796.6
97683.6
97683.6
97573.8
97460.8
97683.6
97573.8
97683.6
97460.8
97573.8
97236.5
97349.4
97236.5
97349.4
97236.5
97460.8
97349.4
97460.8
97460.8
97236.5
97236.5
97349.4
97349.4
97349.4
97349.4
97349.4
97126.6
97236.5
97013.7
97013.7
97013.7
97126.6
97126.6
97236.5
97236.5
97236.5
97126.6
97236.5
97126.6
97236.5
97236.5
97236.5
97126.6
96900.7
97013.7
96900.7
96900.7
97126.6
97126.6
97013.7
96900.7
97013.7
97013.7
97013.7
97013.7
97013.7
96790.9
97013.7
96900.7
96900.7
96900.7
97013.7
96900.7
96678.0
96678.0
96678.0
96790.9
96790.9
96790.9
96678.0
96678.0
96900.7
96790.9
96900.7
96900.7
96790.9
96900.7
96678.0
96566.6
96678.0
96455.2
96455.2
96455.2
96455.2
96343.8
96566.6
96678.0
96566.6
96455.2
96566.6
96455.2
96455.2
96455.2
96566.6
96566.6
96566.6
96343.8
96230.8
96230.8
96230.8
96230.8
96455.2
96343.8
96455.2
96343.8
96343.8
96343.8
96343.8
96343.8
96343.8
96230.8
96343.8
96343.8
96230.8
96119.4
96008.0
96008.0
96008.0
95895.1
96119.4
96119.4
96230.8
96119.4
96119.4
95895.1
96008.0
95895.1
96119.4
96119.4
96119.4
96119.4
96119.4
95895.1
95895.1
95783.7
95783.7
95783.7
95783.7
95895.1
95895.1
95895.1
96008.0
95895.1
95895.1
95895.1
95895.1
95783.7
95783.7
95672.3
95783.7
95672.3
95672.3
95560.9
95672.3
95672.3
95783.7
95672.3
95672.3
95672.3
95783.7
95672.3
95783.7
95560.9
95560.9
95560.9
95672.3
95560.9
95560.9
95447.9
95447.9
95338.1
95447.9
95338.1
95447.9
95560.9
95672.3
95447.9
95560.9
95447.9
95447.9
95447.9
95447.9
95338.1
95447.9
95338.1
95338.1
95225.1
95225.1
95225.1
95225.1
95002.3
95225.1
95225.1
95225.1
95338.1
95225.1
95225.1
95338.1
95225.1
95225.1
95112.2
95112.2
95225.1
95225.1
95112.2
95002.3
95112.2
95002.3
94889.4
95112.2
95112.2
95112.2
95225.1
95225.1
95002.3
95112.2
95002.3
95002.3
95002.3
95002.3
94778.0
94778.0
94778.0
94778.0
94778.0
94889.4
94778.0
94778.0
94666.6
94778.0
94778.0
94778.0
94778.0
94778.0
94778.0
94778.0
94666.6
94778.0
94666.6
94778.0
94442.3
94666.6
94666.6
94778.0
94778.0
94778.0
94555.2
94555.2
94666.6
94666.6
94555.2
94778.0
94778.0
94666.6
94555.2
94666.6
94442.3
94442.3
94442.3
94442.3
94442.3
94555.2
94555.2
94442.3
94442.3
94555.2
94442.3
94442.3
94329.3
94555.2
94442.3
94555.2
94329.3
94442.3
94329.3
94329.3
94106.5
94219.5
94219.5
94442.3
94442.3
94442.3
94442.3
94329.3
94329.3
94329.3
94329.3
94329.3
94329.3
94329.3
94219.5
94219.5
94106.5
94219.5
93995.1
94106.5
94219.5
94219.5
94106.5
94219.5
94219.5
94106.5
94106.5
94106.5
93995.1
93995.1
93995.1
93995.1
93883.7
93883.7
93883.7
93883.7
93883.7
93883.7
93883.7
93883.7
93883.7
93995.1
93883.7
93995.1
93995.1
93883.7
93883.7
93883.7
93883.7
93995.1
93772.3
93883.7
93772.3
93772.3
93659.4
93772.3
93659.4
93659.4
93772.3
93772.3
93659.4
93883.7
93659.4
93549.5
93659.4
93659.4
93659.4
93549.5
93549.5
93549.5
93323.6
93436.6
93436.6
93549.5
93549.5
93659.4
93659.4
93549.5
93436.6
93549.5
93549.5
93549.5
93436.6
93436.6
93436.6
93436.6
93436.6
93436.6
93323.6
93323.6
93213.8
93323.6
93323.6
93436.6
93323.6
93323.6
93100.8
93323.6
93213.8
93213.8
93323.6
93100.8
93100.8
93323.6
93100.8
93100.8
92989.4
92989.4
92989.4
93100.8
93100.8
93100.8
93100.8
93100.8
92989.4
93100.8
92989.4
93100.8
92989.4
93100.8
92989.4
92989.4
92989.4
92989.4
92766.6
92766.6
92766.6
92876.5
92876.5
92876.5
92989.4
92989.4
92876.5
92876.5
92766.6
92876.5
92766.6
92766.6
92766.6
92653.7
92540.8
92653.7
92540.8
92653.7
92653.7
92766.6
92653.7
92766.6
92653.7
92653.7
92653.7
92653.7
92653.7
92653.7
92540.8
92766.6
92540.8
92540.8
92430.9
92540.8
92430.9
92540.8
92318.0
92540.8
92540.8
92430.9
92318.0
92318.0
92430.9
92318.0
92430.9
92430.9
92318.0
92430.9
92318.0
92095.2
92318.0
92206.6
92095.2
92206.6
92095.2
92206.6
92206.6
92318.0
92318.0
92318.0
92206.6
92206.6
92095.2
92095.2
92206.6
92095.2
92095.2
92095.2
92095.2
92095.2
91983.8
91983.8
91983.8
92095.2
91983.8
92095.2
91983.8
92095.2
91983.8
92095.2
91870.8
91870.8
91870.8
91870.8
91870.8
91870.8
91761.0
91761.0
91761.0
91761.0
91761.0
91761.0
91761.0
91648.0
91648.0
91648.0
91870.8
91761.0
91870.8
91761.0
91648.0
91648.0
91648.0
91648.0
91535.1
91648.0
91648.0
91648.0
91648.0
91648.0
91648.0
91648.0
91648.0
91648.0
91535.1
91648.0
91535.1
91423.7
91423.7
91423.7
91423.7
91312.3
91423.7
91423.7
91312.3
91423.7
91423.7
91535.1
91312.3
91423.7
91423.7
91312.3
91200.9
91312.3
91312.3
91312.3
91312.3
91312.3
91200.9
91200.9
91200.9
91200.9
91200.9
91200.9
91200.9
91312.3
91312.3
91312.3
91087.9
91200.9
90978.1
91312.3
91087.9
91200.9
91200.9
91200.9
90978.1
90978.1
90865.1
91087.9
90978.1
91087.9
90978.1
90978.1
90978.1
90978.1
90865.1
90978.1
90978.1
90978.1
90978.1
90978.1
90865.1
90978.1
90865.1
90752.2
90752.2
90752.2
90752.2
90865.1
90978.1
90978.1
90865.1
90865.1
90752.2
90978.1
90752.2
90752.2
90752.2
90752.2
90752.2
90752.2
90642.3
90642.3
90642.3
90752.2
90642.3
90752.2
90642.3
90642.3
90529.4
90752.2
90529.4
90529.4
90642.3
90642.3
90529.4
90642.3
90418.0
90529.4
90529.4
90418.0
90529.4
90529.4
90529.4
90529.4
90418.0
90529.4
90418.0
90529.4
90418.0
90418.0
90306.6
90418.0
90306.6
90306.6
90418.0
90306.6
90195.2
90306.6
90195.2
90306.6
90306.6
90306.6
90082.3
90306.6
90306.6
90306.6
90082.3
90306.6
90306.6
90306.6
90195.2
90082.3
90082.3
89970.9
89970.9
89970.9
90082.3
90082.3
90082.3
90082.3
89970.9
90082.3
89970.9
90082.3
89970.9
89970.9
89970.9
89970.9
89970.9
89970.9
89859.5
89970.9
89970.9
89970.9
89859.5
89970.9
89970.9
89970.9
89859.5
89859.5
89859.5
89746.5
89859.5
89859.5
89746.5
89746.5
89746.5
89746.5
89746.5
89746.5
89635.1
89635.1
89746.5
89635.1
89746.5
89746.5
89523.7
89746.5
89746.5
89523.7
89635.1
89523.7
89523.7
89412.3
89523.7
89412.3
89412.3
89412.3
89412.3
89523.7
89412.3
89412.3
89412.3
89523.7
89523.7
89523.7
89523.7
89412.3
89412.3
89412.3
89412.3
89412.3
89412.3
89299.4
89189.5
89299.4
89189.5
89299.4
89299.4
89299.4
89189.5
89412.3
89189.5
89189.5
89076.6
89076.6
89076.6
89189.5
89076.6
89189.5
89076.6
89189.5
88963.6
89076.6
88963.6
88963.6
89076.6
89189.5
89076.6
89076.6
88963.6
89076.6
88963.6
88963.6
88963.6
88963.6
88853.8
88963.6
88853.8
88963.6
88740.8
88740.8
88740.8
88853.8
88740.8
88740.8
88853.8
88853.8
88740.8
88853.8
88740.8
88629.4
88740.8
88629.4
88629.4
88629.4
88629.4
88629.4
88516.5
88516.5
88629.4
88516.5
88629.4
88629.4
88629.4
88629.4
88629.4
88740.8
88516.5
88516.5
88516.5
88629.4
88516.5
88516.5
88406.7
88516.5
88516.5
88516.5
88516.5
88516.5
88516.5
88406.7
88516.5
88516.5
88406.7
88406.7
88406.7
88293.7
88406.7
88406.7
88293.7
88406.7
88182.3
88070.9
88293.7
88182.3
88070.9
88293.7
88293.7
88293.7
88070.9
88070.9
88070.9
88182.3
88182.3
88182.3
88182.3
88070.9
88182.3
88070.9
88070.9
88070.9
88070.9
88070.9
88070.9
88070.9
88070.9
88182.3
88070.9
87958.0
88070.9
87958.0
88070.9
88070.9
87846.6
88070.9
87846.6
87846.6
87958.0
87735.2
87735.2
87958.0
87735.2
87846.6
87958.0
87735.2
87846.6
87846.6
87735.2
87735.2
87735.2
87735.2
87735.2
87735.2
87735.2
87735.2
87623.8
87735.2
87623.8
87735.2
87735.2
87623.8
87623.8
87623.8
87735.2
87623.8
87510.8
87623.8
87623.8
87623.8
87623.8
87623.8
87623.8
87510.8
87288.0
87401.0
87510.8
87623.8
87401.0
87623.8
87510.8
87401.0
87401.0
87401.0
87401.0
87401.0
87401.0
87401.0
87401.0
87401.0
87401.0
87401.0
87288.0
87288.0
87288.0
87401.0
87288.0
87401.0
87401.0
87401.0
87401.0
87401.0
87175.1
87175.1
87288.0
87288.0
87175.1
87175.1
87063.7
87175.1
87175.1
87175.1
87175.1
87175.1
87175.1
87175.1
87063.7
87175.1
87063.7
87175.1
87063.7
87175.1
86952.3
87063.7
86952.3
86952.3
86952.3
86952.3
86952.3
87063.7
86952.3
86952.3
86952.3
86952.3
86952.3
86952.3
86952.3
86952.3
86840.9
86952.3
86840.9
86840.9
86840.9
86727.9
86727.9
86727.9
86727.9
86840.9
86727.9
86840.9
86727.9
86840.9
86727.9
86840.9
86727.9
86840.9
86618.1
86727.9
86727.9
86727.9
86505.2
86618.1
86505.2
86618.1
86505.2
86393.8
86618.1
86618.1
86505.2
86505.2
86505.2
86505.2
86505.2
86505.2
86393.8
86505.2
86505.2
86505.2
86393.8
86393.8
86393.8
86393.8
86282.4
86393.8
86282.4
86505.2
86282.4
86393.8
86393.8
86393.8
86282.4
86393.8
86393.8
86282.4
86169.4
86169.4
86169.4
86282.4
86169.4
86282.4
86169.4
86282.4
86169.4
86169.4
86169.4
86169.4
86058.0
86058.0
86058.0
86058.0
85946.6
86058.0
86058.0
86058.0
85946.6
85946.6
85835.2
85946.6
85946.6
85946.6
85946.6
85946.6
86058.0
85946.6
85946.6
85946.6
85946.6
85946.6
85946.6
85946.6
85946.6
85946.6
85835.2
85835.2
85835.2
85835.2
85722.3
85722.3
85722.3
85946.6
85835.2
85722.3
85722.3
85835.2
85722.3
85835.2
85722.3
85722.3
85722.3
85610.9
85610.9
85610.9
85499.5
85610.9
85610.9
85610.9
85610.9
85610.9
85610.9
85386.5
85610.9
85610.9
85499.5
85499.5
85499.5
85499.5
85499.5
85499.5
85386.5
85386.5
85386.5
85275.1
85386.5
85386.5
85386.5
85499.5
85386.5
85386.5
85275.1
85386.5
85386.5
85275.1
85163.7
85275.1
85275.1
85386.5
85275.1
85386.5
85052.3
85163.7
85163.7
85163.7
85163.7
85163.7
85163.7
85163.7
85052.3
85163.7
85052.3
85163.7
85052.3
85052.3
85052.3
85052.3
85052.3
84939.4
84939.4
85052.3
84939.4
84939.4
84939.4
84939.4
84939.4
84939.4
84939.4
84939.4
84939.4
84829.5
84829.5
84829.5
84939.4
84939.4
84939.4
84829.5
84829.5
84829.5
84939.4
84939.4
84829.5
84829.5
84829.5
84939.4
84716.6
84829.5
84716.6
84716.6
84716.6
84716.6
84605.2
84605.2
84493.8
84605.2
84605.2
84605.2
84605.2
84716.6
84493.8
84605.2
84493.8
84493.8
84493.8
84493.8
84493.8
84493.8
84493.8
84493.8
84493.8
84493.8
84493.8
84493.8
84380.9
84493.8
84493.8
84493.8
84493.8
84493.8
84269.5
84493.8
84380.9
84269.5
84269.5
84380.9
84269.5
84269.5
84380.9
84269.5
84269.5
84493.8
84269.5
84269.5
84493.8
84269.5
84269.5
84269.5
84156.5
84156.5
84156.5
84156.5
84156.5
84046.7
84046.7
84156.5
84046.7
84156.5
84046.7
84046.7
84156.5
84046.7
84046.7
84156.5
84156.5
84046.7
84046.7
84046.7
84046.7
84046.7
83933.7
84046.7
83933.7
83933.7
84046.7
84046.7
83933.7
83822.3
83822.3
84046.7
84046.7
83933.7
83822.3
83822.3
83822.3
83933.7
83822.3
83822.3
83822.3
83822.3
83710.9
83822.3
83710.9
83822.3
83598.0
83710.9
83598.0
83710.9
83822.3
83822.3
83710.9
83822.3
83710.9
83598.0
83710.9
83598.0
83598.0
83598.0
83598.0
83598.0
83486.6
83598.0
83598.0
83598.0
83486.6
83486.6
83598.0
83598.0
83486.6
83598.0
83486.6
83486.6
83375.2
83375.2
83375.2
83375.2
83375.2
83375.2
83375.2
83375.2
83263.8
83375.2
83375.2
83375.2
83375.2
83375.2
83375.2
83375.2
83263.8
83375.2
83375.2
83375.2
83150.8
83375.2
83150.8
83263.8
83150.8
83263.8
83150.8
83263.8
83150.8
83263.8
83263.8
83150.8
83150.8
83150.8
83041.0
83150.8
83150.8
83150.8
83150.8
83150.8
83150.8
83041.0
83041.0
83150.8
83041.0
83041.0
83150.8
83150.8
83041.0
83041.0
83041.0
82928.0
83041.0
82928.0
82928.0
83041.0
82928.0
82816.6
82928.0
82816.6
82816.6
82928.0
82928.0
82928.0
82816.6
82928.0
82928.0
82816.6
82816.6
82816.6
82816.6
82816.6
82816.6
82816.6
82703.7
82703.7
82703.7
82703.7
82703.7
82703.7
82592.3
82703.7
82703.7
82592.3
82703.7
82703.7
82592.3
82592.3
82592.3
82592.3
82592.3
82592.3
82480.9
82592.3
82592.3
82480.9
82592.3
82592.3
82368.0
82592.3
82480.9
82480.9
82368.0
82368.0
82368.0
82368.0
82258.1
82368.0
82368.0
82258.1
82258.1
82368.0
82258.1
82368.0
82258.1
82368.0
82368.0
82258.1
82258.1
82368.0
82258.1
82258.1
82258.1
82258.1
82258.1
82258.1
82145.2
82145.2
82145.2
82145.2
82145.2
82145.2
82033.8
82145.2
82145.2
82258.1
82033.8
82145.2
82145.2
82145.2
82033.8
82033.8
82033.8
82033.8
81809.4
81922.4
81809.4
81922.4
81809.4
81922.4
82033.8
81922.4
81922.4
82033.8
81922.4
82033.8
81698.0
81922.4
81809.4
81922.4
81922.4
81809.4
81809.4
81698.0
81698.0
81809.4
81809.4
81809.4
81698.0
81698.0
81698.0
81698.0
81809.4
81698.0
81586.6
81586.6
81586.6
81586.6
81586.6
81586.6
81586.6
81586.6
81475.2
81586.6
81586.6
81586.6
81475.2
81586.6
81475.2
81586.6
81475.2
81475.2
81362.3
81475.2
81362.3
81475.2
81362.3
81475.2
81362.3
81362.3
81362.3
81362.3
81362.3
81362.3
81250.9
81362.3
81250.9
81362.3
81362.3
81362.3
81139.5
81250.9
81139.5
81362.3
81250.9
81250.9
81139.5
81139.5
81139.5
81139.5
81139.5
81139.5
81139.5
81139.5
81139.5
81250.9
81139.5
81139.5
81139.5
81028.1
81028.1
81028.1
81028.1
81028.1
80915.1
81028.1
80915.1
80915.1
80915.1
81028.1
80915.1
80915.1
80915.1
80915.1
80915.1
80915.1
80915.1
80915.1
80915.1
80915.1
80803.7
80803.7
80915.1
80915.1
80803.7
80803.7
80803.7
80915.1
80803.7
80803.7
80692.3
80803.7
80692.3
80692.3
80692.3
80579.4
80579.4
80692.3
80803.7
80692.3
80469.5
80579.4
80579.4
80469.5
80579.4
80469.5
80579.4
80579.4
80469.5
80469.5
80469.5
80579.4
80469.5
80579.4
80579.4
80469.5
80579.4
80469.5
80469.5
80579.4
80469.5
80469.5
80356.6
80356.6
80469.5
80579.4
80469.5
80356.6
80469.5
80469.5
80356.6
80469.5
80356.6
80469.5
80356.6
80469.5
80356.6
80356.6
80245.2
80245.2
80245.2
80245.2
80245.2
80245.2
80245.2
80356.6
80245.2
80245.2
80133.8
80245.2
80133.8
80133.8
80245.2
80245.2
80133.8
80020.9
80020.9
80245.2
80020.9
80133.8
80133.8
80020.9
80020.9
80133.8
80020.9
80020.9
80020.9
80020.9
80020.9
80020.9
80020.9
80020.9
80020.9
80020.9
80020.9
79909.5
80020.9
79909.5
80020.9
80020.9
79909.5
79796.5
79796.5
79909.5
79909.5
79796.5
79796.5
79796.5
79796.5
79796.5
79909.5
79796.5
79796.5
79796.5
79796.5
79796.5
79796.5
79796.5
79686.7
79796.5
79686.7
79573.7
79686.7
79796.5
79796.5
79686.7
79573.7
79573.7
79573.7
79573.7
79462.3
79573.7
79573.7
79573.7
79573.7
79573.7
79573.7
79573.7
79573.7
79573.7
79573.7
79573.7
79573.7
79573.7
79462.3
79462.3
79462.3
79462.3
79462.3
79350.9
79239.5
79350.9
79239.5
79350.9
79350.9
79350.9
79350.9
79239.5
79350.9
79239.5
79239.5
79239.5
79239.5
79350.9
79239.5
79350.9
79126.6
79350.9
79350.9
79239.5
79126.6
79239.5
79239.5
79239.5
79126.6
79015.2
79126.6
79239.5
79126.6
79239.5
79126.6
79126.6
79126.6
79126.6
79126.6
79015.2
79015.2
79126.6
79015.2
79126.6
79126.6
79015.2
79015.2
79015.2
78790.8
78790.8
78903.8
78903.8
78790.8
78903.8
78903.8
79015.2
78790.8
78903.8
78903.8
78903.8
78790.8
78903.8
78790.8
78790.8
78790.8
78790.8
78681.0
78790.8
78681.0
78681.0
78681.0
78681.0
78790.8
78903.8
78681.0
78681.0
78790.8
78790.8
78681.0
78681.0
78681.0
78681.0
78568.0
78681.0
78568.0
78456.7
78456.7
78568.0
78456.7
78568.0
78456.7
78456.7
78568.0
78456.7
78456.7
78568.0
78456.7
78456.7
78343.7
78343.7
78456.7
78456.7
78343.7
78343.7
78232.3
78343.7
78343.7
78232.3
78343.7
78343.7
78232.3
78343.7
78456.7
78343.7
78232.3
78232.3
78232.3
78232.3
78120.9
78343.7
78120.9
78232.3
78232.3
78232.3
78008.0
78120.9
78120.9
78120.9
78120.9
78120.9
78120.9
78008.0
78008.0
78008.0
78120.9
78120.9
78008.0
78008.0
78008.0
78008.0
78008.0
78008.0
77898.1
78008.0
77898.1
78008.0
77898.1
77898.1
77785.2
77898.1
77785.2
77898.1
77898.1
77898.1
77785.2
77785.2
77898.1
77785.2
77785.2
77785.2
77785.2
77785.2
77785.2
77785.2
77785.2
77673.8
77785.2
77673.8
77673.8
77785.2
77673.8
77785.2
77562.4
77673.8
77562.4
77673.8
77562.4
77673.8
77673.8
77673.8
77673.8
77562.4
77451.0
77673.8
77562.4
77673.8
77562.4
77562.4
77451.0
77562.4
77562.4
77562.4
77451.0
77562.4
77562.4
77338.0
77338.0
77451.0
77338.0
77451.0
77451.0
77451.0
77338.0
77451.0
77338.0
77338.0
77338.0
77338.0
77338.0
77338.0
77338.0
77338.0
77338.0
77338.0
77338.0
77338.0
77115.2
77338.0
77338.0
77226.6
77338.0
77338.0
77115.2
77338.0
77115.2
77225.1
77115.2
77115.2
77115.2
77225.1
77115.2
77338.0
77225.1
77115.2
77115.2
77115.2
77002.3
77002.3
77115.2
77115.2
77002.3
77002.3
77002.3
77115.2
76890.9
76890.9
76890.9
76890.9
77002.3
76890.9
76890.9
77002.3
76890.9
76890.9
77002.3
76890.9
76890.9
76890.9
76890.9
76890.9
76890.9
76890.9
76890.9
76890.9
76890.9
76668.1
76668.1
76779.5
76890.9
76668.1
76779.5
76668.1
76668.1
76890.9
76779.5
76668.1
76779.5
76779.5
76668.1
76668.1
76668.1
76668.1
76668.1
76668.1
76668.1
76668.1
76668.1
76668.1
76668.1
76668.1
76668.1
76668.1
76555.1
76443.8
76443.8
76555.1
76555.1
76555.1
76443.8
76443.8
76443.8
76555.1
76555.1
76555.1
76443.8
76555.1
76443.8
76443.8
76443.8
76443.8
76443.8
76443.8
76443.8
76443.8
76443.8
76443.8
76332.4
76443.8
76219.4
76332.4
76219.4
76332.4
76443.8
76332.4
76219.4
76219.4
76219.4
76443.8
76219.4
76219.4
76219.4
76219.4
76219.4
76219.4
76219.4
76219.4
76219.4
76219.4
76109.6
76219.4
76219.4
76219.4
76109.6
76109.6
76109.6
76109.6
76109.6
76219.4
76109.6
75996.6
76109.6
75996.6
75996.6
75996.6
75996.6
76109.6
75996.6
75996.6
75996.6
75996.6
75996.6
75996.6
76109.6
76109.6
75996.6
75996.6
75885.2
75996.6
75885.2
75996.6
75885.2
75885.2
75885.2
75885.2
75885.2
75885.2
75885.2
75996.6
75773.8
75885.2
75662.4
75773.8
75773.8
75773.8
75662.4
75773.8
75662.4
75773.8
75773.8
75773.8
75549.5
75662.4
75662.4
75662.4
75662.4
75662.4
75662.4
75662.4
75662.4
75662.4
75549.5
75662.4
75549.5
75549.5
75549.5
75549.5
75549.5
75549.5
75549.5
75662.4
75549.5
75549.5
75436.5
75549.5
75436.5
75549.5
75436.5
75436.5
75326.7
75436.5
75436.5
75436.5
75213.7
75436.5
75436.5
75436.5
75326.7
75213.7
75213.7
75326.7
75436.5
75213.7
75213.7
75326.7
75213.7
75213.7
75213.7
75213.7
75213.7
75102.3
75213.7
75213.7
75213.7
75102.3
75102.3
75102.3
75102.3
75213.7
75102.3
74990.9
75102.3
75102.3
75102.3
75102.3
75102.3
75102.3
74879.5
75102.3
74990.9
74990.9
74990.9
74990.9
74990.9
75102.3
75102.3
74990.9
74879.5
74879.5
74990.9
74990.9
74879.5
74990.9
74879.5
74879.5
74879.5
74879.5
74879.5
74879.5
74766.6
74655.2
74766.6
74766.6
74655.2
74766.6
74879.5
74766.6
74655.2
74766.6
74766.6
74655.2
74655.2
74766.6
74655.2
74655.2
74655.2
74655.2
74655.2
74543.8
74655.2
74655.2
74543.8
74655.2
74430.9
74543.8
74655.2
74655.2
74655.2
74543.8
74543.8
74430.9
74543.8
74430.9
74543.8
74543.8
74543.8
74543.8
74430.9
74430.9
74543.8
74430.9
74430.9
74430.9
74321.0
74321.0
74430.9
74430.9
74430.9
74430.9
74321.0
74321.0
74321.0
74430.9
74321.0
74208.1
74208.1
74208.1
74208.1
74208.1
74321.0
74208.1
74208.1
74208.1
74208.1
74321.0
74208.1
74208.1
74208.1
74208.1
74208.1
74208.1
74208.1
74208.1
74208.1
74208.1
73983.7
74096.7
74096.7
74096.7
73983.7
73983.7
74208.1
74096.7
74096.7
74096.7
73983.7
73983.7
73873.9
73873.9
73983.7
74096.7
73983.7
73983.7
73983.7
73873.9
73983.7
73983.7
73873.9
73983.7
73760.9
73873.9
73873.9
73760.9
73760.9
73760.9
73760.9
73760.9
73760.9
73760.9
73760.9
73760.9
73760.9
73760.9
73760.9
73760.9
73760.9
73760.9
73760.9
73760.9
73760.9
73760.9
73648.0
73760.9
73760.9
73760.9
73538.1
73538.1
73538.1
73648.0
73538.1
73648.0
73648.0
73313.8
73760.9
73760.9
73538.1
73538.1
73425.2
73538.1
73425.2
73538.1
73425.2
73538.1
73425.2
73313.8
73538.1
73538.1
73538.1
73538.1
73425.2
73425.2
73425.2
73425.2
73425.2
73313.8
73313.8
73313.8
73313.8
73313.8
73313.8
73313.8
73425.2
73313.8
73313.8
73313.8
73313.8
73313.8
73202.4
73313.8
73313.8
73313.8
73313.8
73313.8
73313.8
73202.4
73202.4
73091.0
73202.4
73202.4
73202.4
73202.4
73202.4
73091.0
73091.0
73091.0
73091.0
73091.0
73091.0
73091.0
73091.0
72978.0
73091.0
73091.0
73091.0
73091.0
73091.0
73091.0
72978.0
73091.0
72978.0
72978.0
73091.0
72978.0
72978.0
73091.0
72865.1
72865.1
72865.1
72865.1
72865.1
72865.1
72865.1
72865.1
72865.1
72865.1
72865.1
72865.1
72865.1
72865.1
72865.1
72865.1
72865.1
72755.2
72755.2
72642.3
72865.1
72755.2
72865.1
72755.2
72755.2
72755.2
72865.1
72642.3
72755.2
72642.3
72755.2
72755.2
72642.3
72642.3
72642.3
72642.3
72530.9
72642.3
72642.3
72642.3
72642.3
72642.3
72530.9
72642.3
72530.9
72530.9
72642.3
72642.3
72530.9
72419.5
72419.5
72419.5
72308.1
72530.9
72419.5
72419.5
72419.5
72419.5
72419.5
72419.5
72419.5
72419.5
72419.5
72308.1
72308.1
72308.1
72419.5
72419.5
72308.1
72195.2
72308.1
72419.5
72308.1
72308.1
72195.2
72308.1
72419.5
72308.1
72195.2
72195.2
72195.2
72195.2
72195.2
72195.2
72195.2
72195.2
72195.2
72195.2
72195.2
72195.2
72085.3
72195.2
72195.2
72195.2
72085.3
72085.3
72195.2
72195.2
72085.3
72085.3
72195.2
72085.3
72085.3
72085.3
71972.4
71972.4
71972.4
71972.4
71972.4
71972.4
71972.4
71972.4
71972.4
71972.4
71749.6
71859.4
71972.4
71859.4
71859.4
71972.4
71749.6
71859.4
71859.4
71859.4
71859.4
71749.6
71859.4
71972.4
71636.6
71859.4
71749.6
71749.6
71749.6
71859.4
71749.6
71859.4
71859.4
71636.6
71749.6
71636.6
71636.6
71749.6
71636.6
71636.6
71525.2
71525.2
71525.2
71636.6
71525.2
71525.2
71525.2
71636.6
71636.6
71636.6
71636.6
71636.6
71525.2
71525.2
71413.8
71525.2
71413.8
71413.8
71525.2
71413.8
71412.3
71302.4
71412.3
71302.4
71413.8
71413.8
71525.2
71525.2
71412.3
71302.4
71302.4
71413.8
71413.8
71412.3
71302.4
71302.4
71302.4
71302.4
71302.4
71302.4
71302.4
71302.4
71302.4
71189.5
71302.4
71302.4
71302.4
71189.5
71189.5
71302.4
71302.4
71189.5
71076.5
71076.5
71189.5
71189.5
71189.5
70966.7
71076.5
71189.5
71189.5
71189.5
71302.4
71076.5
71076.5
71076.5
70966.7
71076.5
70966.7
70966.7
70966.7
70966.7
70966.7
70853.7
70853.7
70966.7
70853.7
70966.7
70853.7
70853.7
70853.7
70966.7
70853.7
70966.7
70853.7
70853.7
70853.7
70742.3
70853.7
70853.7
70742.3
70742.3
70853.7
70853.7
70742.3
70742.3
70742.3
70853.7
70742.3
70742.3
70630.9
70630.9
70630.9
70630.9
70742.3
70742.3
70630.9
70630.9
70630.9
70630.9
70630.9
70630.9
70519.5
70630.9
70630.9
70630.9
70519.5
70630.9
70406.6
70519.5
70519.5
70630.9
70519.5
70519.5
70519.5
70519.5
70406.6
70519.5
70519.5
70519.5
70519.5
70519.5
70406.6
70406.6
70406.6
70406.6
70406.6
70406.6
70406.6
70406.6
70406.6
70406.6
70296.8
70296.8
70296.8
70296.8
70296.8
70296.8
70296.8
70406.6
70296.8
70296.8
70183.8
70296.8
70183.8
70296.8
70183.8
70183.8
70183.8
70296.8
70183.8
70183.8
70183.8
70183.8
70183.8
70183.8
70183.8
70183.8
70070.9
70070.9
70183.8
70183.8
70183.8
70070.9
70183.8
70183.8
70183.8
70183.8
70070.9
70183.8
69961.0
70070.9
70070.9
69961.0
69961.0
70183.8
69961.0
70183.8
70070.9
69961.0
69961.0
69961.0
69961.0
69961.0
69961.0
69961.0
69961.0
69961.0
69848.1
69961.0
69848.1
69961.0
69623.7
69961.0
69848.1
69961.0
69961.0
69848.1
69848.1
69848.1
69848.1
69848.1
69736.7
69736.7
69736.7
69736.7
69736.7
69736.7
69736.7
69736.7
69736.7
69736.7
69736.7
69736.7
69736.7
69623.7
69736.7
69736.7
69736.7
69736.7
69623.7
69736.7
69513.9
69736.7
69623.7
69623.7
69736.7
69623.7
69513.9
69623.7
69513.9
69513.9
69513.9
69513.9
69513.9
69513.9
69513.9
69623.7
69513.9
69513.9
69513.9
69513.9
69400.9
69513.9
69400.9
69513.9
69400.9
69400.9
69513.9
69400.9
69400.9
69400.9
69400.9
69400.9
69288.0
69400.9
69288.0
69288.0
69288.0
69288.0
69288.0
69288.0
69288.0
69288.0
69288.0
69400.9
69288.0
69400.9
69178.1
69288.0
69288.0
69288.0
69288.0
69178.1
69288.0
69178.1
69178.1
69065.2
69178.1
69288.0
69178.1
69178.1
69065.2
69065.2
69178.1
69065.2
69065.2
69178.1
69065.2
69065.2
69178.1
69065.2
69065.2
69065.2
69065.2
68953.8
69065.2
69065.2
68953.8
69065.2
69065.2
69065.2
69065.2
69065.2
69065.2
68953.8
68953.8
68953.8
68842.4
68842.4
68842.4
68842.4
68842.4
68842.4
68953.8
68842.4
68842.4
68953.8
68842.4
68953.8
68842.4
68842.4
68842.4
68842.4
68731.0
68842.4
68731.0
68842.4
68731.0
68731.0
68731.0
68618.0
68731.0
68731.0
68731.0
68842.4
68731.0
68731.0
68618.0
68618.0
68618.0
68618.0
68618.0
68618.0
68508.2
68842.4
68618.0
68618.0
68618.0
68508.2
68508.2
68508.2
68618.0
68618.0
68618.0
68618.0
68395.2
68395.2
68508.2
68508.2
68508.2
68508.2
68508.2
68508.2
68395.2
68508.2
68395.2
68395.2
68508.2
68395.2
68395.2
68282.3
68282.3
68282.3
68395.2
68395.2
68282.3
68395.2
68395.2
68395.2
68282.3
68282.3
68282.3
68395.2
68282.3
68170.9
68170.9
68282.3
68170.9
68282.3
68282.3
68059.5
68170.9
68170.9
68059.5
68170.9
68059.5
68170.9
68059.5
68170.9
68059.5
68059.5
68170.9
68059.5
68059.5
68059.5
68059.5
68059.5
67948.1
68059.5
68059.5
68059.5
68059.5
68059.5
67948.1
68059.5
67948.1
67948.1
67948.1
67835.2
67835.2
68059.5
67948.1
67948.1
67948.1
67948.1
67835.2
67835.2
67948.1
67948.1
67835.2
67948.1
67835.2
67835.2
67835.2
67725.3
67725.3
67725.3
67725.3
67725.3
67725.3
67835.2
67725.3
67725.3
67725.3
67612.4
67612.4
67725.3
67612.4
67725.3
67499.4
67612.4
67725.3
67725.3
67725.3
67725.3
67499.4
67612.4
67499.4
67612.4
67499.4
67612.4
67499.4
67499.4
67499.4
67499.4
67499.4
67499.4
67499.4
67612.4
67499.4
67499.4
67499.4
67389.6
67499.4
67389.6
67389.6
67389.6
67276.6
67165.2
67276.6
67276.6
67276.6
67389.6
67276.6
67276.6
67276.6
67276.6
67276.6
67276.6
67276.6
67276.6
67389.6
67165.2
67276.6
67276.6
67165.2
67276.6
67276.6
67276.6
67165.2
67165.2
67165.2
67165.2
67165.2
67052.3
67165.2
67165.2
67052.3
67165.2
67052.3
67276.6
67165.2
67165.2
67165.2
67052.3
67052.3
66942.4
67052.3
66942.4
66942.4
67052.3
66942.4
66942.4
67052.3
67052.3
66942.4
66942.4
66942.4
67052.3
67052.3
66942.4
66942.4
66942.4
66942.4
66829.5
66718.1
66829.5
66829.5
67052.3
66829.5
66942.4
66829.5
66829.5
66829.5
66718.1
66718.1
66829.5
66718.1
66942.4
66606.7
66829.5
66829.5
66606.7
66718.1
66606.7
66718.1
66718.1
66606.7
66718.1
66606.7
66606.7
66606.7
66606.7
66606.7
66606.7
66718.1
66606.7
66606.7
66606.7
66606.7
66606.7
66606.7
66606.7
66606.7
66493.7
66493.7
66606.7
66606.7
66606.7
66606.7
66606.7
66606.7
66606.7
66493.7
66493.7
66606.7
66493.7
66493.7
66493.7
66606.7
66382.4
66382.4
66493.7
66382.4
66382.4
66493.7
66493.7
66382.4
66493.7
66382.4
66382.4
66382.4
66382.4
66159.6
66271.0
66271.0
66382.4
66382.4
66493.7
66382.4
66382.4
66382.4
66271.0
66271.0
66271.0
66271.0
66271.0
66271.0
66382.4
66271.0
66271.0
66159.6
66159.6
66271.0
66159.6
66271.0
66159.6
66159.6
66159.6
66271.0
66159.6
66159.6
66159.6
66159.6
66159.6
66159.6
66159.6
66159.6
66159.6
66159.6
66159.6
66159.6
66159.6
66159.6
65936.8
66046.6
66046.6
66159.6
66159.6
66046.6
66159.6
65936.8
65936.8
65936.8
65936.8
65936.8
65936.8
65936.8
65936.8
66046.6
66046.6
65936.8
65936.8
65936.8
65936.8
65936.8
65936.8
65823.8
65936.8
65823.8
65936.8
65823.8
65936.8
65823.8
65712.4
65823.8
65712.4
65712.4
65712.4
65823.8
65712.4
65712.4
65712.4
65712.4
65823.8
65823.8
65712.4
65712.4
65712.4
65712.4
65712.4
65712.4
65712.4
65712.4
65712.4
65712.4
65712.4
65712.4
65601.0
65712.4
65712.4
65601.0
65601.0
65601.0
65601.0
65488.1
65601.0
65488.1
65601.0
65601.0
65488.1
65488.1
65488.1
65488.1
65601.0
65601.0
65488.1
65488.1
65488.1
65488.1
65488.1
65488.1
65488.1
65376.7
65488.1
65376.7
65488.1
65488.1
65488.1
65376.7
65376.7
65488.1
65376.7
65376.7
65488.1
65376.7
65376.7
65376.7
65376.7
65263.7
65263.7
65263.7
65263.7
65263.7
65153.9
65263.7
65263.7
65263.7
65153.9
65040.9
65153.9
65263.7
65263.7
65263.7
65040.9
65040.9
65153.9
65153.9
65040.9
65153.9
65153.9
65153.9
65040.9
65040.9
65153.9
65040.9
65040.9
65040.9
65040.9
65040.9
65040.9
65040.9
65040.9
65040.9
65040.9
65040.9
65040.9
65040.9
65040.9
65040.9
65040.9
64929.5
64929.5
65040.9
64929.5
64929.5
65040.9
64929.5
64929.5
64929.5
65040.9
64818.1
64818.1
64929.5
64818.1
64818.1
64929.5
64818.1
64929.5
64818.1
64818.1
64818.1
64818.1
64818.1
64818.1
64818.1
64818.1
64818.1
64818.1
64705.2
64705.2
64482.4
64818.1
64593.8
64705.2
64705.2
64705.2
64705.2
64818.1
64705.2
64705.2
64705.2
64593.8
64593.8
64593.8
64705.2
64705.2
64482.4
64593.8
64482.4
64593.8
64593.8
64593.8
64482.4
64482.4
64482.4
64482.4
64482.4
64482.4
64482.4
64482.4
64482.4
64482.4
64371.0
64482.4
64482.4
64371.0
64371.0
64371.0
64258.1
64371.0
64482.4
64371.0
64371.0
64371.0
64371.0
64371.0
64258.1
64258.1
64371.0
64371.0
64258.1
64371.0
64258.1
64371.0
64148.2
64258.1
64258.1
64371.0
64258.1
64258.1
64258.1
64371.0
64371.0
64258.1
64148.2
64148.2
64148.2
64148.2
64148.2
64148.2
64148.2
64148.2
64148.2
64148.2
64148.2
64148.2
64035.3
64035.3
64148.2
64035.3
64035.3
64148.2
64035.3
64035.3
64035.3
64035.3
63923.9
63923.9
64035.3
63923.9
63923.9
63923.9
63923.9
63923.9
63923.9
63810.9
63810.9
63923.9
63923.9
64035.3
63699.5
63810.9
63810.9
63810.9
63810.9
63810.9
63699.5
63810.9
63810.9
63699.5
63699.5
63810.9
63810.9
63810.9
63699.5
63699.5
63699.5
63699.5
63810.9
63699.5
63588.1
63699.5
63699.5
63699.5
63699.5
63699.5
63699.5
63699.5
63475.2
63588.1
63699.5
63588.1
63588.1
63588.1
63588.1
63588.1
63588.1
63588.1
63588.1
63588.1
63588.1
63588.1
63588.1
63588.1
63475.2
63475.2
63365.3
63475.2
63475.2
63475.2
63475.2
63475.2
63475.2
63365.3
63475.2
63365.3
63365.3
63365.3
63475.2
63365.3
63475.2
63365.3
63252.4
63365.3
63252.4
63365.3
63252.4
63252.4
63365.3
63252.4
63252.4
63365.3
63365.3
63252.4
63365.3
63252.4
63141.0
63141.0
63141.0
63252.4
63252.4
63252.4
63141.0
63141.0
63252.4
63141.0
63141.0
63252.4
63029.6
63141.0
63029.6
63141.0
63141.0
63029.6
63141.0
63141.0
63029.6
63029.6
63029.6
63141.0
63029.6
63029.6
63029.6
63141.0
63029.6
63029.6
63029.6
63029.6
63029.6
63029.6
63029.6
63029.6
62916.6
62916.6
62916.6
62916.6
63029.6
63029.6
62916.6
62805.2
62805.2
62805.2
62805.2
62916.6
62916.6
62805.2
62916.6
62916.6
62805.2
62805.2
62805.2
62692.3
62916.6
62805.2
62805.2
62805.2
62692.3
62805.2
62916.6
62805.2
62805.2
62805.2
62805.2
62805.2
62805.2
62805.2
62805.2
62805.2
62805.2
62582.4
62692.3
62692.3
62692.3
62805.2
62692.3
62582.4
62805.2
62692.3
62582.4
62582.4
62582.4
62692.3
62582.4
62692.3
62692.3
62692.3
62582.4
62582.4
62582.4
62692.3
62582.4
62582.4
62692.3
62582.4
62469.5
62469.5
62582.4
62582.4
62582.4
62582.4
62582.4
62582.4
62358.1
62582.4
62469.5
62469.5
62469.5
62582.4
62469.5
62469.5
62469.5
62358.1
62469.5
62358.1
62358.1
62358.1
62358.1
62358.1
62358.1
62358.1
62358.1
62358.1
62246.7
62358.1
62358.1
62358.1
62246.7
62246.7
62246.7
62358.1
62246.7
62135.3
62246.7
62246.7
62246.7
62135.3
62246.7
62135.3
62246.7
62135.3
62135.3
62135.3
62135.3
62135.3
62022.4
62135.3
62135.3
62135.3
62135.3
62135.3
62135.3
62135.3
62135.3
62022.4
62022.4
62135.3
62135.3
62022.4
62135.3
62135.3
62022.4
61911.0
62022.4
62135.3
62022.4
62022.4
62022.4
62022.4
62022.4
62022.4
62022.4
62135.3
62022.4
61911.0
61911.0
61911.0
61911.0
61911.0
61911.0
61911.0
61911.0
62022.4
61911.0
61799.6
61911.0
61911.0
61911.0
61911.0
61911.0
61911.0
61799.6
61911.0
61911.0
61911.0
61799.6
61911.0
61799.6
61799.6
61799.6
61686.6
61799.6
61686.6
61799.6
61799.6
61799.6
61686.6
61686.6
61686.6
61686.6
61686.6
61576.8
61686.6
61686.6
61576.8
61686.6
61686.6
61576.8
61686.6
61576.8
61576.8
61576.8
61576.8
61576.8
61463.8
61576.8
61463.8
61576.8
61576.8
61463.8
61576.8
61576.8
61463.8
61463.8
61576.8
61576.8
61463.8
61463.8
61463.8
61463.8
61463.8
61463.8
61463.8
61463.8
61463.8
61463.8
61463.8
61463.8
61463.8
61352.4
61352.4
61463.8
61352.4
61352.4
61463.8
61352.4
61352.4
61352.4
61352.4
61352.4
61352.4
61352.4
61239.5
61239.5
61239.5
61128.1
61239.5
61352.4
61239.5
61239.5
61128.1
61239.5
61239.5
61239.5
61239.5
61239.5
61128.1
61128.1
61239.5
61239.5
61239.5
61239.5
61128.1
61128.1
61239.5
61016.7
61016.7
61128.1
61016.7
61016.7
61016.7
61128.1
61128.1
61128.1
61128.1
61128.1
61128.1
60903.7
61016.7
60903.7
60903.7
60903.7
61016.7
61016.7
61128.1
60903.7
60903.7
61016.7
60903.7
60903.7
60903.7
60793.9
60903.7
60793.9
60903.7
60793.9
60793.9
60793.9
60903.7
60903.7
60793.9
60793.9
60793.9
60793.9
60793.9
60680.9
60793.9
60793.9
60793.9
60680.9
60793.9
60903.7
60793.9
60793.9
60793.9
60680.9
60680.9
60680.9
60680.9
60680.9
60680.9
60680.9
60680.9
60569.5
60680.9
60569.5
60793.9
60680.9
60680.9
60569.5
60569.5
60569.5
60569.5
60569.5
60680.9
60569.5
60569.5
60569.5
60458.1
60569.5
60569.5
60458.1
60458.1
60569.5
60458.1
60458.1
60458.1
60346.7
60569.5
60458.1
60569.5
60458.1
60346.7
60458.1
60346.7
60458.1
60346.7
60458.1
60346.7
60346.7
60346.7
60458.1
60346.7
60346.7
60346.7
60346.7
60346.7
60233.8
60233.8
60233.8
60346.7
60346.7
60233.8
60346.7
60122.4
60233.8
60233.8
60233.8
60233.8
60122.4
60122.4
60233.8
60233.8
60122.4
60122.4
60122.4
60122.4
60122.4
60122.4
60122.4
60122.4
60122.4
60122.4
60122.4
60122.4
60011.0
60011.0
60011.0
60122.4
60011.0
60122.4
60122.4
60122.4
60011.0
60011.0
60011.0
60122.4
60011.0
60011.0
60011.0
59898.1
59898.1
59898.1
59898.1
59898.1
60011.0
60011.0
59898.1
59898.1
59898.1
59898.1
59898.1
59898.1
59898.1
59788.2
59898.1
59788.2
59788.2
59898.1
59898.1
59788.2
59788.2
59898.1
59898.1
59788.2
59788.2
59675.3
59675.3
59675.3
59788.2
59788.2
59675.3
59788.2
59675.3
59675.3
59675.3
59675.3
59675.3
59788.2
59675.3
59675.3
59675.3
59675.3
59675.3
59675.3
59675.3
59675.3
59450.9
59675.3
59563.9
59675.3
59450.9
59450.9
59563.9
59563.9
59450.9
59450.9
59450.9
59450.9
59450.9
59450.9
59450.9
59563.9
59450.9
59450.9
59450.9
59450.9
59450.9
59450.9
59450.9
59450.9
59339.5
59450.9
59450.9
59450.9
59450.9
59450.9
59450.9
59450.9
59450.9
59450.9
59339.5
59450.9
59339.5
59339.5
59228.1
59339.5
59228.1
59228.1
59228.1
59228.1
59228.1
59228.1
59339.5
59228.1
59228.1
59228.1
59228.1
59115.2
59228.1
59228.1
59228.1
59228.1
59228.1
59228.1
59228.1
59115.2
59115.2
59115.2
59115.2
59115.2
59115.2
59115.2
59115.2
59005.3
59115.2
59115.2
59115.2
59115.2
59115.2
59005.3
59005.3
58892.4
59005.3
59005.3
59115.2
59115.2
59005.3
59005.3
59005.3
59115.2
59005.3
58892.4
59115.2
58892.4
59005.3
59005.3
59005.3
59005.3
59005.3
59005.3
59005.3
59005.3
59005.3
59005.3
59005.3
59005.3
59005.3
59005.3
58892.4
58781.0
58892.4
58781.0
58892.4
58892.4
58781.0
58781.0
58892.4
58781.0
58781.0
58892.4
58781.0
58781.0
58892.4
58781.0
58781.0
58892.4
58781.0
58892.4
58669.6
58781.0
58781.0
58781.0
58669.6
58781.0
58781.0
58781.0
58781.0
58669.6
58781.0
58669.6
58669.6
58669.6
58669.6
58781.0
58669.6
58669.6
58558.2
58669.6
58558.2
58558.2
58669.6
58669.6
58558.2
58558.2
58558.2
58558.2
58558.2
58558.2
58669.6
58669.6
58669.6
58669.6
58669.6
58445.2
58558.2
58558.2
58558.2
58558.2
58445.2
58445.2
58558.2
58445.2
58445.2
58558.2
58445.2
58445.2
58445.2
58332.3
58558.2
58445.2
58445.2
58332.3
58332.3
58445.2
58558.2
58332.3
58332.3
58332.3
58332.3
58332.3
58332.3
58332.3
58332.3
58332.3
58332.3
58332.3
58332.3
58332.3
58332.3
58332.3
58332.3
58332.3
58222.4
58222.4
58332.3
58332.3
58222.4
58222.4
58109.5
58109.5
58222.4
58109.5
58109.5
58109.5
58222.4
58109.5
58222.4
58222.4
58222.4
58222.4
58109.5
58109.5
58109.5
58109.5
58109.5
58109.5
58109.5
58109.5
58109.5
58109.5
58109.5
58109.5
57998.1
57998.1
57998.1
57998.1
57998.1
57998.1
57998.1
57886.7
57886.7
57886.7
57998.1
57998.1
57886.7
57998.1
57998.1
57886.7
57886.7
57886.7
57886.7
57886.7
57998.1
57886.7
57886.7
57886.7
57886.7
57886.7
57775.3
57886.7
57775.3
57886.7
57886.7
57886.7
57886.7
57886.7
57886.7
57775.3
57662.4
57775.3
57886.7
57775.3
57775.3
57775.3
57775.3
57775.3
57662.4
57775.3
57662.4
57662.4
57662.4
57775.3
57775.3
57662.4
57662.4
57662.4
57662.4
57662.4
57662.4
57775.3
57551.0
57662.4
57662.4
57662.4
57551.0
57551.0
57662.4
57439.6
57439.6
57551.0
57551.0
57662.4
57662.4
57551.0
57439.6
57551.0
57551.0
57551.0
57551.0
57551.0
57439.6
57551.0
57439.6
57551.0
57439.6
57439.6
57439.6
57439.6
57439.6
57326.6
57326.6
57326.6
57439.6
57326.6
57326.6
57326.6
57326.6
57326.6
57439.6
57326.6
57326.6
57326.6
57326.6
57216.8
57326.6
57326.6
57216.8
57326.6
57326.6
57326.6
57326.6
57326.6
57326.6
57216.8
57216.8
57326.6
57216.8
57326.6
57216.8
57216.8
57216.8
57216.8
57216.8
57103.8
57103.8
57103.8
56992.4
56992.4
57103.8
56992.4
56992.4
57103.8
57103.8
57103.8
57103.8
56992.4
57103.8
56992.4
56992.4
56992.4
56992.4
56992.4
56992.4
56992.4
57103.8
56992.4
56992.4
57103.8
56992.4
56879.5
56879.5
56992.4
56992.4
56879.5
56992.4
56879.5
56992.4
56879.5
56879.5
56879.5
56879.5
56769.6
56769.6
56769.6
56879.5
56769.6
56879.5
56769.6
56769.6
56769.6
56769.6
56769.6
56769.6
56769.6
56769.6
56769.6
56769.6
56769.6
56769.6
56769.6
56656.7
56769.6
56769.6
56769.6
56656.7
56543.7
56656.7
56656.7
56656.7
56769.6
56656.7
56656.7
56543.7
56656.7
56656.7
56656.7
56543.7
56543.7
56543.7
56543.7
56543.7
56543.7
56543.7
56543.7
56433.9
56543.7
56433.9
56543.7
56543.7
56543.7
56433.9
56543.7
56433.9
56543.7
56543.7
56543.7
56433.9
56320.9
56433.9
56433.9
56543.7
56320.9
56433.9
56433.9
56320.9
56320.9
56320.9
56320.9
56320.9
56320.9
56433.9
56209.6
56320.9
56320.9
56320.9
56320.9
56320.9
56320.9
56433.9
56320.9
56320.9
56320.9
56320.9
56320.9
56209.6
56320.9
56209.6
56098.2
56209.6
56209.6
56209.6
56209.6
56209.6
56209.6
56320.9
56098.2
56098.2
56209.6
56209.6
56320.9
56098.2
56098.2
56098.2
56098.2
56098.2
56209.6
56209.6
56209.6
56098.2
56098.2
56098.2
55986.8
55986.8
56098.2
56098.2
55986.8
55986.8
55873.8
55873.8
55873.8
56098.2
55986.8
55986.8
55986.8
55986.8
55986.8
55873.8
55873.8
55986.8
55986.8
55986.8
55986.8
55986.8
55873.8
55873.8
55873.8
55873.8
55873.8
55986.8
55873.8
55873.8
55873.8
55873.8
55873.8
55873.8
55873.8
55873.8
55873.8
55873.8
55873.8
55873.8
55651.0
55873.8
55873.8
55762.4
55762.4
55873.8
55762.4
55651.0
55651.0
55762.4
55762.4
55762.4
55873.8
55762.4
55651.0
55651.0
55651.0
55651.0
55762.4
55651.0
55651.0
55873.8
55651.0
55651.0
55651.0
55651.0
55651.0
55651.0
55428.2
55651.0
55538.1
55651.0
55651.0
55762.4
55651.0
55651.0
55651.0
55651.0
55428.2
55538.1
55651.0
55651.0
55651.0
55538.1
55651.0
55426.7
55428.2
55651.0
55426.7
55426.7
55428.2
55538.1
55538.1
55426.7
55426.7
55426.7
55426.7
55426.7
55426.7
55426.7
55426.7
55426.7
55426.7
55426.7
55426.7
55426.7
55315.3
55426.7
55426.7
55426.7
55315.3
55315.3
55426.7
55426.7
55315.3
55426.7
55315.3
55203.9
55315.3
55426.7
55315.3
55315.3
55315.3
55203.9
55203.9
55315.3
55315.3
55315.3
55426.7
55315.3
55315.3
55203.9
55203.9
55203.9
55203.9
55203.9
55203.9
55203.9
55203.9
55203.9
55203.9
55203.9
55203.9
54981.1
55090.9
55203.9
55203.9
55203.9
55203.9
55090.9
55090.9
55090.9
55090.9
54981.1
54981.1
54981.1
54981.1
54981.1
54981.1
55090.9
54981.1
55090.9
54981.1
54981.1
54981.1
54981.1
54981.1
54981.1
54981.1
54981.1
54981.1
54981.1
54981.1
54981.1
54868.1
54868.1
54868.1
54981.1
54981.1
54981.1
54868.1
54868.1
54868.1
54868.1
54981.1
54981.1
54868.1
54868.1
54981.1
54981.1
54868.1
54755.2
54868.1
54755.2
54868.1
54755.2
54868.1
54868.1
54755.2
54755.2
54755.2
54755.2
54755.2
54755.2
54868.1
54755.2
54755.2
54755.2
54755.2
54645.3
54755.2
54645.3
54645.3
54645.3
54755.2
54755.2
54755.2
54755.2
54755.2
54645.3
54755.2
54755.2
54532.4
54755.2
54755.2
54645.3
54755.2
54755.2
54755.2
54421.0
54645.3
54645.3
54532.4
54532.4
54645.3
54645.3
54645.3
54532.4
54532.4
54532.4
54532.4
54532.4
54532.4
54421.0
54532.4
54532.4
54532.4
54421.0
54532.4
54421.0
54421.0
54421.0
54421.0
54421.0
54421.0
54421.0
54309.6
54309.6
54309.6
54421.0
54421.0
54421.0
54532.4
54421.0
54421.0
54309.6
54309.6
54309.6
54309.6
54309.6
54309.6
54309.6
54309.6
54309.6
54198.2
54309.6
54309.6
54198.2
54309.6
54309.6
54309.6
54421.0
54198.2
54309.6
54309.6
54198.2
54198.2
54198.2
54309.6
54198.2
54198.2
54309.6
54198.2
54198.2
54198.2
54198.2
54198.2
54198.2
54085.3
54198.2
54085.3
54085.3
54085.3
54085.3
54085.3
54085.3
54085.3
54085.3
54085.3
53972.3
53972.3
54085.3
54085.3
53972.3
53972.3
53972.3
54085.3
53972.3
53972.3
53972.3
53972.3
54085.3
54085.3
54085.3
53972.3
53972.3
53862.5
53862.5
53862.5
53972.3
53972.3
53862.5
53862.5
53749.5
53862.5
53862.5
53749.5
53972.3
54085.3
53862.5
53862.5
53749.5
53862.5
53749.5
53862.5
53749.5
53862.5
53749.5
53749.5
53862.5
53749.5
53749.5
53749.5
53638.1
53638.1
53749.5
53749.5
53749.5
53749.5
53749.5
53638.1
53638.1
53638.1
53638.1
53749.5
53638.1
53638.1
53526.7
53638.1
53749.5
53526.7
53638.1
53526.7
53638.1
53638.1
53526.7
53638.1
53526.7
53526.7
53526.7
53526.7
53526.7
53526.7
53415.3
53415.3
53526.7
53638.1
53526.7
53415.3
53526.7
53415.3
53526.7
53526.7
53526.7
53415.3
53415.3
53415.3
53415.3
53526.7
53415.3
53526.7
53415.3
53415.3
53415.3
53415.3
53415.3
53415.3
53415.3
53302.4
53415.3
53415.3
53415.3
53415.3
53415.3
53302.4
53415.3
53192.5
53302.4
53192.5
53415.3
53415.3
53192.5
53302.4
53415.3
53415.3
53192.5
53192.5
53302.4
53192.5
53192.5
53192.5
53302.4
53192.5
53192.5
53192.5
53079.6
53079.6
53079.6
53079.6
53192.5
53079.6
53192.5
53079.6
53079.6
53192.5
52966.6
53079.6
53079.6
53079.6
53079.6
53079.6
53079.6
52966.6
52966.6
53079.6
53079.6
52966.6
53079.6
52966.6
52856.8
52966.6
52966.6
52966.6
53079.6
52966.6
53079.6
53079.6
52856.8
52856.8
52856.8
52966.6
52966.6
52966.6
52856.8
52856.8
52966.6
52966.6
52856.8
52856.8
52966.6
52966.6
52856.8
52856.8
52856.8
52856.8
52856.8
52856.8
52743.8
52856.8
52743.8
52743.8
52743.8
52743.8
52743.8
52743.8
52856.8
52856.8
52743.8
52743.8
52632.4
52743.8
52743.8
52743.8
52856.8
52632.4
52632.4
52743.8
52632.4
52743.8
52632.4
52743.8
52632.4
52632.4
52743.8
52743.8
52632.4
52632.4
52632.4
52632.4
52632.4
52743.8
52632.4
52519.5
52632.4
52632.4
52632.4
52632.4
52519.5
52632.4
52519.5
52519.5
52519.5
52519.5
52519.5
52519.5
52519.5
52519.5
52519.5
52409.6
52519.5
52519.5
52296.7
52409.6
52519.5
52519.5
52409.6
52409.6
52409.6
52409.6
52296.7
52409.6
52409.6
52296.7
52409.6
52296.7
52409.6
52296.7
52296.7
52409.6
52296.7
52296.7
52296.7
52296.7
52296.7
52296.7
52296.7
52296.7
52409.6
52296.7
52296.7
52296.7
52296.7
52296.7
52296.7
52296.7
52296.7
52296.7
52183.8
52183.8
52183.8
52183.8
52296.7
52296.7
52296.7
52296.7
52296.7
52296.7
52296.7
52296.7
52296.7
52073.9
52296.7
52183.8
52073.9
52073.9
52073.9
51961.0
52073.9
52183.8
52073.9
52073.9
52073.9
52073.9
52073.9
52073.9
52073.9
52073.9
51961.0
51961.0
51961.0
52073.9
52073.9
51961.0
51961.0
51849.6
52183.8
52073.9
51961.0
52073.9
52073.9
52073.9
52073.9
51849.6
52073.9
51961.0
52073.9
51961.0
51961.0
51961.0
51961.0
52073.9
52073.9
51849.6
51961.0
51961.0
51961.0
51961.0
51849.6
51961.0
51961.0
51849.6
51849.6
51849.6
51849.6
51849.6
51849.6
51849.6
51849.6
51849.6
51849.6
51849.6
51849.6
51849.6
51849.6
51849.6
51849.6
51849.6
51738.2
51849.6
51849.6
51738.2
51849.6
51738.2
51738.2
51738.2
51849.6
51849.6
51849.6
51849.6
51626.8
51738.2
51738.2
51626.8
51738.2
51849.6
51626.8
51626.8
51626.8
51626.8
51738.2
51626.8
51738.2
51738.2
51738.2
51626.8
51626.8
51626.8
51738.2
51626.8
51626.8
51626.8
51513.8
51626.8
51626.8
51626.8
51513.8
51626.8
51626.8
51513.8
51626.8
51513.8
51513.8
51513.8
51404.0
51513.8
51404.0
51513.8
51513.8
51626.8
51513.8
51404.0
51626.8
51513.8
51404.0
51404.0
51513.8
51404.0
51404.0
51404.0
51404.0
51404.0
51404.0
51404.0
51291.0
51404.0
51291.0
51404.0
51404.0
51404.0
51291.0
51291.0
51404.0
51404.0
51404.0
51404.0
51404.0
51404.0
51404.0
51291.0
51291.0
51291.0
51178.1
51291.0
51404.0
51404.0
51404.0
51178.1
51178.1
51178.1
51178.1
51291.0
51178.1
51291.0
51178.1
51291.0
51178.1
51178.1
51178.1
51291.0
51178.1
51178.1
51178.1
51178.1
51178.1
51066.7
51178.1
51178.1
51178.1
51178.1
51178.1
51178.1
51066.7
51178.1
51066.7
51066.7
51178.1
51066.7
51066.7
51066.7
51066.7
51066.7
51066.7
51066.7
51066.7
51066.7
50955.3
50955.3
51066.7
50955.3
51066.7
50955.3
50955.3
50955.3
50955.3
50955.3
50843.9
50843.9
50955.3
50843.9
50955.3
50843.9
50955.3
50955.3
50843.9
50843.9
50730.9
50730.9
50955.3
50843.9
50843.9
50730.9
50955.3
50843.9
50843.9
50843.9
50730.9
50955.3
50730.9
50843.9
50730.9
50955.3
50843.9
50730.9
50730.9
50730.9
50730.9
50730.9
50730.9
50843.9
50730.9
50730.9
50730.9
50730.9
50730.9
50730.9
50621.1
50730.9
50621.1
50621.1
50621.1
50621.1
50730.9
50730.9
50730.9
50621.1
50621.1
50621.1
50621.1
50621.1
50621.1
50621.1
50621.1
50621.1
50730.9
50730.9
50621.1
50508.1
50621.1
50621.1
50508.1
50508.1
50621.1
50621.1
50508.1
50621.1
50508.1
50508.1
50621.1
50508.1
50508.1
50508.1
50395.2
50508.1
50621.1
50621.1
50508.1
50395.2
50395.2
50508.1
50395.2
50285.3
50395.2
50395.2
50395.2
50395.2
50508.1
50508.1
50395.2
50395.2
50285.3
50285.3
50285.3
50508.1
50172.4
50285.3
50395.2
50395.2
50172.4
50285.3
50395.2
50285.3
50285.3
50285.3
50395.2
50172.4
50172.4
50285.3
50285.3
50285.3
50285.3
50172.4
50172.4
50172.4
50285.3
50172.4
50172.4
50172.4
50172.4
50172.4
50172.4
50172.4
50172.4
50172.4
50061.0
50172.4
50172.4
50172.4
50061.0
50172.4
50061.0
50172.4
50172.4
50061.0
50061.0
50061.0
50061.0
50061.0
50061.0
50061.0
50061.0
50061.0
50061.0
49949.6
49949.6
50061.0
50061.0
49949.6
49949.6
49949.6
50061.0
50061.0
50061.0
49838.2
49838.2
49838.2
49838.2
49949.6
49838.2
49838.2
49949.6
49838.2
49949.6
49949.6
49949.6
49949.6
49838.2
49838.2
49949.6
49725.3
49838.2
49838.2
49838.2
49838.2
49838.2
49949.6
49949.6
49838.2
49838.2
49838.2
49838.2
49838.2
49838.2
49725.3
49838.2
49725.3
49838.2
49613.9
49613.9
49615.4
49725.3
49725.3
49725.3
49838.2
49613.9
49613.9
49613.9
49613.9
49613.9
49615.4
49725.3
49613.9
49613.9
49613.9
49613.9
49613.9
49613.9
49502.5
49613.9
49613.9
49502.5
49613.9
49502.5
49613.9
49389.5
49502.5
49502.5
49502.5
49389.5
49502.5
49502.5
49613.9
49613.9
49502.5
49502.5
49389.5
49389.5
49389.5
49389.5
49389.5
49389.5
49389.5
49389.5
49389.5
49389.5
49389.5
49389.5
49389.5
49389.5
49278.1
49389.5
49389.5
49389.5
49389.5
49389.5
49389.5
49278.1
49389.5
49278.1
49278.1
49278.1
49278.1
49278.1
49278.1
49166.7
49278.1
49278.1
49278.1
49278.1
49166.7
49166.7
49166.7
49278.1
49278.1
49166.7
49278.1
49166.7
49166.7
49166.7
49278.1
49166.7
49166.7
49166.7
49166.7
49166.7
49166.7
49278.1
49166.7
49055.3
49055.3
49166.7
49166.7
49166.7
49166.7
49166.7
49166.7
49166.7
49166.7
49166.7
49166.7
48942.4
48942.4
49055.3
49055.3
49055.3
49055.3
49055.3
48942.4
49055.3
49055.3
48942.4
49055.3
48942.4
49055.3
49055.3
48942.4
48942.4
48942.4
49055.3
48942.4
48942.4
48942.4
49055.3
48942.4
48942.4
48719.6
48942.4
48832.5
48832.5
48942.4
48942.4
48832.5
48832.5
48832.5
48719.6
48832.5
48719.6
48832.5
48719.6
48832.5
48719.6
48832.5
48832.5
48719.6
48719.6
48719.6
48719.6
48832.5
48719.6
48719.6
48719.6
48719.6
48719.6
48719.6
48719.6
48719.6
48719.6
48719.6
48719.6
48719.6
48719.6
48719.6
48719.6
48719.6
48719.6
48496.8
48719.6
48719.6
48606.6
48719.6
48719.6
48719.6
48719.6
48606.6
48606.6
48496.8
48606.6
48496.8
48496.8
48606.6
48719.6
48719.6
48719.6
48606.6
48496.8
48496.8
48496.8
48496.8
48496.8
48496.8
48496.8
48496.8
48606.6
48496.8
48496.8
48496.8
48496.8
48383.8
48383.8
48383.8
48496.8
48383.8
48383.8
48383.8
48496.8
48496.8
48496.8
48383.8
48496.8
48496.8
48496.8
48383.8
48383.8
48496.8
48383.8
48383.8
48272.4
48383.8
48383.8
48383.8
48383.8
48383.8
48383.8
48383.8
48272.4
48383.8
48383.8
48383.8
48383.8
48383.8
48383.8
48272.4
48272.4
48272.4
48383.8
48272.4
48272.4
48272.4
48272.4
48272.4
48272.4
48272.4
48272.4
48159.5
48272.4
48272.4
48272.4
48272.4
48272.4
48272.4
48272.4
48159.5
48272.4
48272.4
48159.5
48272.4
48272.4
48159.5
48272.4
48272.4
48159.5
48159.5
48272.4
48159.5
48272.4
48159.5
48049.7
48049.7
48049.7
48159.5
48049.7
48159.5
48049.7
48159.5
48159.5
48049.7
48049.7
48049.7
48049.7
47936.7
48049.7
48049.7
48049.7
48049.7
48049.7
48049.7
47936.7
48049.7
48049.7
47936.7
48049.7
48049.7
47936.7
48049.7
47936.7
48049.7
47825.3
47825.3
47936.7
47936.7
48049.7
47936.7
47936.7
47825.3
47825.3
47936.7
47936.7
48049.7
47825.3
47825.3
47825.3
47825.3
47936.7
47825.3
47825.3
47825.3
47825.3
47825.3
47825.3
47825.3
47825.3
47825.3
47825.3
47825.3
47825.3
47825.3
47713.9
47825.3
47825.3
47825.3
47825.3
47825.3
47713.9
47825.3
47713.9
47825.3
47825.3
47713.9
47713.9
47713.9
47713.9
47825.3
47713.9
47825.3
47713.9
47713.9
47825.3
47601.0
47713.9
47713.9
47713.9
47601.0
47601.0
47601.0
47825.3
47601.0
47601.0
47601.0
47601.0
47601.0
47601.0
47601.0
47601.0
47601.0
47601.0
47601.0
47601.0
47601.0
47489.6
47601.0
47601.0
47489.6
47601.0
47489.6
47378.2
47489.6
47601.0
47489.6
47489.6
47489.6
47601.0
47601.0
47489.6
47601.0
47378.2
47489.6
47489.6
47489.6
47601.0
47489.6
47489.6
47378.2
47378.2
47378.2
47378.2
47489.6
47378.2
47378.2
47266.8
47378.2
47378.2
47378.2
47378.2
47378.2
47266.8
47378.2
47378.2
47266.8
47266.8
47266.8
47378.2
47266.8
47266.8
47378.2
47266.8
47266.8
47266.8
47266.8
47266.8
47266.8
47378.2
47266.8
47266.8
47153.8
47266.8
47153.8
47378.2
47266.8
47266.8
47153.8
47266.8
47153.8
47153.8
47266.8
47153.8
47153.8
47153.8
47266.8
47153.8
47153.8
47044.0
47044.0
47153.8
47153.8
47153.8
47044.0
47153.8
47044.0
47044.0
47044.0
47153.8
47044.0
47153.8
47044.0
47044.0
47153.8
47044.0
47044.0
47153.8
47044.0
47044.0
47153.8
47044.0
47153.8
47044.0
47044.0
47044.0
47044.0
46931.0
47044.0
47044.0
47044.0
47044.0
46931.0
46931.0
47044.0
46931.0
46931.0
47044.0
46931.0
46931.0
46931.0
46931.0
46818.1
46931.0
46931.0
46931.0
46818.1
46931.0
46931.0
46931.0
46931.0
46931.0
46818.1
46931.0
46931.0
46818.1
46818.1
46706.7
46818.1
46706.7
46818.1
46706.7
46818.1
46706.7
46818.1
46595.3
46595.3
46595.3
46595.3
46706.7
46595.3
46818.1
46595.3
46595.3
46706.7
46595.3
46595.3
46595.3
46595.3
46595.3
46595.3
46595.3
46595.3
46595.3
46595.3
46595.3
46595.3
46595.3
46595.3
46595.3
46595.3
46595.3
46595.3
46595.3
46483.9
46595.3
46595.3
46483.9
46483.9
46595.3
46595.3
46483.9
46595.3
46595.3
46483.9
46595.3
46483.9
46483.9
46483.9
46483.9
46483.9
46483.9
46370.9
46483.9
46483.9
46370.9
46370.9
46483.9
46370.9
46370.9
46261.1
46370.9
46370.9
46483.9
46483.9
46370.9
46483.9
46483.9
46370.9
46483.9
46483.9
46261.1
46370.9
46370.9
46370.9
46483.9
46370.9
46370.9
46370.9
46370.9
46261.1
46261.1
46148.1
46148.1
46261.1
46370.9
46261.1
46370.9
46370.9
46261.1
46036.8
46261.1
46261.1
46148.1
46261.1
46261.1
46261.1
46261.1
46148.1
46148.1
46036.8
46261.1
46036.8
46036.8
46036.8
46261.1
46148.1
46036.8
46148.1
46148.1
46036.8
46036.8
46036.8
46036.8
46036.8
46148.1
46148.1
46148.1
46148.1
46036.8
46036.8
45925.4
46036.8
46036.8
46036.8
46036.8
46036.8
46036.8
45925.4
46036.8
45925.4
46036.8
45925.4
46036.8
46036.8
46036.8
46036.8
46036.8
45925.4
45925.4
45925.4
45812.4
45925.4
45812.4
45812.4
45925.4
45812.4
45925.4
45925.4
45925.4
45812.4
45925.4
45925.4
45925.4
45812.4
45812.4
45812.4
45701.0
45812.4
45812.4
45812.4
45925.4
45812.4
45701.0
45812.4
45812.4
45812.4
45812.4
45701.0
45701.0
45701.0
45589.6
45701.0
45701.0
45812.4
45701.0
45701.0
45589.6
45589.6
45701.0
45589.6
45701.0
45701.0
45701.0
45589.6
45589.6
45701.0
45701.0
45701.0
45701.0
45701.0
45701.0
45589.6
45589.6
45589.6
45589.6
45589.6
45589.6
45589.6
45478.2
45478.2
45589.6
45589.6
45589.6
45589.6
45589.6
45589.6
45589.6
45589.6
45589.6
45589.6
45365.3
45478.2
45478.2
45365.3
45478.2
45478.2
45478.2
45478.2
45478.2
45365.3
45478.2
45365.3
45589.6
45478.2
45478.2
45365.3
45478.2
45478.2
45365.3
45365.3
45365.3
45478.2
45478.2
45365.3
45365.3
45365.3
45365.3
45253.9
45365.3
45365.3
45253.9
45365.3
45365.3
45365.3
45253.9
45365.3
45253.9
45365.3
45365.3
45253.9
45253.9
45253.9
45253.9
45253.9
45253.9
45253.9
45253.9
45365.3
45253.9
45142.5
45253.9
45253.9
45142.5
45142.5
45142.5
45142.5
45253.9
45253.9
45142.5
45142.5
45253.9
45142.5
45142.5
45142.5
45142.5
45142.5
45142.5
45142.5
45142.5
45142.5
45142.5
45142.5
45142.5
45142.5
45142.5
45142.5
45142.5
45029.5
45142.5
45029.5
45142.5
45142.5
45142.5
45142.5
45142.5
45142.5
45142.5
45142.5
45142.5
45029.5
45142.5
45029.5
45142.5
45142.5
45142.5
45142.5
45029.5
45029.5
45029.5
45142.5
45142.5
45029.5
45142.5
45142.5
45029.5
44918.1
44918.1
44918.1
44918.1
45142.5
45029.5
44918.1
44806.7
44918.1
44918.1
44918.1
44918.1
45029.5
44918.1
44918.1
44918.1
44918.1
45029.5
44918.1
44918.1
44918.1
44918.1
44918.1
44918.1
44806.7
44806.7
44918.1
44918.1
44806.7
44806.7
44806.7
44806.7
44918.1
44918.1
44806.7
44806.7
44806.7
44806.7
44918.1
44806.7
44806.7
44918.1
44918.1
44806.7
44695.3
44918.1
44806.7
44806.7
44806.7
44695.3
44806.7
44806.7
44806.7
44806.7
44806.7
44806.7
44695.3
44806.7
44806.7
44695.3
44695.3
44695.3
44695.3
44695.3
44695.3
44695.3
44582.4
44695.3
44695.3
44695.3
44695.3
44582.4
44695.3
44695.3
44582.4
44695.3
44695.3
44582.4
44695.3
44582.4
44582.4
44695.3
44472.5
44582.4
44472.5
44472.5
44472.5
44472.5
44472.5
44582.4
44472.5
44472.5
44472.5
44582.4
44472.5
44472.5
44472.5
44472.5
44472.5
44472.5
44472.5
44472.5
44359.6
44359.6
44472.5
44472.5
44472.5
44472.5
44359.6
44472.5
44359.6
44359.6
44359.6
44472.5
44359.6
44472.5
44359.6
44359.6
44248.2
44472.5
44359.6
44359.6
44248.2
44248.2
44248.2
44359.6
44248.2
44248.2
44248.2
44472.5
44359.6
44248.2
44248.2
44359.6
44248.2
44248.2
44248.2
44359.6
44248.2
44248.2
44248.2
44248.2
44248.2
44248.2
44248.2
44248.2
44248.2
44248.2
44248.2
44248.2
44248.2
44136.8
44248.2
44248.2
44248.2
44248.2
44248.2
44248.2
44248.2
44136.8
44023.9
44248.2
44136.8
44248.2
44248.2
44136.8
44136.8
44136.8
44136.8
44136.8
44136.8
44136.8
44023.9
44136.8
44136.8
44136.8
44136.8
44023.9
43912.5
44023.9
44023.9
44023.9
44023.9
44023.9
44023.9
44023.9
44023.9
44023.9
44023.9
44023.9
44023.9
44023.9
43912.5
43912.5
44023.9
44023.9
44023.9
43912.5
44023.9
44023.9
43799.5
43799.5
43799.5
43912.5
44023.9
44023.9
44023.9
43799.5
43912.5
44023.9
43912.5
43912.5
43912.5
43799.5
43799.5
43912.5
43799.5
43912.5
43912.5
43912.5
43799.5
43799.5
43912.5
43799.5
43799.5
43799.5
43799.5
43799.5
43689.7
43799.5
43799.5
43799.5
43689.7
43799.5
43689.7
43799.5
43689.7
43799.5
43689.7
43799.5
43799.5
43689.7
43799.5
43689.7
43689.7
43689.7
43799.5
43576.7
43689.7
43799.5
43689.7
43689.7
43576.7
43689.7
43576.7
43576.7
43576.7
43689.7
43689.7
43689.7
43576.7
43576.7
43576.7
43576.7
43689.7
43689.7
43576.7
43576.7
43576.7
43576.7
43689.7
43689.7
43465.3
43576.7
43576.7
43465.3
43576.7
43576.7
43465.3
43576.7
43576.7
43465.3
43576.7
43576.7
43465.3
43465.3
43576.7
43465.3
43465.3
43465.3
43576.7
43576.7
43465.3
43465.3
43353.9
43353.9
43465.3
43465.3
43465.3
43465.3
43353.9
43465.3
43465.3
43465.3
43465.3
43465.3
43353.9
43353.9
43353.9
43465.3
43241.0
43353.9
43353.9
43353.9
43353.9
43353.9
43353.9
43465.3
43241.0
43353.9
43353.9
43241.0
43353.9
43353.9
43241.0
43353.9
43241.0
43129.6
43241.0
43353.9
43241.0
43241.0
43241.0
43129.6
43241.0
43241.0
43241.0
43241.0
43241.0
43241.0
43129.6
43241.0
43129.6
43241.0
43241.0
43241.0
43129.6
43129.6
43129.6
43018.2
43129.6
43018.2
43018.2
43018.2
43129.6
43018.2
43018.2
43129.6
43129.6
43129.6
43018.2
43018.2
43018.2
43129.6
43018.2
43018.2
43018.2
43018.2
43018.2
43018.2
43018.2
43018.2
43018.2
43018.2
43018.2
43018.2
43018.2
43018.2
43018.2
43018.2
42906.8
43018.2
43018.2
43018.2
42906.8
43018.2
42906.8
42906.8
42906.8
42793.8
43018.2
42906.8
43018.2
42906.8
42906.8
43018.2
42906.8
42906.8
42906.8
42906.8
42793.8
42906.8
42684.0
42906.8
42906.8
42906.8
42684.0
42793.8
42906.8
42906.8
42684.0
42793.8
42793.8
42793.8
42684.0
42793.8
42793.8
42906.8
42793.8
42793.8
42793.8
42793.8
42684.0
42793.8
42906.8
42793.8
42793.8
42684.0
42684.0
42684.0
42793.8
42793.8
42684.0
42684.0
42684.0
42684.0
42684.0
42684.0
42684.0
42571.0
42684.0
42571.0
42684.0
42684.0
42571.0
42571.0
42571.0
42459.6
42459.6
42571.0
42459.6
42684.0
42684.0
42571.0
42459.6
42459.6
42459.6
42459.6
42459.6
42571.0
42459.6
42571.0
42459.6
42459.6
42459.6
42459.6
42459.6
42571.0
42459.6
42459.6
42459.6
42459.6
42346.7
42459.6
42459.6
42459.6
42346.7
42459.6
42346.7
42459.6
42346.7
42235.3
42459.6
42459.6
42346.7
42459.6
42346.7
42346.7
42459.6
42235.3
42346.7
42459.6
42459.6
42346.7
42346.7
42235.3
42235.3
42235.3
42235.3
42235.3
42235.3
42235.3
42235.3
42235.3
42346.7
42235.3
42235.3
42123.9
42235.3
42235.3
42123.9
42235.3
42123.9
42235.3
42123.9
42123.9
42235.3
42235.3
42123.9
42123.9
42235.3
42123.9
42123.9
42123.9
42123.9
42123.9
42123.9
42011.0
42123.9
42011.0
42235.3
42011.0
42011.0
42235.3
42011.0
42123.9
42011.0
42123.9
42123.9
42123.9
42011.0
42011.0
42011.0
42011.0
42123.9
42123.9
42011.0
42011.0
42011.0
42011.0
42011.0
42011.0
42123.9
42011.0
42011.0
41901.1
42011.0
42011.0
42011.0
42011.0
42011.0
41901.1
41901.1
41901.1
42011.0
41901.1
41901.1
41901.1
41901.1
41901.1
41901.1
41901.1
41901.1
41901.1
41901.1
42011.0
41901.1
41788.2
41901.1
41788.2
41901.1
41901.1
41901.1
41901.1
41901.1
41676.8
41788.2
41788.2
41901.1
41901.1
41901.1
41788.2
41788.2
41788.2
41901.1
41788.2
41676.8
41788.2
41788.2
41788.2
41788.2
41788.2
41901.1
41676.8
41788.2
41676.8
41676.8
41676.8
41788.2
41676.8
41676.8
41788.2
41676.8
41565.4
41565.4
41676.8
41676.8
41565.4
41676.8
41676.8
41565.4
41565.4
41565.4
41565.4
41565.4
41676.8
41676.8
41565.4
41565.4
41565.4
41565.4
41565.4
41565.4
41676.8
41565.4
41565.4
41565.4
41565.4
41565.4
41565.4
41565.4
41565.4
41565.4
41565.4
41565.4
41565.4
41565.4
41565.4
41565.4
41565.4
41565.4
41565.4
41565.4
41565.4
41565.4
41565.4
41565.4
41565.4
41565.4
41565.4
41565.4
41565.4
41452.4
41565.4
41565.4
41565.4
41452.4
41452.4
41452.4
41565.4
41452.4
41452.4
41452.4
41452.4
41565.4
41565.4
41565.4
41341.0
41341.0
41341.0
41452.4
41452.4
41452.4
41452.4
41452.4
41452.4
41452.4
41452.4
41452.4
41452.4
41341.0
41341.0
41341.0
41341.0
41341.0
41341.0
41341.0
41341.0
41341.0
41341.0
41341.0
41452.4
41341.0
41341.0
41341.0
41452.4
41341.0
41341.0
41118.2
41341.0
41341.0
41341.0
41341.0
41341.0
41229.6
41341.0
41118.2
41229.6
41341.0
41229.6
41229.6
41341.0
41341.0
41341.0
41229.6
41341.0
41118.2
41229.6
41341.0
41341.0
41229.6
41229.6
41341.0
41118.2
41229.6
41118.2
41118.2
41118.2
41118.2
41118.2
41118.2
41005.3
41118.2
41118.2
41118.2
41118.2
41118.2
41118.2
41118.2
41118.2
41118.2
41118.2
41005.3
41005.3
41118.2
41118.2
41118.2
41118.2
41118.2
41118.2
41005.3
41118.2
41118.2
41005.3
41005.3
41118.2
41005.3
41005.3
41118.2
41005.3
41005.3
41118.2
40893.9
41005.3
41005.3
41005.3
40893.9
41005.3
40893.9
40893.9
40893.9
40893.9
41005.3
40893.9
40893.9
41005.3
40893.9
40893.9
40893.9
41005.3
40893.9
40893.9
40893.9
41005.3
40893.9
40893.9
40893.9
41005.3
40893.9
40893.9
40893.9
40782.5
40671.1
40893.9
40782.5
40782.5
40893.9
40782.5
40782.5
40893.9
40893.9
40782.5
40782.5
40671.1
40782.5
40782.5
40782.5
40782.5
40782.5
40782.5
40671.1
40671.1
40671.1
40782.5
40782.5
40782.5
40893.9
40893.9
40782.5
40671.1
40671.1
40671.1
40671.1
40782.5
40671.1
40671.1
40671.1
40558.1
40671.1
40671.1
40558.1
40671.1
40671.1
40671.1
40782.5
40671.1
40671.1
40671.1
40671.1
40671.1
40671.1
40558.1
40671.1
40558.1
40671.1
40558.1
40558.1
40671.1
40671.1
40671.1
40558.1
40446.7
40558.1
40446.7
40446.7
40446.7
40446.7
40558.1
40558.1
40671.1
40446.7
40558.1
40446.7
40558.1
40446.7
40446.7
40446.7
40446.7
40446.7
40446.7
40446.7
40446.7
40446.7
40446.7
40446.7
40558.1
40558.1
40446.7
40446.7
40446.7
40446.7
40446.7
40446.7
40446.7
40335.3
40446.7
40446.7
40446.7
40446.7
40335.3
40446.7
40446.7
40446.7
40446.7
40222.4
40446.7
40446.7
40446.7
40335.3
40335.3
40335.3
40335.3
40222.4
40335.3
40335.3
40335.3
40222.4
40335.3
40335.3
40222.4
40222.4
40222.4
40222.4
40335.3
40222.4
40112.5
40222.4
40222.4
40222.4
40335.3
40222.4
40222.4
40222.4
40222.4
40222.4
40222.4
40222.4
40222.4
40112.5
40222.4
40222.4
39999.6
39999.6
40112.5
39999.6
40112.5
40112.5
39999.6
40222.4
40112.5
40222.4
40222.4
39999.6
40112.5
40112.5
40112.5
39999.6
40112.5
39999.6
39999.6
40112.5
40112.5
39888.2
39999.6
40112.5
39999.6
39999.6
39999.6
39999.6
39999.6
39999.6
39999.6
39999.6
39999.6
39999.6
39999.6
39999.6
40112.5
39999.6
39999.6
39999.6
39888.2
39888.2
39999.6
39999.6
39999.6
39999.6
39999.6
39999.6
39888.2
39888.2
39888.2
39888.2
39888.2
39888.2
39776.8
39776.8
39888.2
39776.8
39776.8
39888.2
39888.2
39888.2
39999.6
39888.2
39888.2
39888.2
39888.2
39888.2
39888.2
39776.8
39888.2
39776.8
39888.2
39776.8
39776.8
39663.9
39776.8
39776.8
39776.8
39888.2
39888.2
39776.8
39776.8
39776.8
39776.8
39776.8
39663.9
39663.9
39776.8
39776.8
39776.8
39776.8
39663.9
39663.9
39552.5
39663.9
39776.8
39776.8
39663.9
39776.8
39663.9
39663.9
39776.8
39663.9
39663.9
39776.8
39663.9
39663.9
39663.9
39663.9
39776.8
39663.9
39552.5
39663.9
39663.9
39663.9
39552.5
39552.5
39663.9
39663.9
39439.5
39439.5
39552.5
39552.5
39663.9
39439.5
39439.5
39552.5
39552.5
39663.9
39663.9
39439.5
39439.5
39552.5
39552.5
39439.5
39439.5
39439.5
39439.5
39439.5
39439.5
39439.5
39439.5
39329.7
39329.7
39329.7
39439.5
39439.5
39439.5
39439.5
39439.5
39439.5
39439.5
39439.5
39439.5
39439.5
39439.5
39439.5
39439.5
39329.7
39329.7
39439.5
39329.7
39329.7
39439.5
39439.5
39439.5
39216.7
39329.7
39329.7
39329.7
39216.7
39329.7
39329.7
39439.5
39329.7
39329.7
39329.7
39329.7
39329.7
39329.7
39329.7
39329.7
39216.7
39216.7
39216.7
39105.3
39216.7
39439.5
39329.7
39329.7
39216.7
39216.7
39216.7
39329.7
39105.3
39216.7
39105.3
39329.7
39105.3
39105.3
39105.3
39105.3
38993.9
39105.3
39105.3
39105.3
39105.3
39105.3
39105.3
38993.9
39105.3
39105.3
39105.3
39105.3
39105.3
39105.3
38993.9
38882.5
38882.5
39105.3
39105.3
39105.3
39105.3
39105.3
38993.9
39105.3
39105.3
39105.3
39105.3
39105.3
38882.5
38993.9
39105.3
38993.9
38993.9
39105.3
38993.9
38882.5
38993.9
38993.9
38882.5
38882.5
38993.9
38993.9
38882.5
38993.9
38882.5
38882.5
38882.5
38882.5
38882.5
38882.5
38882.5
38882.5
38882.5
38993.9
38882.5
38882.5
38769.6
38882.5
38882.5
38882.5
38769.6
38769.6
38882.5
38769.6
38769.6
38882.5
38882.5
38769.6
38769.6
38769.6
38882.5
38882.5
38769.6
38882.5
38769.6
38769.6
38769.6
38769.6
38769.6
38769.6
38546.8
38658.2
38658.2
38769.6
38769.6
38658.2
38658.2
38658.2
38658.2
38658.2
38658.2
38658.2
38658.2
38658.2
38546.8
38658.2
38658.2
38658.2
38658.2
38546.8
38658.2
38658.2
38658.2
38658.2
38658.2
38658.2
38546.8
38658.2
38546.8
38546.8
38546.8
38433.8
38546.8
38546.8
38433.8
38433.8
38546.8
38546.8
38546.8
38546.8
38546.8
38546.8
38546.8
38546.8
38433.8
38433.8
38546.8
38546.8
38433.8
38433.8
38433.8
38546.8
38433.8
38546.8
38433.8
38433.8
38433.8
38433.8
38324.0
38433.8
38433.8
38433.8
38324.0
38433.8
38546.8
38433.8
38324.0
38433.8
38324.0
38433.8
38433.8
38433.8
38433.8
38433.8
38324.0
38324.0
38324.0
38324.0
38211.0
38324.0
38324.0
38433.8
38324.0
38324.0
38433.8
38211.0
38211.0
38324.0
38211.0
38433.8
38324.0
38324.0
38211.0
38324.0
38211.0
38211.0
38324.0
38324.0
38324.0
38211.0
38211.0
38211.0
38211.0
38324.0
38211.0
38324.0
38211.0
38211.0
38211.0
38324.0
38211.0
38211.0
38211.0
38211.0
38099.6
38211.0
38211.0
38099.6
38099.6
38211.0
38211.0
38211.0
38099.6
38099.6
38099.6
38099.6
38099.6
38099.6
37986.7
38099.6
37986.7
37986.7
38099.6
37986.7
38099.6
38099.6
37986.7
38099.6
38099.6
37986.7
37986.7
37986.7
37986.7
37986.7
37986.7
37986.7
37986.7
37986.7
37986.7
37986.7
37986.7
37986.7
37986.7
37875.3
37986.7
37986.7
37986.7
37986.7
37875.3
37986.7
37986.7
37986.7
37986.7
37875.3
37986.7
37986.7
37986.7
37986.7
37986.7
37875.3
37986.7
37986.7
37986.7
37986.7
37986.7
37875.3
37875.3
37986.7
37986.7
37986.7
37986.7
37763.9
37763.9
37875.3
37875.3
37986.7
37763.9
37875.3
37875.3
37875.3
37875.3
37875.3
37875.3
37763.9
37875.3
37875.3
37875.3
37875.3
37763.9
37763.9
37763.9
37875.3
37875.3
37763.9
37763.9
37763.9
37763.9
37875.3
37763.9
37763.9
37651.0
37763.9
37763.9
37763.9
37763.9
37763.9
37875.3
37763.9
37763.9
37651.0
37763.9
37763.9
37651.0
37763.9
37651.0
37763.9
37651.0
37651.0
37763.9
37651.0
37651.0
37763.9
37651.0
37651.0
37651.0
37651.0
37651.0
37651.0
37651.0
37651.0
37541.1
37541.1
37651.0
37541.1
37651.0
37541.1
37541.1
37541.1
37651.0
37541.1
37541.1
37541.1
37651.0
37651.0
37541.1
37541.1
37541.1
37541.1
37541.1
37651.0
37541.1
37541.1
37541.1
37651.0
37541.1
37541.1
37541.1
37541.1
37541.1
37541.1
37541.1
37541.1
37541.1
37428.2
37541.1
37541.1
37541.1
37651.0
37541.1
37541.1
37541.1
37541.1
37541.1
37541.1
37541.1
37541.1
37428.2
37541.1
37541.1
37541.1
37428.2
37541.1
37316.8
37316.8
37428.2
37541.1
37541.1
37541.1
37428.2
37316.8
37316.8
37316.8
37316.8
37428.2
37316.8
37541.1
37316.8
37541.1
37428.2
37205.4
37316.8
37428.2
37428.2
37316.8
37205.4
37316.8
37316.8
37428.2
37316.8
37316.8
37316.8
37316.8
37316.8
37316.8
37316.8
37316.8
37316.8
37316.8
37316.8
37316.8
37205.4
37316.8
37316.8
37316.8
37205.4
37316.8
37205.4
37094.0
37205.4
37205.4
37205.4
37205.4
37205.4
37205.4
37205.4
37094.0
37205.4
37205.4
37316.8
37316.8
37205.4
37316.8
37094.0
37094.0
37205.4
37094.0
37094.0
37094.0
37205.4
37094.0
37094.0
37205.4
37205.4
37094.0
37094.0
37094.0
37094.0
37094.0
36981.0
37094.0
37094.0
36981.0
37094.0
36981.0
36981.0
37094.0
37094.0
37094.0
37094.0
36981.0
37205.4
37094.0
37094.0
37094.0
36981.0
36981.0
37094.0
36981.0
36981.0
37094.0
36869.6
36981.0
36981.0
37094.0
36981.0
36981.0
37094.0
36869.6
36869.6
36981.0
36869.6
36981.0
36869.6
36981.0
36981.0
36981.0
36869.6
36869.6
36869.6
36981.0
36869.6
36981.0
36869.6
36981.0
36869.6
36981.0
36869.6
36869.6
36758.2
36869.6
36869.6
36869.6
36869.6
36869.6
36869.6
36981.0
36869.6
36869.6
36758.2
36869.6
36758.2
36758.2
36758.2
36758.2
36645.3
36869.6
36758.2
36869.6
36758.2
36869.6
36758.2
36758.2
36645.3
36758.2
36758.2
36869.6
36869.6
36869.6
36758.2
36869.6
36758.2
36645.3
36645.3
36758.2
36758.2
36758.2
36645.3
36758.2
36645.3
36758.2
36645.3
36645.3
36645.3
36645.3
36645.3
36758.2
36645.3
36645.3
36645.3
36758.2
36645.3
36758.2
36645.3
36645.3
36758.2
36645.3
36533.9
36645.3
36645.3
36645.3
36645.3
36645.3
36533.9
36645.3
36645.3
36645.3
36645.3
36645.3
36533.9
36645.3
36645.3
36422.5
36533.9
36533.9
36422.5
36533.9
36422.5
36533.9
36533.9
36645.3
36422.5
36533.9
36422.5
36422.5
36422.5
36422.5
36422.5
36422.5
36422.5
36422.5
36422.5
36422.5
36533.9
36533.9
36533.9
36533.9
36422.5
36422.5
36422.5
36422.5
36533.9
36422.5
36422.5
36533.9
36422.5
36422.5
36422.5
36422.5
36422.5
36422.5
36422.5
36311.1
36311.1
36422.5
36311.1
36311.1
36422.5
36422.5
36422.5
36311.1
36422.5
36311.1
36311.1
36311.1
36422.5
36422.5
36422.5
36311.1
36311.1
36311.1
36311.1
36311.1
36311.1
36422.5
36311.1
36311.1
36422.5
36422.5
36311.1
36311.1
36311.1
36311.1
36198.1
36422.5
36198.1
36198.1
36198.1
36311.1
36198.1
36198.1
36311.1
36198.1
36311.1
36198.1
36198.1
36198.1
36198.1
36198.1
36086.7
36198.1
36198.1
36198.1
36086.7
36198.1
35975.4
36086.7
36198.1
36086.7
36086.7
36198.1
36086.7
36086.7
36198.1
36198.1
36198.1
36086.7
36198.1
36086.7
36086.7
36086.7
36086.7
36086.7
36086.7
36086.7
36086.7
35975.4
35975.4
35975.4
35975.4
36086.7
35975.4
35975.4
35862.4
36086.7
36086.7
36086.7
35975.4
35862.4
35862.4
35862.4
35975.4
35975.4
35975.4
35862.4
35862.4
35862.4
35862.4
35975.4
35862.4
35862.4
35975.4
35975.4
35862.4
36086.7
35862.4
35862.4
35862.4
35975.4
35862.4
35862.4
35862.4
35752.6
35862.4
35862.4
35862.4
35862.4
35862.4
35752.6
35862.4
35862.4
35752.6
35862.4
35862.4
35862.4
35752.6
35862.4
35752.6
35752.6
35862.4
35752.6
35752.6
35752.6
35862.4
35752.6
35752.6
35752.6
35752.6
35862.4
35752.6
35862.4
35752.6
35752.6
35752.6
35862.4
35639.6
35752.6
35752.6
35752.6
35752.6
35752.6
35639.6
35639.6
35752.6
35752.6
35639.6
35639.6
35752.6
35528.2
35752.6
35639.6
35752.6
35752.6
35528.2
35639.6
35639.6
35639.6
35528.2
35639.6
35639.6
35528.2
35528.2
35528.2
35528.2
35639.6
35528.2
35639.6
35528.2
35639.6
35528.2
35528.2
35528.2
35639.6
35416.8
35528.2
35416.8
35528.2
35639.6
35528.2
35416.8
35528.2
35528.2
35528.2
35528.2
35528.2
35528.2
35528.2
35528.2
35305.4
35416.8
35528.2
35416.8
35528.2
35528.2
35528.2
35528.2
35416.8
35416.8
35305.4
35305.4
35416.8
35305.4
35528.2
35305.4
35528.2
35305.4
35528.2
35305.4
35528.2
35305.4
35305.4
35305.4
35416.8
35416.8
35528.2
35416.8
35416.8
35416.8
35305.4
35305.4
35416.8
35305.4
35305.4
35305.4
35416.8
35305.4
35305.4
35305.4
35305.4
35305.4
35305.4
35305.4
35305.4
35305.4
35305.4
35305.4
35305.4
35305.4
35305.4
35305.4
35305.4
35305.4
35305.4
35192.5
35305.4
35305.4
35192.5
35192.5
35305.4
35192.5
35305.4
35305.4
35079.5
35192.5
35305.4
35305.4
35192.5
35192.5
35079.5
35079.5
35192.5
35079.5
35305.4
35079.5
35192.5
35079.5
35192.5
35079.5
35079.5
35079.5
35079.5
35079.5
35079.5
35079.5
35079.5
35079.5
35079.5
35079.5
34969.7
34969.7
35079.5
34856.7
35079.5
34969.7
35079.5
34969.7
34969.7
35079.5
34969.7
34969.7
35079.5
34969.7
35079.5
34969.7
35079.5
35079.5
34969.7
34969.7
34969.7
35079.5
34969.7
34969.7
35079.5
34856.7
34856.7
34969.7
34969.7
34969.7
35079.5
34969.7
35079.5
34856.7
34969.7
34969.7
34856.7
34969.7
34856.7
34856.7
34969.7
34856.7
34856.7
34856.7
34969.7
34969.7
34856.7
34745.3
34856.7
34856.7
34856.7
34856.7
34969.7
34856.7
34856.7
34745.3
34856.7
34856.7
34856.7
34745.3
34745.3
34633.9
34856.7
34856.7
34856.7
34745.3
34856.7
34856.7
34856.7
34745.3
34745.3
34745.3
34856.7
34745.3
34745.3
34745.3
34745.3
34856.7
34745.3
34745.3
34633.9
34745.3
34745.3
34745.3
34745.3
34633.9
34633.9
34633.9
34745.3
34745.3
34745.3
34745.3
34633.9
34633.9
34633.9
34633.9
34633.9
34522.5
34633.9
34633.9
34633.9
34522.5
34633.9
34633.9
34633.9
34633.9
34633.9
34633.9
34633.9
34745.3
34633.9
34633.9
34633.9
34633.9
34633.9
34633.9
34633.9
34633.9
34522.5
34522.5
34633.9
34522.5
34522.5
34633.9
34522.5
34409.6
34522.5
34409.6
34409.6
34522.5
34522.5
34409.6
34522.5
34409.6
34522.5
34409.6
34409.6
34409.6
34409.6
34409.6
34409.6
34409.6
34409.6
34409.6
34409.6
34409.6
34409.6
34409.6
34409.6
34409.6
34409.6
34409.6
34409.6
34409.6
34409.6
34409.6
34409.6
34409.6
34409.6
34409.6
34409.6
34409.6
34409.6
34409.6
34409.6
34409.6
34409.6
34298.2
34409.6
34409.6
34409.6
34409.6
34409.6
34409.6
34409.6
34186.8
34186.8
34186.8
34298.2
34298.2
34298.2
34298.2
34186.8
34298.2
34409.6
34298.2
34298.2
34298.2
34186.8
34298.2
34298.2
34298.2
34186.8
34186.8
34186.8
34298.2
34186.8
34186.8
34298.2
34186.8
34186.8
34298.2
34186.8
34186.8
34186.8
34186.8
34186.8
34186.8
34186.8
34186.8
34186.8
34186.8
34186.8
34186.8
34186.8
34186.8
34186.8
34186.8
34186.8
34186.8
34186.8
34186.8
34186.8
34186.8
34186.8
34186.8
34073.8
34073.8
33964.0
34073.8
34073.8
34073.8
34186.8
34073.8
34186.8
34073.8
34186.8
34073.8
34186.8
34073.8
34073.8
34186.8
34073.8
34073.8
34186.8
34186.8
34073.8
34073.8
34073.8
34073.8
33964.0
34073.8
34186.8
34073.8
34073.8
33964.0
33964.0
33964.0
33964.0
33964.0
33964.0
33964.0
33964.0
33964.0
33964.0
33964.0
34073.8
33964.0
34073.8
33964.0
33964.0
33964.0
33964.0
33964.0
34073.8
33964.0
33964.0
33964.0
33964.0
33964.0
33964.0
33964.0
33964.0
33851.1
33964.0
33964.0
33964.0
33964.0
33964.0
33964.0
33964.0
33964.0
33964.0
33851.1
33851.1
33739.7
33964.0
33964.0
33964.0
33851.1
33964.0
33964.0
33964.0
33964.0
33964.0
33964.0
33851.1
33964.0
33964.0
33739.7
33851.1
33964.0
33851.1
33739.7
33851.1
33851.1
33851.1
33739.7
33739.7
33739.7
33851.1
33851.1
33851.1
33739.7
33739.7
33739.7
33739.7
33851.1
33739.7
33739.7
33739.7
33739.7
33739.7
33739.7
33739.7
33739.7
33851.1
33739.7
33739.7
33739.7
33739.7
33739.7
33739.7
33626.7
33739.7
33739.7
33626.7
33739.7
33739.7
33739.7
33739.7
33626.7
33739.7
33626.7
33739.7
33739.7
33739.7
33739.7
33739.7
33626.7
33739.7
33739.7
33626.7
33626.7
33739.7
33626.7
33739.7
33516.9
33739.7
33626.7
33516.9
33516.9
33516.9
33516.9
33626.7
33516.9
33626.7
33516.9
33516.9
33626.7
33626.7
33516.9
33516.9
33516.9
33626.7
33516.9
33516.9
33516.9
33516.9
33516.9
33626.7
33516.9
33516.9
33516.9
33516.9
33516.9
33403.9
33403.9
33516.9
33516.9
33403.9
33516.9
33516.9
33516.9
33516.9
33516.9
33516.9
33516.9
33291.0
33403.9
33516.9
33291.0
33516.9
33403.9
33403.9
33403.9
33516.9
33403.9
33516.9
33403.9
33403.9
33403.9
33403.9
33403.9
33291.0
33291.0
33403.9
33403.9
33516.9
33291.0
33516.9
33403.9
33516.9
33516.9
33403.9
33403.9
33403.9
33291.0
33291.0
33291.0
33291.0
33291.0
33291.0
33291.0
33181.1
33291.0
33403.9
33291.0
33291.0
33291.0
33403.9
33291.0
33291.0
33181.1
33291.0
33291.0
33291.0
33291.0
33291.0
33291.0
33291.0
33291.0
33181.1
33291.0
33181.1
33181.1
33291.0
33068.2
33291.0
33181.1
33291.0
33181.1
33291.0
33291.0
33291.0
33291.0
33181.1
33181.1
33181.1
33181.1
33181.1
33181.1
33181.1
33181.1
33068.2
33068.2
33291.0
33181.1
33181.1
33068.2
33181.1
33068.2
33181.1
33068.2
33181.1
33068.2
33181.1
33068.2
33068.2
32956.8
33181.1
33068.2
33068.2
33068.2
33181.1
32956.8
33068.2
33068.2
33068.2
33068.2
32956.8
33068.2
33068.2
33068.2
32956.8
32956.8
33068.2
33068.2
33068.2
33068.2
33068.2
33068.2
33068.2
32956.8
32956.8
32956.8
32956.8
32845.4
32956.8
32956.8
33068.2
33068.2
32845.4
32845.4
32956.8
32956.8
32845.4
32845.4
32845.4
33068.2
32845.4
32956.8
32845.4
32956.8
32845.4
32956.8
32956.8
32956.8
32845.4
32956.8
32956.8
32845.4
32845.4
32845.4
32845.4
32845.4
32734.0
32845.4
32845.4
32845.4
32845.4
32845.4
32845.4
32845.4
32845.4
32845.4
32845.4
32734.0
32845.4
32845.4
32845.4
32734.0
32845.4
32734.0
32734.0
32845.4
32845.4
32734.0
32734.0
32734.0
32734.0
32845.4
32734.0
32845.4
32734.0
32621.0
32734.0
32734.0
32845.4
32734.0
32734.0
32734.0
32845.4
32734.0
32845.4
32621.0
32734.0
32734.0
32621.0
32734.0
32845.4
32621.0
32734.0
32734.0
32734.0
32621.0
32734.0
32621.0
32734.0
32621.0
32621.0
32734.0
32621.0
32621.0
32621.0
32621.0
32734.0
32621.0
32621.0
32621.0
32621.0
32621.0
32511.2
32511.2
32621.0
32621.0
32734.0
32621.0
32621.0
32621.0
32621.0
32511.2
32621.0
32398.2
32511.2
32511.2
32621.0
32511.2
32511.2
32511.2
32511.2
32511.2
32511.2
32621.0
32511.2
32398.2
32398.2
32511.2
32511.2
32398.2
32511.2
32511.2
32511.2
32285.3
32511.2
32285.3
32511.2
32398.2
32511.2
32398.2
32511.2
32285.3
32621.0
32285.3
32621.0
32285.3
32511.2
32285.3
32511.2
32398.2
32511.2
32511.2
32398.2
32285.3
32285.3
32285.3
32398.2
32398.2
32285.3
32285.3
32398.2
32285.3
32398.2
32398.2
32285.3
32398.2
32285.3
32285.3
32398.2
32285.3
32285.3
32398.2
32285.3
32285.3
32285.3
32285.3
32285.3
32285.3
32285.3
32285.3
32285.3
32173.9
32285.3
32285.3
32285.3
32285.3
32285.3
32285.3
32285.3
32285.3
32285.3
32173.9
32173.9
32285.3
32285.3
32285.3
32173.9
32285.3
32173.9
32173.9
32173.9
32285.3
32285.3
32285.3
32173.9
32173.9
32173.9
32285.3
32173.9
32285.3
32173.9
32285.3
32173.9
32173.9
32173.9
32173.9
32173.9
32173.9
32173.9
32173.9
32173.9
32173.9
32173.9
32173.9
32173.9
31951.1
32173.9
32173.9
32062.5
32062.5
32062.5
32173.9
32062.5
32062.5
31951.1
31951.1
31951.1
32062.5
32062.5
32062.5
32062.5
31951.1
31951.1
31951.1
31951.1
31951.1
31951.1
32062.5
32062.5
31951.1
31951.1
31838.2
31951.1
31951.1
31951.1
31951.1
31951.1
31951.1
31951.1
32062.5
31951.1
31838.2
31951.1
31951.1
31838.2
31951.1
31728.3
31838.2
32062.5
31838.2
31951.1
31951.1
31951.1
31951.1
31838.2
31838.2
31951.1
31838.2
31951.1
31838.2
31951.1
31838.2
31838.2
31728.3
31838.2
31838.2
31838.2
31838.2
31951.1
31838.2
31951.1
31838.2
31838.2
31838.2
31728.3
31838.2
31951.1
31728.3
31838.2
31838.2
31838.2
31728.3
31728.3
31728.3
31838.2
31951.1
31728.3
31728.3
31728.3
31728.3
31728.3
31728.3
31838.2
31728.3
31838.2
31728.3
31838.2
31728.3
31728.3
31728.3
31728.3
31728.3
31615.4
31615.4
31728.3
31615.4
31728.3
31615.4
31502.4
31728.3
31615.4
31615.4
31615.4
31615.4
31615.4
31615.4
31502.4
31615.4
31615.4
31615.4
31615.4
31502.4
31502.4
31502.4
31615.4
31728.3
31502.4
31615.4
31728.3
31615.4
31615.4
31502.4
31615.4
31502.4
31615.4
31502.4
31615.4
31502.4
31502.4
31502.4
31615.4
31502.4
31615.4
31502.4
31615.4
31502.4
31502.4
31502.4
31502.4
31392.6
31502.4
31502.4
31392.6
31502.4
31502.4
31392.6
31502.4
31502.4
31502.4
31392.6
31392.6
31392.6
31392.6
31392.6
31392.6
31502.4
31502.4
31392.6
31279.6
31392.6
31502.4
31279.6
31392.6
31392.6
31279.6
31392.6
31502.4
31279.6
31392.6
31392.6
31392.6
31279.6
31392.6
31392.6
31392.6
31392.6
31392.6
31279.6
31392.6
31279.6
31279.6
31279.6
31392.6
31392.6
31279.6
31279.6
31168.2
31279.6
31279.6
31279.6
31279.6
31279.6
31279.6
31279.6
31279.6
31279.6
31392.6
31279.6
31279.6
31279.6
31279.6
31279.6
31279.6
31279.6
31168.2
31279.6
31392.6
31168.2
31279.6
31168.2
31279.6
31279.6
31279.6
31168.2
31168.2
31279.6
31279.6
31168.2
31279.6
31168.2
31168.2
31279.6
31168.2
31168.2
31168.2
31056.8
31168.2
31168.2
31168.2
31279.6
31279.6
31056.8
31168.2
31168.2
31279.6
31056.8
31056.8
31056.8
31279.6
31056.8
31168.2
31168.2
31168.2
31056.8
31056.8
31056.8
31056.8
31168.2
31056.8
31056.8
31056.8
31056.8
31056.8
31056.8
31056.8
31168.2
31056.8
31056.8
31056.8
31056.8
31056.8
31056.8
31056.8
31056.8
31056.8
30945.4
31056.8
30945.4
31056.8
31056.8
31056.8
31056.8
31056.8
31056.8
31056.8
30945.4
30945.4
30832.5
30945.4
30945.4
30832.5
30945.4
30945.4
30832.5
30945.4
31056.8
30945.4
30945.4
30945.4
30832.5
30945.4
30945.4
30832.5
30832.5
30832.5
30832.5
30945.4
30832.5
30945.4
30832.5
30832.5
30832.5
30832.5
30832.5
30945.4
30832.5
30832.5
30832.5
30945.4
30721.1
30832.5
30832.5
30832.5
30721.1
30832.5
30945.4
30832.5
30832.5
30721.1
30832.5
30832.5
30832.5
31056.8
30832.5
30832.5
30832.5
30721.1
30832.5
30832.5
30721.1
30832.5
30832.5
30721.1
30832.5
30832.5
30832.5
30832.5
30832.5
30721.1
30832.5
30832.5
30832.5
30721.1
30721.1
30832.5
30721.1
30609.7
30721.1
30721.1
30721.1
30721.1
30721.1
30721.1
30721.1
30721.1
30721.1
30721.1
30721.1
30721.1
30721.1
30721.1
30721.1
30721.1
30721.1
30721.1
30721.1
30721.1
30609.7
30609.7
30721.1
30721.1
30721.1
30609.7
30721.1
30721.1
30609.7
30609.7
30609.7
30721.1
30609.7
30609.7
30609.7
30721.1
30609.7
30609.7
30609.7
30721.1
30609.7
30721.1
30609.7
30721.1
30496.7
30721.1
30496.7
30609.7
30609.7
30609.7
30609.7
30721.1
30609.7
30609.7
30609.7
30721.1
30609.7
30609.7
30496.7
30609.7
30609.7
30496.7
30609.7
30609.7
30609.7
30609.7
30609.7
30385.3
30609.7
30496.7
30496.7
30609.7
30496.7
30609.7
30496.7
30496.7
30609.7
30609.7
30496.7
30496.7
30496.7
30496.7
30609.7
30609.7
30496.7
30496.7
30496.7
30496.7
30496.7
30609.7
30496.7
30609.7
30385.3
30385.3
30496.7
30496.7
30385.3
30496.7
30385.3
30385.3
30496.7
30385.3
30496.7
30496.7
30385.3
30385.3
30496.7
30385.3
30385.3
30385.3
30385.3
30609.7
30385.3
30496.7
30385.3
30385.3
30385.3
30273.9
30385.3
30385.3
30385.3
30385.3
30273.9
30385.3
30385.3
30273.9
30273.9
30385.3
30385.3
30385.3
30385.3
30273.9
30273.9
30273.9
30273.9
30273.9
30385.3
30385.3
30385.3
30273.9
30273.9
30273.9
30385.3
30385.3
30273.9
30273.9
30385.3
30273.9
30162.5
30162.5
30273.9
30273.9
30273.9
30162.5
30162.5
30162.5
30273.9
30162.5
30162.5
30273.9
30162.5
30162.5
30162.5
30162.5
30162.5
30162.5
30049.6
30162.5
30162.5
30162.5
30162.5
30162.5
30049.6
30162.5
30162.5
30162.5
30162.5
30273.9
30162.5
30162.5
30162.5
30162.5
30049.6
30049.6
30162.5
30049.6
30162.5
30162.5
30049.6
30162.5
29939.7
30049.6
30049.6
30162.5
30049.6
29939.7
30049.6
30162.5
30049.6
30049.6
29939.7
30049.6
30049.6
30049.6
29939.7
29939.7
30049.6
30049.6
30162.5
29939.7
29939.7
30049.6
29939.7
30049.6
29939.7
29939.7
30049.6
29939.7
29939.7
30049.6
29939.7
29939.7
30049.6
29939.7
29939.7
29939.7
29939.7
29939.7
29939.7
29939.7
29939.7
29939.7
29939.7
30049.6
29939.7
29939.7
29939.7
29939.7
29826.8
29939.7
29939.7
29939.7
29939.7
29939.7
29939.7
29939.7
29939.7
29939.7
29939.7
29939.7
29939.7
29826.8
29939.7
29939.7
29939.7
29939.7
29826.8
29826.8
29939.7
29939.7
29713.9
29939.7
29939.7
29939.7
29826.8
29939.7
29939.7
29713.9
29826.8
29826.8
29826.8
29826.8
29713.9
29713.9
29826.8
29826.8
29826.8
29713.9
29713.9
29713.9
29713.9
29826.8
29713.9
29826.8
29713.9
29826.8
29713.9
29826.8
29713.9
29939.7
29713.9
29713.9
29713.9
29826.8
29713.9
29713.9
29713.9
29713.9
29713.9
29713.9
29713.9
29713.9
29713.9
29713.9
29713.9
29713.9
29713.9
29713.9
29604.0
29713.9
29713.9
29713.9
29604.0
29713.9
29713.9
29713.9
29604.0
29713.9
29713.9
29713.9
29604.0
29713.9
29713.9
29713.9
29604.0
29713.9
29604.0
29491.1
29604.0
29604.0
29604.0
29604.0
29604.0
29491.1
29604.0
29491.1
29491.1
29604.0
29604.0
29604.0
29604.0
29604.0
29604.0
29604.0
29604.0
29491.1
29604.0
29604.0
29491.1
29604.0
29491.1
29491.1
29491.1
29491.1
29379.7
29491.1
29491.1
29491.1
29491.1
29604.0
29491.1
29491.1
29491.1
29491.1
29491.1
29491.1
29491.1
29491.1
29491.1
29491.1
29379.7
29491.1
29379.7
29379.7
29491.1
29379.7
29266.7
29379.7
29379.7
29379.7
29379.7
29266.7
29266.7
29379.7
29379.7
29491.1
29379.7
29491.1
29379.7
29266.7
29379.7
29266.7
29266.7
29379.7
29491.1
29379.7
29379.7
29379.7
29266.7
29266.7
29379.7
29379.7
29379.7
29379.7
29266.7
29379.7
29379.7
29379.7
29266.7
29266.7
29266.7
29266.7
29379.7
29266.7
29379.7
29266.7
29266.7
29266.7
29266.7
29266.7
29379.7
29266.7
29266.7
29266.7
29266.7
29266.7
29266.7
29266.7
29266.7
29266.7
29266.7
29266.7
29156.9
29266.7
29266.7
29266.7
29266.7
29266.7
29266.7
29266.7
29266.7
29266.7
29156.9
29266.7
29266.7
29266.7
29266.7
29266.7
29156.9
29156.9
29266.7
29156.9
29156.9
29266.7
29043.9
29266.7
29156.9
29043.9
29156.9
29156.9
29156.9
29266.7
29156.9
29266.7
29156.9
29043.9
29156.9
29043.9
29156.9
29266.7
29156.9
29156.9
29156.9
29043.9
29156.9
29043.9
29156.9
29156.9
29156.9
29156.9
29043.9
29043.9
29043.9
29156.9
29156.9
29043.9
29043.9
29156.9
29156.9
29043.9
29043.9
28932.5
29043.9
29043.9
29043.9
29043.9
28932.5
29043.9
29156.9
29156.9
29043.9
29043.9
28932.5
29156.9
29043.9
28932.5
29043.9
29043.9
28932.5
29043.9
29043.9
28932.5
29043.9
29043.9
29043.9
28932.5
29043.9
28932.5
28932.5
28932.5
28932.5
29043.9
28932.5
28932.5
28932.5
28932.5
28932.5
29043.9
28932.5
28932.5
28932.5
28932.5
28932.5
28821.1
28821.1
28932.5
28821.1
28932.5
28821.1
29043.9
28932.5
29043.9
28708.2
28708.2
28821.1
28932.5
28708.2
28821.1
28708.2
28932.5
28708.2
28821.1
28708.2
28708.2
28821.1
28708.2
28821.1
28821.1
28708.2
28708.2
28708.2
28821.1
28596.8
28708.2
28932.5
28821.1
28708.2
28708.2
28708.2
28932.5
28708.2
28821.1
28596.8
28708.2
28708.2
28708.2
28708.2
28708.2
28708.2
28708.2
28708.2
28708.2
28708.2
28708.2
28708.2
28708.2
28596.8
28596.8
28596.8
28596.8
28708.2
28708.2
28708.2
28708.2
28708.2
28596.8
28596.8
28708.2
28596.8
28596.8
28596.8
28708.2
28596.8
28708.2
28708.2
28708.2
28708.2
28596.8
28596.8
28596.8
28596.8
28596.8
28708.2
28596.8
28485.4
28596.8
28596.8
28708.2
28596.8
28596.8
28596.8
28485.4
28485.4
28596.8
28596.8
28596.8
28596.8
28485.4
28596.8
28596.8
28485.4
28596.8
28374.0
28596.8
28596.8
28596.8
28596.8
28596.8
28596.8
28485.4
28485.4
28374.0
28485.4
28485.4
28485.4
28374.0
28374.0
28485.4
28485.4
28374.0
28485.4
28485.4
28374.0
28596.8
28596.8
28374.0
28485.4
28485.4
28596.8
28485.4
28374.0
28374.0
28374.0
28485.4
28374.0
28374.0
28374.0
28485.4
28374.0
28485.4
28374.0
28485.4
28374.0
28374.0
28374.0
28374.0
28374.0
28374.0
28261.0
28374.0
28374.0
28374.0
28374.0
28374.0
28261.0
28374.0
28374.0
28374.0
28261.0
28374.0
28261.0
28261.0
28374.0
28374.0
28151.2
28374.0
28151.2
28374.0
28374.0
28374.0
28261.0
28374.0
28261.0
28151.2
28151.2
28151.2
28374.0
28374.0
28261.0
28261.0
28151.2
28261.0
28151.2
28261.0
28151.2
28374.0
28151.2
28151.2
28151.2
28151.2
28151.2
28261.0
28151.2
28151.2
28151.2
28151.2
28151.2
28151.2
28151.2
28151.2
28151.2
28151.2
28151.2
28151.2
28151.2
28151.2
28151.2
28038.2
28038.2
28038.2
28151.2
28038.2
28038.2
28151.2
28038.2
28038.2
27925.3
28038.2
27925.3
28151.2
27925.3
28038.2
27925.3
28151.2
28038.2
28151.2
27925.3
28038.2
28038.2
28151.2
28038.2
28151.2
27925.3
28038.2
27925.3
27925.3
27925.3
28151.2
27925.3
27925.3
27925.3
28038.2
27925.3
28038.2
27925.3
28038.2
28038.2
28038.2
27925.3
27925.3
27925.3
27813.9
27925.3
28038.2
28038.2
27925.3
27925.3
27925.3
27925.3
27925.3
27813.9
27925.3
27925.3
27925.3
27925.3
27813.9
27925.3
27813.9
27702.5
27813.9
27813.9
27813.9
27925.3
27925.3
27813.9
27813.9
27813.9
27813.9
27813.9
27925.3
27813.9
27925.3
27813.9
27925.3
27925.3
27925.3
27813.9
27813.9
27813.9
27813.9
27925.3
27925.3
27813.9
27813.9
27702.5
27813.9
27813.9
27813.9
27702.5
27702.5
27702.5
27813.9
27813.9
27813.9
27702.5
27813.9
27813.9
27925.3
27813.9
27702.5
27813.9
27813.9
27702.5
27813.9
27702.5
27813.9
27702.5
27813.9
27702.5
27702.5
27702.5
27702.5
27702.5
27813.9
27813.9
27813.9
27702.5
27702.5
27702.5
27702.5
27702.5
27702.5
27702.5
27702.5
27702.5
27702.5
27591.1
27702.5
27702.5
27702.5
27702.5
27702.5
27591.1
27702.5
27702.5
27702.5
27702.5
27702.5
27591.1
27702.5
27591.1
27702.5
27478.2
27591.1
27591.1
27702.5
27702.5
27591.1
27591.1
27702.5
27591.1
27591.1
27591.1
27591.1
27591.1
27591.1
27591.1
27702.5
27478.2
27591.1
27591.1
27591.1
27478.2
27591.1
27591.1
27591.1
27591.1
27591.1
27591.1
27591.1
27591.1
27591.1
27478.2
27591.1
27478.2
27591.1
27591.1
27591.1
27478.2
27591.1
27478.2
27478.2
27591.1
27702.5
27591.1
27478.2
27478.2
27591.1
27478.2
27478.2
27478.2
27478.2
27478.2
27591.1
27478.2
27478.2
27478.2
27478.2
27368.3
27478.2
27478.2
27478.2
27478.2
27478.2
27368.3
27478.2
27478.2
27478.2
27478.2
27478.2
27478.2
27478.2
27368.3
27478.2
27478.2
27478.2
27478.2
27478.2
27478.2
27368.3
27478.2
27478.2
27478.2
27478.2
27368.3
27478.2
27478.2
27368.3
27368.3
27478.2
27478.2
27478.2
27478.2
27478.2
27368.3
27478.2
27368.3
27255.4
27255.4
27255.4
27368.3
27255.4
27255.4
27368.3
27255.4
27368.3
27255.4
27255.4
27255.4
27255.4
27255.4
27255.4
27255.4
27255.4
27255.4
27478.2
27255.4
27255.4
27255.4
27368.3
27255.4
27255.4
27255.4
27255.4
27255.4
27255.4
27255.4
27255.4
27255.4
27255.4
27255.4
27255.4
27255.4
27255.4
27144.0
27255.4
27255.4
27255.4
27255.4
27255.4
27255.4
27255.4
27144.0
27255.4
27255.4
27144.0
27255.4
27255.4
27255.4
27255.4
27144.0
27255.4
27144.0
27255.4
27255.4
27144.0
27144.0
27144.0
27144.0
27144.0
27144.0
27255.4
27144.0
27144.0
27144.0
27144.0
27144.0
27144.0
27144.0
27144.0
27144.0
27144.0
27144.0
27255.4
27144.0
27144.0
27144.0
27144.0
27144.0
27144.0
27144.0
27144.0
27032.6
27144.0
27032.6
27144.0
27032.6
27144.0
27032.6
27144.0
27032.6
27144.0
27032.6
27144.0
27032.6
27144.0
27032.6
27144.0
27032.6
27144.0
26919.6
27144.0
27032.6
27032.6
27032.6
27032.6
27032.6
27032.6
27144.0
27144.0
27032.6
27032.6
27032.6
27144.0
27032.6
27032.6
27032.6
27032.6
27032.6
27032.6
27032.6
27032.6
27032.6
27032.6
27032.6
27032.6
27032.6
27032.6
26919.6
26919.6
27032.6
26919.6
27032.6
27032.6
27032.6
27032.6
26808.2
27032.6
26919.6
27032.6
26919.6
26919.6
26919.6
26919.6
27032.6
26919.6
26919.6
26919.6
27032.6
26808.2
26919.6
26808.2
26919.6
26808.2
26919.6
26919.6
26808.2
26919.6
26808.2
26808.2
26808.2
26919.6
26919.6
27032.6
26808.2
26808.2
26808.2
26808.2
26808.2
26919.6
26919.6
26919.6
26919.6
26808.2
26808.2
26808.2
26808.2
26808.2
26808.2
26919.6
26808.2
26808.2
26808.2
26808.2
26808.2
26808.2
26808.2
26808.2
26808.2
26808.2
26808.2
26696.8
26808.2
26808.2
26808.2
26808.2
26808.2
26808.2
26585.4
26808.2
26585.4
26808.2
26696.8
26696.8
26808.2
26808.2
26696.8
26808.2
26696.8
26808.2
26808.2
26808.2
26808.2
26808.2
26585.4
26696.8
26585.4
26696.8
26585.4
26696.8
26585.4
26696.8
26696.8
26808.2
26585.4
26696.8
26585.4
26585.4
26585.4
26585.4
26585.4
26585.4
26696.8
26585.4
26585.4
26585.4
26696.8
26696.8
26585.4
26585.4
26696.8
26585.4
26696.8
26696.8
26585.4
26472.5
26472.5
26585.4
26585.4
26585.4
26472.5
26585.4
26472.5
26585.4
26472.5
26472.5
26472.5
26585.4
26585.4
26585.4
26585.4
26585.4
26361.1
26472.5
26585.4
26585.4
26472.5
26472.5
26472.5
26585.4
26361.1
26585.4
26472.5
26472.5
26361.1
26472.5
26472.5
26472.5
26361.1
26361.1
26472.5
26361.1
26472.5
26585.4
26472.5
26472.5
26472.5
26361.1
26472.5
26585.4
26361.1
26361.1
26361.1
26361.1
26361.1
26472.5
26361.1
26472.5
26361.1
26361.1
26361.1
26361.1
26361.1
26472.5
26361.1
26361.1
26249.7
26472.5
26361.1
26361.1
26361.1
26361.1
26361.1
26472.5
26361.1
26472.5
26472.5
26361.1
26249.7
26361.1
26361.1
26361.1
26361.1
26361.1
26361.1
26361.1
26361.1
26249.7
26361.1
26472.5
26249.7
26361.1
26361.1
26361.1
26249.7
26361.1
26361.1
26361.1
26249.7
26361.1
26249.7
26136.7
26249.7
26249.7
26361.1
26249.7
26249.7
26361.1
26361.1
26249.7
26361.1
26361.1
26136.7
26249.7
26136.7
26249.7
26249.7
26361.1
26136.7
26249.7
26136.7
26249.7
26136.7
26249.7
26249.7
26361.1
26136.7
26136.7
26249.7
26249.7
26249.7
26136.7
26136.7
26136.7
26136.7
26249.7
26136.7
26136.7
26025.3
26136.7
26136.7
26136.7
26249.7
26136.7
26136.7
26136.7
