IEC 61083-2 TDG Version 2.1.0
Data File Version  2.1.0
18 LI-M6
16 bits, 10332 samples at 10ns
1.000000e-008
-130.2
-143.2
-65.1
13.0
-15.6
-130.2
112.0
-169.2
-130.2
-78.1
-65.1
127.6
-78.1
192.7
13.0
-65.1
140.6
-91.1
26.0
75.5
-2.6
112.0
-67.7
13.0
140.6
-192.7
372.3
13.0
13.0
13.0
257.8
-156.2
-260.4
-106.8
-257.8
-65.1
49.5
-132.8
62.5
62.5
62.5
26.0
0.0
75.5
153.6
-2.6
229.1
127.6
-26.0
127.6
130.2
-52.1
75.5
-117.2
36.5
192.7
130.2
-184.9
-104.1
-205.7
-257.8
23.4
312.4
75.5
52.1
127.6
13.0
-88.5
-54.7
382.7
65.1
-78.1
-106.8
49.5
-75.5
-320.3
62.5
-39.1
75.5
-203.1
-67.7
114.6
164.0
15.6
-41.7
-2.6
229.1
57.3
-182.3
98.9
-2.6
143.2
36.5
153.6
127.6
62.5
98.9
54.7
125.0
-72.9
-2.6
39.1
-117.2
-5.2
-75.5
-2.6
39.1
-15.6
-130.2
96.3
130.2
-119.8
-65.1
-221.3
-119.8
62.5
52.1
26.0
-244.7
208.3
130.2
-67.7
41.7
-156.2
-231.7
315.0
26.0
20.8
-13.0
-91.1
-2.6
52.1
-135.4
-88.5
-296.8
505.1
-296.8
5.2
54.7
125.0
192.7
166.6
88.5
-177.0
67.7
-190.1
-41.7
112.0
-36.5
-41.7
507.7
-226.5
117.2
36.5
112.0
0.0
-169.2
59.9
-85.9
132.8
192.7
-41.7
-13.0
-15.6
-242.1
59.9
171.8
-20.8
218.7
-59.9
187.5
-44.3
96.3
-145.8
85.9
-255.2
28.6
20.8
-10.4
-395.8
57.3
28.6
-31.2
203.1
-96.3
-192.7
-2.6
49.5
-62.5
57.3
65.1
44.3
390.6
-341.1
96.3
-252.6
85.9
192.7
78.1
49.5
-62.5
171.8
-93.7
26.0
-52.1
-2.6
59.9
-346.3
-65.1
-15.6
-65.1
-299.4
-93.7
-85.9
208.3
2.6
98.9
106.8
-18.2
468.7
-182.3
101.5
-49.5
-244.7
-122.4
59.9
-93.7
39.1
-39.1
236.9
-122.4
-106.8
23.4
177.0
54.7
187.5
119.8
-169.2
57.3
-112.0
-67.7
46.9
135.4
-218.7
130.2
-377.5
252.6
270.8
-91.1
387.9
-244.7
174.4
-145.8
161.4
119.8
0.0
13.0
112.0
-145.8
15.6
-252.6
-31.2
127.6
-250.0
-65.1
-190.1
-88.5
143.2
-145.8
-117.2
312.4
-265.6
96.3
31.2
70.3
65.1
33.8
-242.1
36.5
-85.9
-5.2
23.4
-18.2
41.7
356.7
70.3
114.6
62.5
62.5
213.5
192.7
-247.3
-244.7
-59.9
-23.4
-2.6
127.6
-18.2
114.6
85.9
-505.1
7.8
62.5
-85.9
-44.3
-252.6
-88.5
-169.2
-203.1
41.7
0.0
-187.5
177.0
-117.2
-187.5
-67.7
-265.6
23.4
26.0
98.9
255.2
28.6
-153.6
255.2
-169.2
179.7
75.5
-307.2
-140.6
-145.8
119.8
-93.7
39.1
-2.6
197.9
-57.3
-119.8
-88.5
-18.2
-138.0
-7.8
-59.9
88.5
-10.4
127.6
-184.9
33.8
49.5
28.6
91.1
-62.5
-75.5
-10.4
44.3
33.8
0.0
-114.6
161.4
-114.6
2.6
127.6
-119.8
-41.7
-187.5
-26.0
187.5
-2.6
-2.6
-2.6
96.3
65.1
-83.3
33.8
54.7
91.1
-250.0
195.3
-195.3
-93.7
88.5
-122.4
226.5
-255.2
44.3
-164.0
57.3
338.5
7.8
140.6
385.3
-367.1
328.1
-78.1
-138.0
96.3
0.0
125.0
-125.0
-75.5
20.8
187.5
-106.8
83.3
-361.9
-41.7
62.5
145.8
-223.9
210.9
-26.0
-255.2
-75.5
36.5
62.5
67.7
127.6
-33.8
-125.0
-75.5
18.2
-125.0
158.8
46.9
127.6
177.0
-182.3
-140.6
80.7
145.8
257.8
-244.7
20.8
57.3
44.3
78.1
62.5
190.1
-130.2
164.0
-10.4
117.2
-62.5
140.6
-140.6
-192.7
179.7
-302.0
-171.8
-276.0
5.2
2.6
-140.6
-52.1
80.7
49.5
187.5
52.1
-49.5
-242.1
-28.6
250.0
192.7
145.8
28.6
96.3
-122.4
330.7
18.2
-65.1
278.6
-174.4
41.7
75.5
-44.3
20.8
2.6
140.6
28.6
70.3
174.4
-182.3
-109.4
-182.3
393.2
-143.2
-75.5
-33.8
239.5
-239.5
-78.1
-62.5
41.7
-229.1
-296.8
-80.7
-5.2
31.2
119.8
-112.0
-145.8
492.1
127.6
57.3
-65.1
-65.1
-65.1
-65.1
-114.6
-158.8
114.6
-367.1
7.8
-7.8
-20.8
-132.8
-70.3
-109.4
-2.6
-39.1
130.2
315.0
-96.3
291.6
-273.4
-140.6
-309.8
20.8
127.6
-18.2
65.1
-429.6
52.1
-46.9
-166.6
-291.6
231.7
-96.3
-213.5
-20.8
-83.3
179.7
-13.0
187.5
-80.7
49.5
-244.7
-153.6
18.2
-28.6
192.7
-299.4
130.2
-171.8
-166.6
0.0
-247.3
161.4
-91.1
-41.7
67.7
-54.7
-153.6
62.5
-226.5
83.3
-299.4
192.7
125.0
70.3
-67.7
-7.8
-96.3
-122.4
273.4
-52.1
361.9
-122.4
72.9
-223.9
-96.3
-187.5
-85.9
-78.1
273.4
-52.1
-257.8
75.5
-78.1
54.7
-49.5
-252.6
7.8
41.7
-145.8
-65.1
-2.6
85.9
-130.2
-166.6
145.8
195.3
-140.6
125.0
166.6
33.8
-57.3
98.9
-296.8
158.8
46.9
-312.4
153.6
-296.8
-23.4
-33.8
179.7
52.1
67.7
119.8
-179.7
481.7
-156.2
250.0
-145.8
-161.4
-7.8
-36.5
80.7
-36.5
177.0
135.4
-75.5
5.2
112.0
-49.5
57.3
72.9
80.7
36.5
109.4
-424.4
-263.0
41.7
104.1
-96.3
174.4
-93.7
-216.1
-23.4
109.4
2.6
-70.3
187.5
-10.4
-307.2
348.9
-252.6
59.9
78.1
385.3
-41.7
-54.7
-2.6
70.3
-161.4
479.1
408.8
-291.6
20.8
273.4
-533.8
-2.6
-138.0
-65.1
192.7
-236.9
335.9
523.3
135.4
46.9
-247.3
-41.7
-57.3
36.5
-96.3
-127.6
-135.4
169.2
91.1
158.8
70.3
23.4
-106.8
135.4
-192.7
-385.3
88.5
28.6
179.7
208.3
-171.8
67.7
-148.4
28.6
-145.8
294.2
-101.5
41.7
-250.0
78.1
317.6
-226.5
164.0
-130.2
-33.8
-427.0
28.6
57.3
-52.1
205.7
-112.0
216.1
-2.6
210.9
-46.9
109.4
-192.7
-151.0
-171.8
78.1
7.8
-33.8
335.9
-70.3
-273.4
286.4
223.9
-234.3
41.7
270.8
75.5
-20.8
-109.4
-205.7
59.9
70.3
273.4
-23.4
2.6
302.0
-41.7
98.9
-20.8
135.4
49.5
-244.7
236.9
-106.8
263.0
177.0
67.7
109.4
98.9
-346.3
-260.4
471.3
-54.7
296.8
23.4
317.6
83.3
7.8
62.5
28.6
-2.6
119.8
419.2
-174.4
-46.9
-62.5
174.4
-260.4
-39.1
-36.5
-52.1
247.3
-294.2
-20.8
156.2
80.7
62.5
70.3
-83.3
13.0
140.6
-351.5
218.7
20.8
-41.7
59.9
250.0
-83.3
148.4
-41.7
106.8
192.7
88.5
-41.7
23.4
31.2
367.1
-231.7
-65.1
-135.4
-192.7
106.8
-91.1
296.8
-164.0
-5.2
2.6
156.2
106.8
31.2
7.8
-114.6
-203.1
127.6
-187.5
117.2
-104.1
-140.6
62.5
-54.7
109.4
127.6
348.9
-151.0
-41.7
13.0
-57.3
-10.4
85.9
-104.1
-231.7
-70.3
-10.4
257.8
-13.0
106.8
13.0
-213.5
-151.0
296.8
195.3
-236.9
406.2
-85.9
80.7
31.2
2.6
229.1
-171.8
335.9
229.1
-236.9
218.7
-2.6
-106.8
88.5
-169.2
83.3
-130.2
-36.5
28.6
62.5
109.4
83.3
291.6
273.4
-286.4
148.4
-151.0
325.5
203.1
242.1
-114.6
-2.6
-2.6
-143.2
468.7
-46.9
83.3
-46.9
138.0
257.8
127.6
20.8
15.6
-44.3
-10.4
5.2
341.1
161.4
-91.1
46.9
130.2
-195.3
-65.1
28.6
364.5
-195.3
130.2
-244.7
-169.2
294.2
62.5
41.7
-36.5
125.0
192.7
-2.6
-23.4
-31.2
91.1
-114.6
203.1
-44.3
-10.4
104.1
-109.4
-5.2
364.5
286.4
208.3
132.8
138.0
171.8
161.4
2.6
54.7
250.0
192.7
192.7
286.4
20.8
13.0
-281.2
46.9
-72.9
46.9
106.8
257.8
-70.3
57.3
-52.1
117.2
148.4
114.6
-18.2
179.7
46.9
-65.1
-135.4
-7.8
-57.3
125.0
-239.5
-31.2
140.6
372.3
-15.6
236.9
-5.2
169.2
-463.5
257.8
192.7
200.5
85.9
59.9
-10.4
-85.9
-62.5
-93.7
109.4
-72.9
-26.0
-13.0
-148.4
-10.4
-26.0
-132.8
101.5
330.7
-153.6
250.0
192.7
54.7
-65.1
112.0
-78.1
67.7
-289.0
67.7
-226.5
-57.3
62.5
-13.0
-101.5
-125.0
7.8
283.8
78.1
85.9
239.5
239.5
-197.9
-72.9
223.9
-33.8
-57.3
80.7
85.9
-158.8
221.3
-7.8
322.9
23.4
101.5
-46.9
-80.7
109.4
-432.2
-226.5
351.5
-114.6
20.8
-174.4
-156.2
471.3
39.1
-109.4
36.5
33.8
-239.5
213.5
59.9
-153.6
26.0
-41.7
424.4
-70.3
328.1
171.8
-117.2
278.6
-369.7
-26.0
36.5
-476.5
242.1
26.0
-91.1
-93.7
166.6
-33.8
28.6
-223.9
7.8
62.5
-145.8
-72.9
153.6
-93.7
226.5
-184.9
-67.7
-5.2
-20.8
57.3
39.1
-7.8
85.9
-112.0
-307.2
-96.3
127.6
226.5
88.5
-2.6
109.4
-23.4
-132.8
177.0
83.3
62.5
62.5
62.5
-28.6
-244.7
135.4
88.5
-164.0
83.3
132.8
-364.5
174.4
-2.6
184.9
494.7
153.6
-130.2
-164.0
83.3
-341.1
169.2
-62.5
106.8
338.5
83.3
23.4
7.8
-119.8
-104.1
-255.2
161.4
-65.1
-197.9
-138.0
-7.8
-7.8
-312.4
127.6
-57.3
403.6
-41.7
46.9
-195.3
20.8
-286.4
49.5
-26.0
130.2
5.2
52.1
-117.2
-125.0
-354.1
184.9
31.2
-200.5
-75.5
-13.0
-91.1
-119.8
5.2
0.0
-195.3
-28.6
-231.7
-130.2
-49.5
93.7
62.5
-231.7
361.9
-263.0
-31.2
-28.6
523.3
-44.3
85.9
-101.5
130.2
-393.2
203.1
-153.6
-65.1
164.0
140.6
-80.7
-114.6
-70.3
-148.4
-13.0
226.5
-62.5
70.3
182.3
67.7
85.9
156.2
-101.5
-83.3
169.2
218.7
-85.9
-62.5
-2.6
-2.6
49.5
289.0
-164.0
-28.6
359.3
-2.6
-2.6
-67.7
190.1
-502.5
112.0
-2.6
229.1
130.2
-2.6
197.9
-239.5
-192.7
36.5
-226.5
20.8
210.9
-106.8
96.3
-148.4
85.9
572.8
93.7
156.2
-44.3
91.1
-174.4
197.9
286.4
-221.3
-216.1
106.8
161.4
-18.2
-70.3
-200.5
-119.8
-39.1
15.6
-226.5
401.0
59.9
-70.3
-93.7
-119.8
91.1
-174.4
67.7
257.8
-93.7
320.3
-153.6
65.1
7.8
-242.1
-2.6
-122.4
70.3
195.3
-231.7
320.3
-117.2
31.2
-231.7
145.8
-281.2
101.5
127.6
-119.8
507.7
-346.3
-20.8
-132.8
-57.3
291.6
-247.3
247.3
33.8
80.7
-229.1
138.0
-145.8
59.9
143.2
-213.5
41.7
-112.0
-96.3
96.3
-393.2
210.9
226.5
-65.1
88.5
127.6
-276.0
127.6
-5.2
187.5
-145.8
-78.1
-36.5
190.1
153.6
192.7
151.0
-96.3
161.4
101.5
62.5
-23.4
-216.1
-192.7
96.3
192.7
250.0
135.4
161.4
-132.8
143.2
-151.0
-244.7
195.3
312.4
-328.1
208.3
-135.4
-2.6
44.3
2.6
-93.7
518.1
-33.8
88.5
13.0
49.5
13.0
158.8
80.7
-112.0
440.0
-174.4
33.8
101.5
62.5
39.1
208.3
-33.8
171.8
192.7
23.4
-187.5
-65.1
101.5
26.0
289.0
39.1
-2.6
5.2
-112.0
106.8
-65.1
96.3
210.9
-41.7
320.3
-125.0
127.6
197.9
-265.6
13.0
127.6
161.4
283.8
-317.6
148.4
281.2
-2.6
-148.4
44.3
-138.0
229.1
161.4
44.3
44.3
-59.9
39.1
31.2
-112.0
-187.5
585.8
-286.4
161.4
18.2
57.3
-283.8
44.3
-33.8
338.5
-7.8
348.9
39.1
-65.1
281.2
-411.4
302.0
-26.0
31.2
135.4
-174.4
406.2
-2.6
-130.2
54.7
192.7
-286.4
119.8
33.8
-59.9
-2.6
-229.1
44.3
62.5
127.6
-161.4
70.3
-7.8
-5.2
5.2
-72.9
210.9
-101.5
190.1
257.8
-148.4
62.5
119.8
0.0
190.1
-135.4
143.2
-171.8
96.3
-179.7
-260.4
239.5
101.5
257.8
187.5
-161.4
296.8
44.3
-130.2
145.8
-197.9
-88.5
-171.8
-62.5
78.1
-31.2
-59.9
18.2
31.2
88.5
473.9
-7.8
7.8
130.2
20.8
57.3
-2.6
72.9
192.7
83.3
62.5
96.3
-101.5
255.2
-18.2
265.6
39.1
-192.7
-164.0
2.6
-166.6
174.4
-39.1
-5.2
171.8
-93.7
-101.5
135.4
-158.8
-54.7
-166.6
-171.8
80.7
33.8
200.5
-309.8
-54.7
80.7
-62.5
187.5
96.3
-54.7
44.3
-127.6
-125.0
221.3
-231.7
62.5
93.7
171.8
-611.9
437.4
-213.5
190.1
54.7
-125.0
257.8
-221.3
65.1
-20.8
286.4
-539.0
-36.5
-28.6
-80.7
-117.2
-26.0
291.6
190.1
231.7
-208.3
153.6
-223.9
91.1
54.7
-239.5
-130.2
-72.9
62.5
-114.6
320.3
-125.0
-46.9
62.5
-93.7
148.4
-278.6
26.0
-41.7
54.7
-65.1
-171.8
-28.6
-39.1
101.5
-166.6
-88.5
226.5
125.0
-52.1
-138.0
-226.5
91.1
-158.8
-57.3
-223.9
96.3
265.6
-39.1
83.3
-109.4
-114.6
-10.4
57.3
13.0
-72.9
109.4
-28.6
127.6
101.5
-338.5
-114.6
7.8
-101.5
-23.4
-57.3
174.4
54.7
96.3
-88.5
552.0
-171.8
7.8
-101.5
-286.4
-218.7
320.3
-151.0
138.0
-151.0
156.2
127.6
109.4
-125.0
72.9
-83.3
140.6
182.3
-33.8
-65.1
-10.4
-70.3
-112.0
-96.3
46.9
-156.2
62.5
7.8
-130.2
0.0
-164.0
104.1
-112.0
-33.8
132.8
304.6
-104.1
101.5
-36.5
-114.6
-23.4
36.5
-203.1
-33.8
132.8
-36.5
-125.0
-46.9
-93.7
67.7
192.7
-44.3
101.5
-7.8
127.6
-41.7
33.8
-195.3
2.6
46.9
-213.5
20.8
93.7
-75.5
18.2
-65.1
127.6
127.6
-28.6
67.7
-33.8
-395.8
166.6
-5.2
-244.7
236.9
-250.0
-130.2
-161.4
197.9
-67.7
39.1
-242.1
-10.4
-26.0
-18.2
49.5
-57.3
65.1
85.9
-213.5
-18.2
-125.0
-59.9
-151.0
-72.9
28.6
205.7
-195.3
-85.9
46.9
-255.2
-70.3
135.4
-2.6
335.9
-184.9
-46.9
119.8
80.7
-2.6
-179.7
18.2
278.6
208.3
-161.4
143.2
-309.8
62.5
-330.7
442.6
-393.2
268.2
-85.9
-148.4
385.3
-432.2
294.2
39.1
143.2
216.1
85.9
223.9
-164.0
0.0
-218.7
242.1
-7.8
-104.1
-132.8
312.4
-307.2
-93.7
119.8
-223.9
-57.3
-125.0
-46.9
151.0
278.6
-419.2
112.0
2.6
132.8
106.8
-96.3
132.8
156.2
-179.7
-62.5
127.6
-59.9
119.8
83.3
-106.8
-114.6
289.0
-7.8
106.8
0.0
231.7
125.0
-26.0
-75.5
-88.5
197.9
98.9
-153.6
96.3
-195.3
-213.5
302.0
80.7
-54.7
-41.7
62.5
-236.9
28.6
57.3
367.1
-223.9
36.5
-221.3
93.7
-2.6
270.8
161.4
-153.6
-174.4
-216.1
721.2
-333.3
333.3
-20.8
-85.9
221.3
7.8
109.4
125.0
104.1
-161.4
320.3
-361.9
184.9
148.4
62.5
174.4
2.6
41.7
-130.2
263.0
-130.2
-148.4
46.9
278.6
-78.1
-33.8
299.4
125.0
-109.4
20.8
5.2
93.7
-62.5
-44.3
109.4
-156.2
213.5
72.9
20.8
-192.7
13.0
140.6
-2.6
-171.8
-203.1
393.2
-302.0
54.7
192.7
-255.2
117.2
-18.2
-7.8
-109.4
476.5
13.0
72.9
-317.6
-130.2
54.7
-2.6
-36.5
-101.5
20.8
-106.8
138.0
187.5
117.2
83.3
166.6
-106.8
171.8
26.0
-171.8
-44.3
236.9
2.6
72.9
231.7
-117.2
-197.9
-125.0
46.9
148.4
208.3
-23.4
-239.5
88.5
-23.4
203.1
70.3
158.8
-85.9
-85.9
166.6
-226.5
119.8
-78.1
213.5
-23.4
-31.2
-335.9
-31.2
190.1
-179.7
283.8
-174.4
-54.7
-23.4
5.2
179.7
-36.5
-70.3
-130.2
-250.0
299.4
114.6
62.5
125.0
218.7
70.3
106.8
-41.7
62.5
5.2
-119.8
62.5
125.0
65.1
-223.9
-239.5
62.5
-26.0
41.7
-93.7
132.8
174.4
7.8
-216.1
406.2
-158.8
302.0
-26.0
-216.1
-424.4
-70.3
-31.2
49.5
101.5
200.5
-75.5
-174.4
153.6
85.9
276.0
112.0
-114.6
-7.8
-148.4
72.9
106.8
-177.0
18.2
-20.8
148.4
-244.7
-18.2
-153.6
291.6
138.0
70.3
192.7
-15.6
125.0
-122.4
-10.4
2.6
119.8
-26.0
395.8
-127.6
33.8
26.0
-67.7
-158.8
57.3
-49.5
-177.0
36.5
-294.2
289.0
-192.7
-88.5
18.2
-91.1
-119.8
46.9
-177.0
161.4
62.5
49.5
-31.2
330.7
192.7
80.7
39.1
-338.5
-75.5
231.7
-119.8
-171.8
109.4
-101.5
-109.4
88.5
132.8
109.4
18.2
106.8
-268.2
-15.6
-242.1
-223.9
-88.5
-221.3
70.3
158.8
33.8
-2.6
106.8
-2.6
-2.6
-31.2
-65.1
98.9
-119.8
46.9
28.6
-62.5
-20.8
-117.2
192.7
125.0
15.6
182.3
-166.6
205.7
-70.3
83.3
-148.4
281.2
-437.4
-270.8
39.1
18.2
-289.0
127.6
-161.4
-59.9
-250.0
46.9
-226.5
-15.6
127.6
-257.8
309.8
46.9
-109.4
83.3
-36.5
-13.0
-96.3
-41.7
-31.2
-36.5
-62.5
15.6
5.2
145.8
-18.2
59.9
15.6
62.5
273.4
221.3
-65.1
-80.7
-44.3
62.5
171.8
119.8
-2.6
-2.6
-44.3
-65.1
2.6
78.1
-125.0
-28.6
-156.2
236.9
-208.3
-85.9
0.0
-13.0
-119.8
158.8
26.0
-49.5
117.2
-244.7
46.9
-2.6
80.7
18.2
250.0
158.8
112.0
223.9
-161.4
354.1
-164.0
263.0
-57.3
-140.6
283.8
-468.7
-747.3
-1531.0
-2569.8
-3356.1
-4928.8
-6644.6
-8053.2
-9922.6
-12885.6
-21532.4
-24969.3
-23750.7
-23313.3
-29468.4
-36816.0
-37256.0
-36081.7
-37167.5
-42632.6
-48378.9
-47699.3
-47824.3
-51649.1
-54830.8
-58871.7
-60194.4
-60514.6
-63212.0
-67068.1
-70340.9
-70150.8
-71244.4
-73678.8
-75764.4
-77987.9
-79058.0
-80664.5
-83661.3
-86028.1
-88571.9
-89662.8
-91024.5
-94073.4
-95336.2
-97065.0
-98106.5
-99343.3
-101400.2
-102886.9
-104769.3
-105576.5
-106927.8
-109002.9
-109750.2
-111143.1
-112301.8
-113158.4
-114496.7
-115949.5
-117212.3
-117428.4
-118693.8
-120370.6
-120396.6
-121800.0
-122542.0
-123458.5
-124505.2
-125614.4
-127004.7
-127949.9
-129103.3
-130457.2
-130889.4
-132173.0
-133165.0
-133651.9
-134883.4
-135599.5
-136760.7
-137192.9
-138177.1
-138926.9
-139463.3
-140749.5
-141457.7
-141962.8
-142827.3
-143150.1
-144511.8
-144712.3
-145753.8
-146326.6
-146537.5
-147451.4
-148386.1
-148852.2
-149367.7
-150333.7
-150969.0
-151466.3
-152369.7
-152859.2
-153793.9
-154010.0
-154895.3
-155444.7
-156007.1
-156244.0
-156475.7
-157045.9
-157582.3
-157936.4
-157939.0
-158605.5
-158839.9
-159235.6
-159613.2
-159542.9
-159881.3
-159730.3
-159738.1
-160433.3
-160230.2
-160074.0
-160115.7
-160084.4
-159943.8
-159829.3
-159391.8
-159535.0
-159175.7
-159334.6
-158444.1
-158662.8
-158056.2
-157741.1
-157678.6
-157072.0
-156822.0
-156428.9
-155887.3
-155884.7
-155577.5
-155098.4
-154723.5
-154353.7
-153984.0
-153715.8
-153377.4
-152773.3
-152700.4
-152458.3
-152539.0
-151854.2
-151880.2
-151869.8
-151664.1
-152276.0
-151479.3
-151560.0
-151463.7
-151643.3
-151593.8
-151547.0
-151849.0
-151471.5
-151966.2
-151862.0
-152000.0
-152020.8
-152109.4
-152395.8
-152453.0
-152903.5
-153007.6
-153038.9
-153395.6
-153775.7
-153489.3
-153814.8
-153882.5
-154424.0
-153822.6
-154697.4
-154666.2
-154765.1
-154963.0
-155207.7
-155298.9
-155483.7
-155421.2
-155629.5
-155533.2
-155746.7
-156126.8
-156022.7
-156046.1
-156181.5
-156309.1
-156223.2
-156814.2
-156272.6
-156824.6
-156993.9
-157113.6
-156957.4
-157100.6
-157163.1
-157741.1
-157704.7
-158095.2
-157863.5
-158051.0
-158316.5
-158506.6
-158608.1
-158720.1
-158756.5
-158967.4
-159266.9
-159214.8
-159600.1
-159391.8
-159352.8
-159930.8
-160084.4
-159626.2
-160363.0
-160152.1
-160042.8
-160519.2
-160493.2
-160438.5
-160706.7
-160613.0
-160605.2
-160823.9
-161198.8
-161089.4
-161084.2
-161373.2
-161266.5
-161138.9
-161232.6
-161636.2
-161636.2
-161716.9
-161592.0
-161792.4
-161930.4
-161985.1
-162156.9
-162367.8
-162537.1
-162547.5
-162524.1
-162781.8
-162932.8
-162721.9
-163073.4
-163273.9
-163339.0
-163526.5
-163820.7
-164370.1
-164081.1
-164318.0
-164510.7
-165002.8
-164747.6
-165086.1
-165026.2
-165385.5
-165310.0
-165687.5
-165713.6
-166070.3
-166059.9
-166765.5
-166494.7
-166937.3
-166460.8
-167067.5
-167046.7
-167471.1
-167679.3
-167689.8
-167976.2
-168119.4
-168161.0
-168301.6
-168549.0
-168551.6
-168551.6
-168908.3
-168905.7
-168882.2
-168887.5
-169337.9
-169046.3
-169395.2
-169835.2
-169647.7
-169668.6
-169572.2
-169767.5
-169679.0
-169780.5
-169869.0
-169736.2
-169910.7
-169733.6
-169587.8
-169803.9
-169796.1
-169567.0
-169624.3
-169892.5
-169468.1
-169462.9
-169189.5
-169543.6
-169317.1
-168942.1
-168853.6
-168759.9
-168507.3
-168598.4
-167971.0
-167806.9
-167544.0
-167413.8
-167257.5
-167059.7
-166510.3
-166140.6
-165849.0
-165200.6
-165187.6
-164942.9
-164482.0
-163989.9
-164096.7
-163680.1
-163138.5
-162836.5
-162550.1
-162297.5
-162206.4
-162130.9
-161607.6
-161321.2
-160810.8
-160472.4
-160089.6
-159816.2
-159561.1
-159321.5
-158816.4
-158681.0
-158415.5
-158103.0
-157834.8
-157199.5
-157236.0
-156931.4
-156671.0
-156301.3
-156176.3
-156012.3
-155869.1
-155179.1
-155080.2
-155035.9
-154830.2
-154715.6
-154536.0
-154562.0
-154450.1
-154312.1
-154247.0
-153950.2
-153663.8
-153804.4
-153585.6
-153369.5
-153468.5
-153531.0
-153458.1
-153393.0
-152937.3
-153468.5
-152960.8
-153255.0
-152898.3
-153023.3
-152882.7
-153338.3
-153210.7
-153346.1
-152895.7
-152976.4
-153012.8
-152786.3
-153184.7
-153398.2
-153064.9
-153473.7
-153637.7
-153406.0
-153538.8
-153497.1
-153541.4
-154033.5
-153793.9
-153809.6
-153718.4
-153856.4
-153918.9
-154025.7
-154455.3
-154260.0
-154312.1
-154590.7
-154746.9
-154702.6
-154681.8
-154759.9
-154965.6
-155015.1
-155054.1
-155236.4
-155022.9
-155541.0
-155496.7
-155684.2
-155554.0
-156103.4
-155629.5
-155957.6
-155840.4
-155999.3
-156428.9
-156257.0
-156402.8
-156176.3
-156332.5
-156504.4
-156907.9
-156756.9
-156637.2
-156980.8
-156569.5
-157040.7
-157090.2
-156894.9
-156923.6
-157400.0
-157217.8
-157228.2
-157131.9
-157306.3
-157272.5
-157496.4
-157665.6
-157402.6
-157663.0
-157467.7
-157587.5
-157467.7
-157618.7
-157592.7
-157337.5
-157621.3
-157801.0
-157915.6
-157394.8
-157587.5
-157314.1
-157491.2
-157569.3
-157696.9
-157397.4
-157306.3
-157756.7
-157371.4
-157532.8
-157402.6
-157491.2
-157592.7
-157475.5
-157608.3
-157334.9
-157387.0
-157353.2
-157173.5
-157064.2
-157207.4
-157194.3
-156983.4
-157030.3
-156736.1
-157017.3
-157267.2
-157012.1
-156934.0
-156936.6
-157142.3
-157045.9
-156876.7
-157025.1
-156478.3
-156754.3
-156559.0
-156647.6
-157064.2
-156962.6
-156564.3
-156884.5
-156728.3
-156811.6
-156751.7
-156814.2
-156540.8
-157027.7
-156905.3
-156546.0
-157264.6
-156686.6
-156590.3
-156585.1
-156954.8
-156816.8
-156652.8
-157043.3
-157074.6
-157082.4
-157267.2
-157077.2
-156999.1
-156923.6
-157418.3
-157269.8
-157165.7
-157329.7
-157514.6
-157491.2
-157915.6
-157978.0
-157673.4
-158019.7
-157785.4
-157980.7
-158066.6
-158077.0
-158220.2
-158381.6
-158238.4
-158405.1
-158407.7
-158561.3
-158610.7
-158496.2
-158725.3
-158550.9
-158858.1
-158933.6
-159011.7
-158975.3
-159076.8
-159076.8
-158972.7
-159269.5
-159358.0
-159152.3
-159230.4
-159384.0
-159207.0
-159576.7
-159347.6
-159540.3
-159745.9
-159399.7
-159412.7
-159745.9
-159472.6
-159477.8
-159204.4
-159180.9
-159644.4
-159368.4
-159657.4
-159527.2
-159285.1
-159667.8
-159162.7
-159321.5
-159782.4
-159475.2
-159501.2
-159384.0
-159693.9
-159654.8
-159412.7
-159618.4
-159654.8
-159371.0
-159654.8
-159139.3
-159449.1
-159371.0
-159527.2
-159654.8
-159165.3
-159345.0
-159194.0
-159217.4
-159076.8
-159243.4
-159139.3
-159063.8
-159217.4
-158819.0
-159253.8
-158998.7
-159152.3
-159256.5
-159011.7
-159204.4
-159126.3
-159048.2
-159024.7
-158816.4
-158806.0
-158985.7
-158522.2
-158858.1
-158433.7
-158858.1
-158522.2
-158675.8
-158649.8
-158366.0
-158366.0
-158340.0
-158379.0
-158329.5
-158688.9
-157967.6
-158225.4
-158303.5
-157840.1
-158108.2
-157772.4
-158032.7
-157915.6
-157889.5
-157980.7
-157488.6
-157748.9
-157592.7
-157696.9
-157207.4
-157670.8
-157618.7
-157426.1
-157553.6
-157592.7
-157194.3
-157348.0
-157348.0
-157243.8
-156819.4
-157155.3
-157256.8
-157220.4
-156988.7
-157012.1
-157272.5
-156907.9
-157142.3
-156884.5
-156884.5
-156949.6
-157051.1
-156975.6
-156665.8
-157139.7
-156678.8
-156829.8
-156874.1
-156897.5
-156756.9
-156806.4
-156884.5
-156691.8
-156434.1
-156689.2
-156470.5
-156548.6
-156702.2
-156574.7
-156626.7
-156397.6
-156389.8
-156512.2
-156178.9
-156559.0
-156434.1
-156275.2
-156316.9
-156342.9
-155983.6
-156085.2
-156137.2
-156061.7
-155804.0
-155981.0
-156098.2
-155970.6
-156085.2
-155931.6
-156111.2
-155879.5
-155856.1
-155853.4
-155676.4
-156108.6
-155606.1
-155606.1
-155569.6
-155749.3
-155147.9
-155639.9
-155166.1
-155439.5
-155259.8
-155335.3
-155129.6
-155210.3
-155051.5
-154720.8
-155205.1
-155054.1
-154923.9
-154733.9
-154934.4
-154759.9
-154926.5
-154616.7
-154884.9
-154606.3
-154496.9
-154426.6
-154491.7
-154658.4
-154470.9
-154496.9
-154163.7
-154239.2
-154358.9
-154103.8
-154046.5
-154020.5
-153999.6
-153765.3
-153791.3
-154046.5
-153468.5
-153468.5
-153736.7
-153611.7
-153596.1
-153533.6
-153507.5
-153429.4
-153452.9
-153340.9
-153351.3
-153327.9
-153247.2
-152971.2
-152822.8
-153020.6
-152809.8
-152924.3
-152648.3
-152692.6
-153036.3
-152692.6
-152736.8
-152427.0
-152117.2
-152369.7
-152531.2
-152296.8
-152346.3
-152372.3
-152005.2
-152421.8
-152427.0
-151966.2
-152367.1
-151963.6
-152184.9
-152276.0
-152138.0
-152114.6
-151685.0
-152075.5
-151809.9
-152106.8
-151796.9
-151937.5
-151903.7
-151953.1
-151690.2
-151916.7
-151966.2
-151698.0
-151703.2
-151549.6
-151596.4
-151388.1
-151726.6
-151768.3
-151513.1
-151596.4
-151674.5
-151729.2
-151690.2
-151562.6
-151596.4
-151432.4
-152015.6
-151669.3
-151635.5
-151536.6
-151497.5
-151393.4
-151547.0
-151854.2
-151476.7
-151625.1
-151552.2
-151315.2
-151291.8
-151911.5
-151138.2
-151614.7
-151343.9
-151617.3
-151093.9
-151297.0
-151539.2
-151377.7
-151354.3
-151341.3
-151820.4
-151463.7
-151299.6
-151557.4
-151218.9
-151645.9
-151351.7
-151396.0
-151393.4
-151468.9
-151468.9
-151544.4
-151437.6
-151429.8
-151533.9
-151497.5
-151463.7
-151627.7
-151195.5
-151716.2
-151718.8
-151307.4
-151372.5
-151737.0
-151411.6
-151497.5
-151416.8
-151533.9
-151382.9
-151593.8
-151458.4
-151429.8
-151544.4
-151599.0
-151854.2
-151106.9
-151744.8
-151776.1
-151302.2
-151906.3
-151505.3
-151664.1
-151552.2
-151419.4
-151533.9
-151541.8
-151325.7
-151442.8
-151419.4
-151468.9
-151177.2
-151502.7
-151528.7
-151513.1
-151343.9
-151716.2
-151442.8
-151422.0
-151211.1
-151526.1
-151448.0
-151487.1
-151578.2
-151468.9
-151406.4
-151351.7
-151528.7
-151393.4
-151299.6
-151216.3
-151565.2
-151284.0
-151083.5
-151484.5
-150903.9
-151195.5
-151211.1
-151002.8
-150932.5
-151458.4
-151083.5
-151034.0
-151291.8
-150679.9
-150880.4
-150823.1
-150823.1
-150864.8
-150687.8
-151073.1
-150760.7
-150760.7
-151133.0
-150802.3
-151010.6
-150877.8
-150799.7
-150838.8
-150640.9
-151135.6
-150508.1
-150703.4
-150653.9
-150708.6
-150508.1
-150320.6
-150398.7
-150401.4
-150726.8
-150763.3
-150078.5
-150453.4
-150372.7
-150573.2
-150128.0
-150617.5
-150221.7
-150328.4
-150390.9
-150502.9
-150341.5
-150229.5
-150234.7
-150232.1
-150120.2
-150333.7
-150294.6
-150016.0
-150036.8
-149612.4
-150029.0
-149898.8
-149971.7
-150049.9
-149924.9
-150094.1
-149914.5
-149794.7
-149745.2
-149602.0
-149930.1
-149617.6
-149648.9
-149630.7
-149539.5
-149529.1
-149456.2
-149260.9
-149289.6
-149279.2
-149300.0
-149336.4
-149250.5
-149279.2
-149531.7
-148656.9
-149156.8
-149018.8
-148779.3
-148698.5
-148849.6
-148755.8
-148883.4
-148578.8
-148630.9
-148492.9
-148440.8
-148440.8
-148292.4
-148373.1
-148461.6
-148268.9
-148052.8
-148308.0
-148125.7
-147883.6
-148190.8
-148211.7
-148128.3
-147927.9
-148117.9
-147748.2
-147667.5
-147868.0
-147612.8
-147560.7
-147894.0
-147474.8
-147628.4
-147355.0
-147615.4
-147428.0
-147391.5
-147420.1
-147284.8
-147185.8
-147271.7
-147115.5
-147037.4
-147211.8
-146722.4
-146925.4
-146938.5
-146631.2
-146886.4
-146678.1
-146644.2
-146545.3
-146774.4
-146644.2
-146355.2
-146654.7
-146506.3
-146503.6
-146191.2
-146592.2
-146462.0
-146313.6
-146209.4
-146495.8
-146217.2
-146175.6
-146196.4
-146058.4
-146058.4
-145808.5
-146175.6
-145787.6
-145878.8
-146175.6
-145592.4
-145660.1
-145899.6
-145826.7
-145423.1
-145798.1
-145631.4
-145420.5
-145673.1
-145670.5
-145584.5
-145298.1
-145576.7
-145157.5
-145277.3
-145389.3
-145524.7
-145233.1
-145292.9
-145342.4
-145259.1
-145319.0
-145384.1
-145217.4
-144970.1
-145680.9
-144993.5
-144938.8
-144876.3
-145519.5
-144980.5
-144970.1
-144949.3
-145037.8
-144899.8
-144970.1
-145227.8
-145061.2
-144842.5
-145204.4
-145178.4
-144912.8
-144938.8
-145123.7
-144842.5
-145100.3
-145035.2
-144868.5
-145092.5
-144842.5
-145168.0
-144824.3
-144811.3
-145191.4
-144782.6
-144951.9
-144730.5
-144696.7
-144993.5
-145212.2
-144657.6
-145016.9
-145003.9
-145037.8
-145024.8
-144970.1
-144928.4
-144803.4
-144977.9
-144837.3
-145082.0
-144865.9
-145082.0
-144975.3
-145022.2
-144816.5
-144996.1
-144722.7
-144931.0
-145212.2
-144863.3
-145048.2
-145016.9
-145154.9
-145154.9
-145274.7
-144777.4
-144717.5
-144829.5
-144957.1
-145220.0
-144944.0
-144915.4
-144977.9
-144962.3
-145066.4
-145118.5
-144938.8
-144925.8
-145082.0
-144894.6
-145082.0
-145194.0
-145173.2
-144905.0
-145337.2
-145095.1
-145019.6
-144923.2
-144892.0
-145287.7
-144936.2
-145003.9
-145040.4
-145087.2
-145227.8
-145282.5
-145209.6
-145105.5
-145149.7
-144806.1
-145095.1
-145144.5
-145040.4
-144899.8
-145350.2
-145001.3
-144962.3
-145204.4
-144412.9
-145266.9
-144970.1
-145183.6
-145251.3
-145032.6
-145188.8
-145045.6
-145160.2
-145121.1
-145459.6
-144946.6
-145056.0
-144873.7
-144910.2
-145141.9
-144535.3
-145071.6
-144975.3
-145024.8
-145089.9
-144970.1
-145001.3
-144996.1
-145173.2
-144722.7
-145014.3
-144889.4
-144946.6
-144944.0
-145019.6
-145032.6
-144613.4
-145024.8
-144925.8
-144894.6
-144829.5
-144741.0
-144644.6
-144850.3
-144834.7
-144277.5
-144582.1
-144358.2
-145076.8
-144600.4
-144712.3
-144722.7
-144566.5
-144800.8
-144402.5
-144465.0
-144506.6
-144558.7
-144556.1
-144261.9
-144480.6
-144522.2
-144644.6
-144347.8
-144561.3
-143944.2
-144264.5
-144269.7
-144444.1
-144196.8
-144269.7
-144241.1
-144243.7
-144202.0
-144183.8
-144178.6
-144144.7
-144149.9
-143782.8
-143918.2
-143881.7
-143811.4
-143972.9
-143993.7
-144306.1
-143444.3
-143879.1
-143704.7
-144173.4
-143637.0
-143626.6
-143735.9
-143556.3
-143512.0
-143478.2
-143285.5
-143420.9
-143597.9
-143204.8
-143647.4
-143342.8
-143512.0
-143184.0
-143348.0
-143660.4
-143220.4
-143288.1
-143446.9
-143285.5
-142910.6
-143530.2
-142887.1
-142866.3
-142866.3
-143137.1
-142788.2
-142918.4
-142996.5
-142785.6
-142887.1
-142952.2
-142918.4
-142712.7
-142512.2
-142757.0
-142879.3
-142790.8
-142796.0
-143009.5
-142598.1
-142624.2
-142897.6
-142616.4
-142624.2
-142764.8
-142582.5
-142548.7
-142632.0
-142590.3
-142264.9
-142632.0
-142509.6
-142592.9
-142382.0
-142501.8
-142392.4
-142423.7
-142345.6
-142366.4
-142134.7
-142158.1
-142017.5
-142059.2
-141962.8
-142483.6
-142124.3
-142056.6
-142142.5
-142077.4
-142181.5
-141866.5
-142119.1
-141973.3
-141962.8
-141929.0
-142059.2
-142014.9
-141681.6
-142007.1
-141944.6
-141499.4
-141720.7
-141647.8
-141751.9
-141436.9
-141543.6
-141611.3
-141738.9
-141593.1
-141421.3
-141460.3
-141515.0
-141374.4
-141512.4
-141725.9
-141168.7
-141377.0
-141499.4
-141207.8
-141280.7
-141442.1
-141452.5
-141226.0
-141624.4
-141127.1
-141093.2
-141158.3
-141145.3
-141460.3
-141241.6
-141223.4
-141082.8
-141228.6
-141012.5
-141517.6
-140853.7
-140918.8
-141080.2
-140903.1
-140955.2
-141009.9
-140968.2
-141093.2
-140757.3
-141069.8
-140882.3
-140791.2
-140942.2
-141171.3
-140916.2
-141168.7
-140903.1
-141098.4
-140822.4
-140705.3
-140897.9
-140856.3
-140874.5
-140773.0
-140705.3
-140965.6
-141054.2
-141046.3
-140994.3
-140845.9
-140770.4
-140882.3
-140882.3
-140897.9
-140598.5
-141085.4
-140916.2
-140879.7
-140931.8
-140897.9
-140947.4
-140746.9
-140926.6
-140887.5
-140892.7
-140937.0
-140924.0
-140840.7
-140944.8
-140728.7
-140806.8
-140773.0
-140960.4
-141090.6
-141033.3
-140926.6
-140937.0
-140884.9
-140952.6
-140351.2
-141215.6
-140924.0
-141082.8
-140869.3
-140775.6
-141002.1
-140968.2
-140944.8
-140897.9
-141327.5
-140702.7
-140963.0
-140775.6
-140786.0
-140892.7
-141085.4
-141137.5
-141002.1
-141038.5
-141033.3
-140999.5
-141046.3
-140913.6
-140952.6
-141082.8
-140955.2
-140897.9
-140968.2
-141028.1
-141028.1
-140759.9
-140918.8
-140856.3
-141283.3
-140986.5
-141338.0
-141054.2
-141132.3
-141025.5
-140851.1
-141017.7
-140877.1
-140809.4
-141184.3
-140679.2
-140861.5
-140983.9
-140793.8
-140944.8
-140848.5
-141009.9
-140835.4
-140983.9
-140983.9
-140960.4
-140835.4
-140879.7
-140825.0
-141038.5
-140913.6
-140689.6
-140731.3
-140819.8
-140689.6
-140950.0
-140713.1
-140791.2
-140903.1
-140822.4
-140710.5
-141033.3
-140728.7
-140897.9
-140804.2
-140770.4
-140955.2
-140791.2
-140577.7
-140957.8
-140549.0
-140372.0
-140877.1
-140421.5
-140937.0
-140549.0
-140970.8
-140642.8
-140460.5
-140616.7
-140588.1
-140431.9
-140491.8
-140697.4
-140481.3
-140629.8
-140689.6
-140598.5
-140504.8
-140431.9
-140689.6
-140382.4
-140340.7
-140460.5
-140312.1
-140189.7
-140270.4
-140319.9
-140293.9
-140241.8
-140489.2
-140208.0
-140340.7
-140314.7
-140398.0
-139965.8
-140236.6
-140124.6
-140194.9
-139924.2
-140286.1
-140132.5
-139801.8
-140070.0
-140189.7
-139950.2
-140181.9
-139695.0
-139843.4
-139744.5
-140098.6
-139853.9
-139801.8
-139932.0
-139697.6
-139788.8
-139853.9
-139739.3
-139807.0
-139538.8
-139658.6
-139593.5
-139848.7
-139609.1
-139825.2
-139632.5
-139619.5
-139330.5
-139648.2
-139268.0
-139637.8
-139255.0
-139741.9
-139351.3
-139541.4
-139369.6
-139335.7
-139028.5
-139307.1
-139234.2
-139408.6
-138861.9
-139075.4
-139091.0
-138843.6
-139072.8
-139169.1
-139096.2
-139007.7
-138877.5
-139072.8
-138846.2
-138815.0
-138643.1
-138549.4
-139054.5
-138416.6
-138947.8
-138609.3
-138484.3
-138510.4
-138416.6
-138557.2
-138453.1
-138421.8
-138565.0
-138458.3
-138429.6
-138359.3
-138403.6
-138382.8
-137877.7
-138322.9
-138156.3
-138080.8
-137945.4
-138296.9
-138020.9
-137976.6
-137849.0
-138221.4
-137619.9
-137981.8
-137981.8
-138070.3
-137937.6
-137992.2
-137893.3
-137841.2
-137588.7
-137724.1
-137450.7
-137570.4
-137557.4
-137416.8
-137531.4
-137557.4
-137403.8
-137172.1
-137260.6
-137823.0
-136974.2
-137377.8
-137127.8
-137096.6
-137398.6
-137250.2
-137177.3
-137375.2
-137067.9
-137091.4
-136742.5
-136903.9
-136909.1
-137263.2
-136638.3
-136963.8
-136620.1
-136732.1
-136794.5
-136724.2
-136557.6
-136617.5
-136791.9
-136469.1
-136927.3
-136289.4
-136599.3
-136607.1
-136500.3
-136695.6
-136104.6
-136305.0
-136401.4
-136458.7
-136208.7
-136047.3
-136284.2
-136065.5
-136531.6
-135995.2
-136180.1
-136023.9
-136070.7
-135776.5
-136268.6
-135911.9
-135971.8
-136284.2
-135805.1
-135740.1
-136099.4
-135789.5
-135714.0
-135898.9
-135758.3
-135474.5
-135706.2
-135557.8
-135745.3
-135505.7
-135505.7
-135266.2
-135349.5
-135042.3
-135505.7
-135513.5
-135310.4
-135349.5
-135320.9
-135534.4
-134985.0
-135162.0
-135326.1
-135404.2
-135359.9
-135190.7
-135110.0
-135349.5
-135024.0
-135266.2
-134787.1
-135190.7
-135039.7
-134951.1
-134958.9
-135057.9
-134979.8
-134623.1
-134821.0
-135018.8
-134854.8
-134867.8
-134547.6
-134638.7
-134651.7
-134607.5
-134672.5
-134586.6
-134620.5
-134761.1
-134620.5
-134412.2
-134586.6
-134479.9
-134211.7
-134875.6
-134276.8
-134581.4
-134214.3
-134422.6
-134568.4
-134414.8
-134224.7
-134453.8
-134107.5
-134380.9
-134284.6
-134328.9
-134315.8
-134438.2
-134068.5
-134068.5
-134300.2
-134149.2
-134003.4
-134284.6
-133959.1
-134133.6
-134123.2
-133831.6
-134110.1
-133959.1
-133901.9
-133670.1
-133912.3
-133808.1
-133870.6
-133901.9
-133625.9
-134261.2
-133701.4
-133813.3
-133779.5
-133506.1
-133771.7
-133508.7
-133743.0
-133576.4
-133662.3
-133454.0
-133766.5
-133482.7
-133849.8
-133334.3
-133508.7
-133495.7
-133550.4
-133386.3
-133735.2
-133407.2
-133185.8
-133318.6
-133295.2
-133128.6
-133685.7
-133094.7
-133118.1
-133196.3
-133373.3
-133607.6
-133006.2
-133274.4
-133295.2
-132899.4
-133068.7
-133149.4
-132995.8
-133136.4
-133128.6
-132977.6
-132743.2
-133011.4
-133001.0
-133136.4
-132696.4
-133107.7
-132883.8
-132527.1
-133055.7
-132753.6
-132878.6
-132730.2
-132774.5
-132605.2
-132878.6
-132597.4
-132753.6
-132646.9
-132639.1
-132712.0
-132412.6
-132626.1
-132712.0
-132532.3
-132633.9
-132475.0
-132568.8
-132555.8
-132532.3
-132337.0
-132342.3
-132201.7
-132516.7
-132123.5
-131951.7
-132462.0
-132258.9
-132009.0
-132370.9
-132274.6
-132277.2
-132272.0
-132035.0
-132389.1
-132107.9
-132029.8
-132084.5
-131717.4
-131748.6
-131980.3
-132480.2
-132074.1
-131842.3
-132201.7
-131920.5
-131774.7
-131964.7
-132006.4
-131954.3
-131699.1
-131868.4
-131811.1
-131845.0
-131876.2
-131582.0
-131740.8
-131605.4
-131555.9
-131410.1
-131529.9
-131631.4
-131628.8
-131394.5
-131743.4
-131524.7
-131360.7
-131402.3
-131425.8
-131404.9
-131483.0
-131457.0
-131488.2
-131235.7
-131282.6
-131576.8
-131207.1
-131436.2
-131168.0
-131121.1
-131454.4
-131162.8
-131181.0
-131100.3
-130889.4
-131259.1
-130949.3
-131277.3
-131004.0
-130962.3
-130863.4
-131102.9
-130660.3
-130876.4
-131006.6
-130751.4
-130793.1
-130928.5
-130712.4
-130774.8
-130967.5
-130470.2
-130665.5
-130649.9
-130730.6
-130496.2
-130626.4
-130795.7
-130524.9
-130470.2
-130566.5
-130871.2
-130540.5
-130392.1
-130561.3
-130657.7
-130517.1
-130498.9
-130358.3
-130543.1
-130131.7
-130866.0
-130535.3
-130454.6
-130425.9
-130347.8
-130425.9
-130329.6
-130522.3
-130311.4
-130329.6
-130498.9
-130168.2
-130103.1
-130084.9
-130355.6
-130090.1
-130147.4
-129975.5
-130071.8
-130189.0
-129853.1
-130121.3
-130038.0
-129998.9
-130116.1
-129723.0
-130012.0
-130103.1
-129788.0
-129847.9
-130032.8
-129840.1
-130038.0
-129696.9
-129793.3
-129858.3
-129644.8
-129652.7
-129793.3
-129348.0
-129827.1
-129845.3
-129621.4
-129889.6
-129657.9
-129413.1
-129858.3
-129780.2
-129525.1
-129775.0
-129720.4
-129543.3
-129525.1
-129366.3
-129543.3
-129444.4
-129543.3
-129426.1
-129493.8
-129316.8
-129493.8
-129415.7
-129298.6
-129316.8
-129298.6
-129366.3
-129293.3
-129262.1
-129150.1
-129556.3
-128999.1
-129176.2
-129168.4
-129298.6
-129413.1
-129077.2
-129329.8
-129103.3
-129194.4
-129061.6
-128986.1
-129103.3
-129006.9
-128954.9
-129439.2
-128863.7
-129079.8
-129168.4
-129079.8
-128866.3
-129079.8
-128902.8
-128944.5
-128757.0
-128835.1
-128882.0
-129100.7
-128624.2
-128772.6
-128793.4
-128587.8
-128684.1
-128814.3
-128673.7
-128710.1
-128632.0
-128488.8
-128559.1
-128619.0
-128543.5
-128366.4
-128546.1
-128392.5
-128608.6
-128647.6
-128319.6
-128715.3
-128553.9
-128496.6
-128626.8
-128535.7
-128595.6
-128522.7
-128322.2
-128608.6
-128280.5
-128415.9
-128426.3
-128439.3
-128402.9
-128431.5
-128231.0
-128397.7
-128152.9
-128361.2
-128137.3
-128249.3
-128428.9
-128108.7
-128238.9
-128142.5
-128238.9
-128267.5
-127890.0
-128095.7
-127975.9
-127962.9
-128337.8
-128012.3
-128074.8
-128113.9
-127916.0
-128072.2
-127960.3
-127939.4
-127650.4
-127983.7
-128103.5
-127913.4
-127988.9
-128103.5
-127882.2
-127981.1
-128061.8
-128142.5
-127614.0
-127900.4
-127580.1
-128007.1
-127837.9
-127986.3
-127598.4
-127645.2
-127850.9
-127866.5
-127723.3
-127595.8
-127785.8
-127603.6
-127736.4
-127522.8
-127723.3
-127585.3
-127863.9
-127598.4
-127723.3
-127429.1
-127460.4
-127405.7
-127421.3
-127494.2
-127455.2
-127582.7
-127640.0
-127502.0
-127369.2
-127410.9
-127426.5
-127405.7
-127306.7
-127598.4
-127345.8
-127298.9
-127476.0
-127270.3
-127233.8
-127197.4
-127106.3
-127283.3
-127132.3
-127069.8
-127252.1
-127257.3
-127382.3
-127127.1
-127673.9
-126996.9
-127364.0
-127142.7
-127155.7
-126916.2
-127463.0
-127101.1
-127254.7
-127004.7
-127293.7
-127051.6
-126965.7
-127056.8
-127025.5
-127259.9
-126757.4
-126900.6
-127343.2
-126905.8
-127142.7
-126903.2
-126947.4
-126629.8
-126926.6
-126843.3
-126783.4
-126783.4
-127093.2
-126778.2
-126900.6
-126765.2
-126720.9
-126762.6
-126726.1
-127236.4
-126637.6
-126851.1
-126653.2
-126648.0
-126957.9
-126663.6
-126681.9
-126804.2
-126554.3
-126994.3
-126627.2
-126666.2
-126533.5
-126481.4
-126757.4
-126424.1
-126333.0
-126510.0
-126533.5
-126702.7
-126598.5
-126783.4
-126083.0
-126494.4
-126366.8
-126619.4
-126452.7
-126325.2
-126309.5
-126465.8
-126452.7
-126392.9
-126395.5
-126444.9
-126202.8
-126293.9
-126525.6
-126306.9
-126202.8
-126278.3
-126306.9
-126228.8
-126398.1
-126340.8
-125981.5
-126340.8
-126234.0
-126137.7
-126075.2
-126484.0
-126010.1
-126132.5
-126223.6
-126030.9
-126437.1
-125942.4
-125986.7
-126109.1
-126109.1
-126132.5
-126038.8
-126070.0
-125942.4
-125929.4
-126710.5
-125853.9
-125853.9
-125971.1
-126017.9
-125661.2
-126085.6
-125947.6
-125510.2
-126153.3
-125817.4
-125835.7
-125757.6
-125666.4
-125859.1
-125971.1
-125637.8
-125916.4
-125512.8
-125421.7
-125890.3
-125866.9
-125679.4
-125838.3
-125588.3
-125205.6
-125676.8
-125879.9
-125424.3
-125512.8
-125512.8
-125609.1
-125452.9
-125906.0
-125387.8
-125421.7
-125393.0
-125590.9
-125687.3
-125580.5
-125510.2
-125617.0
-125400.9
-125757.6
-125150.9
-125429.5
-125322.7
-125197.8
-125497.2
-125445.1
-124971.2
-125437.3
-124877.5
-125283.7
-125656.0
-124992.1
-125174.3
-125080.6
-125067.6
-124994.7
-125176.9
-125255.0
-125239.4
-124955.6
-125190.0
-125533.6
-125012.9
-124927.0
-125127.5
-124874.9
-125153.5
-124968.6
-125078.0
-124783.8
-124882.7
-124971.2
-124869.7
-124945.2
-124848.9
-125070.2
-124908.8
-124958.2
-125054.6
-124763.0
-124947.8
-124950.4
-124669.2
-124890.5
-124549.5
-125085.8
-124546.8
-124890.5
-124989.5
-124697.9
-124828.0
-124463.5
-124518.2
-124841.1
-124526.0
-124664.0
-124533.8
-124557.3
-124554.7
-124656.2
-124487.0
-124395.8
-124440.1
-124539.0
-124463.5
-124132.9
-124421.9
-124617.1
-124395.8
-124291.7
-124432.3
-124088.6
-124252.6
-124205.8
-124510.4
-124205.8
-124099.0
-124346.4
-124177.1
-124270.9
-124109.4
-123898.5
-124158.9
-124114.6
-124057.4
-123963.6
-124015.7
-124039.1
-123948.0
-124119.8
-124033.9
-124075.6
-123955.8
-123716.3
-124164.1
-124054.8
-123859.5
-123724.1
-123942.8
-123882.9
-123739.7
-123692.8
-123737.1
-123752.7
-123862.1
-123659.0
-123289.3
-123942.8
-123812.6
-123666.8
-123505.4
-123994.9
-123771.0
-123789.2
-123539.2
-123487.2
-123424.7
-123424.7
-123755.3
-123411.6
-123521.0
-123851.7
-123435.1
-123536.6
-123390.8
-123312.7
-123362.2
-123390.8
-123536.6
-123258.0
-123174.7
-123419.5
-123255.4
-123122.6
-122745.1
-123388.2
-122945.6
-123367.4
-123278.9
-123346.6
-123432.5
-123117.4
-123221.6
-123054.9
-123002.9
-122989.8
-123255.4
-122737.3
-123151.3
-122810.2
-123060.1
-122786.8
-122771.1
-122812.8
-122831.0
-122674.8
-123101.8
-122911.7
-122752.9
-122786.8
-122562.8
-122784.2
-122724.3
-122872.7
-122786.8
-122547.2
-122880.5
-122370.2
-122765.9
-122768.5
-122930.0
-122877.9
-122409.2
-122547.2
-122229.6
-122372.8
-122229.6
-122594.1
-122534.2
-122294.7
-122260.8
-122391.0
-122325.9
-122510.8
-122508.2
-122146.3
-122435.3
-122102.0
-122292.1
-122141.1
-122372.8
-122029.1
-122237.4
-122112.4
-122164.5
-122372.8
-121945.8
-121987.4
-122182.7
-121779.1
-122240.0
-121852.0
-122250.4
-122133.2
-122102.0
-121901.5
-121896.3
-121977.0
-121781.7
-121924.9
-121615.1
-122112.4
-121662.0
-121787.0
-121990.0
-121800.0
-121987.4
-121698.4
-121750.5
-121497.9
-121732.3
-121578.7
-121787.0
-121750.5
-121565.6
-121490.1
-121675.0
-121469.3
-121518.8
-121495.3
-121852.0
-121250.6
-121435.5
-121404.2
-121539.6
-121349.5
-121477.1
-121180.3
-121250.6
-121409.4
-121339.1
-121430.2
-121367.8
-121339.1
-121180.3
-121222.0
-121287.0
-121068.3
-121159.5
-121195.9
-121138.6
-120927.7
-121047.5
-120972.0
-121070.9
-120826.2
-121219.3
-120839.2
-120818.4
-120896.5
-121307.9
-120615.3
-120800.2
-120823.6
-120860.0
-120940.8
-120854.8
-120771.5
-120677.8
-120685.6
-120818.4
-120615.3
-120818.4
-120766.3
-120753.3
-120373.2
-120789.7
-120607.5
-120492.9
-120560.6
-120560.6
-120716.8
-120479.9
-120485.1
-120617.9
-120485.1
-120284.6
-120466.9
-120261.2
-120688.2
-120438.2
-120396.6
-120308.1
-120287.2
-120144.0
-120144.0
-120336.7
-120305.5
-120180.5
-119935.7
-120151.8
-120144.0
-120078.9
-120120.6
-120107.6
-120063.3
-120029.5
-120240.4
-120026.9
-120055.5
-120089.4
-119776.9
-120029.5
-119782.1
-119847.2
-120099.8
-119266.6
-119662.4
-119654.5
-119589.4
-119943.5
-119696.2
-119805.6
-119719.6
-119394.2
-119649.3
-119516.5
-119839.4
-119683.2
-119560.8
-119409.8
-119805.6
-119417.6
-119323.9
-119792.5
-119511.3
-119433.2
-119389.0
-119347.3
-119620.7
-119162.4
-119305.6
-119256.2
-119394.2
-119584.2
-119243.2
-119490.5
-119209.3
-119172.9
-119115.6
-119381.2
-119113.0
-119081.7
-119159.8
-119120.8
-119040.1
-119162.4
-118904.7
-119126.0
-119027.1
-119050.5
-119060.9
-119256.2
-118969.8
-118959.4
-118719.8
-118748.5
-119081.7
-118821.4
-118857.8
-118857.8
-118365.7
-118824.0
-118475.1
-118948.9
-118748.5
-118425.6
-118873.4
-118602.7
-118462.1
-118433.4
-118467.3
-118532.4
-118667.7
-118222.5
-118623.5
-118298.0
-118615.7
-118246.0
-118584.4
-118459.5
-117912.7
-118420.4
-118324.1
-118147.0
-118147.0
-118519.3
-118339.7
-118410.0
-118100.1
-118201.7
-118321.5
-118032.4
-118269.4
-118016.8
-118566.2
-118230.3
-118407.4
-117949.1
-118173.0
-117808.5
-118193.9
-117904.9
-117975.2
-117845.0
-118165.2
-117837.2
-118032.4
-117917.9
-117871.0
-118152.2
-117516.9
-117842.4
-117832.0
-117884.0
-117681.0
-118014.2
-117808.5
-117748.6
-117587.2
-117847.6
-117769.5
-117920.5
-117738.2
-117631.5
-117631.5
-117498.7
-117532.5
-117673.1
-117451.8
-117785.1
-117628.9
-117503.9
-117537.8
-117410.2
-117509.1
-117746.0
-117311.2
-117316.4
-117483.1
-117548.2
-117623.7
-117342.5
-117251.3
-117584.6
-117194.1
-117613.3
-117131.6
-117129.0
-117350.3
-117319.0
-117123.8
-117246.1
-117280.0
-117110.7
-117295.6
-117311.2
-117246.1
-117058.7
-117308.6
-117199.3
-117545.6
-117032.6
-117035.2
-117105.5
-116918.1
-116626.5
-117102.9
-116722.8
-116959.7
-117053.5
-116480.7
-116790.5
-117014.4
-116678.5
-116853.0
-116985.8
-116876.4
-116764.5
-116967.5
-116868.6
-116665.5
-116840.0
-116894.6
-116535.3
-116915.5
-116478.1
-116678.5
-116699.4
-116662.9
-116936.3
-116347.9
-116566.6
-116636.9
-116600.4
-116436.4
-116530.1
-116376.5
-116334.9
-116530.1
-116220.3
-116649.9
-116293.2
-116285.4
-116173.4
-116256.7
-116402.5
-116246.3
-116233.3
-116301.0
-116548.4
-116035.4
-116379.1
-116282.8
-116207.3
-116235.9
-116222.9
-116347.9
-116038.0
-115902.6
-115923.5
-116462.4
-116277.6
-116220.3
-116272.4
-116124.0
-116204.7
-115972.9
-115936.5
-116030.2
-115824.5
-116142.2
-115970.3
-115991.2
-115751.6
-116069.3
-115712.6
-116043.2
-115782.9
-115972.9
-115858.4
-115702.2
-115952.1
-115782.9
-115923.5
-115681.3
-116071.9
-115712.6
-115704.8
-115837.6
-115683.9
-115512.1
-115686.5
-115579.8
-115311.6
-115540.7
-115689.1
-115501.7
-115642.3
-115527.7
-115504.3
-115444.4
-115644.9
-115723.0
-115504.3
-115288.2
-115634.5
-115559.0
-115454.8
-115605.8
-115277.8
-115808.9
-115340.2
-115301.2
-115402.7
-115407.9
-115069.5
-115475.6
-115407.9
-115413.2
-115246.5
-115616.2
-115113.7
-115225.7
-115199.6
-115514.7
-114999.2
-115254.3
-114913.2
-115069.5
-114793.5
-115241.3
-115132.0
-115126.7
-115092.9
-115116.3
-114931.5
-115092.9
-115017.4
-115066.9
-114978.3
-115178.8
-115098.1
-115022.6
-114853.4
-114871.6
-114986.1
-114835.1
-114788.3
-115160.6
-114858.6
-114733.6
-114809.1
-114803.9
-114611.2
-114806.5
-114738.8
-114913.2
-114694.5
-114975.7
-114957.5
-114733.6
-114840.3
-114793.5
-114538.3
-114697.1
-114663.3
-114655.5
-114801.3
-114796.1
-114449.8
-114481.0
-114741.4
-114426.4
-114376.9
-114387.3
-114856.0
-114637.3
-114621.6
-114650.3
-114332.6
-114663.3
-114507.1
-114462.8
-114499.3
-114473.2
-114285.8
-114507.1
-114241.5
-114465.4
-114462.8
-113780.6
-114423.8
-114197.2
-114353.5
-114400.3
-114283.2
-114306.6
-114095.7
-114238.9
-114481.0
-114280.6
-114322.2
-114473.2
-114108.7
-113999.4
-114397.7
-114056.6
-114382.1
-114168.6
-113892.6
-114145.2
-114035.8
-114085.3
-114085.3
-114137.3
-114140.0
-113890.0
-114400.3
-113892.6
-114504.5
-113837.9
-114176.4
-113939.5
-113804.1
-114223.3
-114087.9
-113960.3
-113642.7
-113642.7
-114017.6
-113707.7
-114059.2
-113874.4
-113845.7
-113679.1
-113890.0
-113744.2
-113699.9
-113681.7
-113830.1
-113192.2
-113637.4
-113866.6
-113770.2
-113892.6
-113694.7
-113601.0
-113619.2
-113666.1
-113819.7
-113447.4
-113765.0
-113710.3
-113877.0
-113699.9
-113572.4
-113697.3
-113697.3
-113619.2
-113517.7
-113697.3
-113590.6
-113577.6
-113442.2
-113621.8
-113634.8
-113634.8
-113634.8
-113434.4
-113632.2
-113442.2
-113629.6
-113611.4
-113554.1
-113754.6
-113197.4
-113684.3
-113345.8
-113530.7
-113345.8
-113379.7
-113384.9
-113210.4
-113447.4
-113197.4
-113822.3
-113332.8
-113374.5
-113395.3
-113621.8
-113127.1
-113548.9
-113275.5
-113155.8
-113319.8
-113124.5
-113476.0
-113379.7
-113179.2
-113163.6
-113442.2
-113400.5
-113095.9
-113306.8
-113184.4
-113127.1
-113494.2
-113046.4
-112999.5
-113244.3
-113621.8
-112890.2
-113197.4
-112861.5
-113020.4
-113369.3
-113041.2
-113197.4
-113020.4
-112853.7
-113499.4
-113025.6
-113062.0
-113010.0
-112968.3
-113241.7
-113010.0
-113121.9
-113101.1
-112877.2
-112796.5
-112718.3
-112939.7
-112913.6
-113041.2
-112739.2
-113062.0
-112887.6
-112804.3
-112572.5
-113111.5
-112666.3
-112822.5
-112609.0
-112627.2
-112858.9
-112562.1
-112491.8
-112762.6
-112861.5
-112031.0
-112741.8
-112590.8
-112588.2
-112801.7
-112538.7
-112517.9
-112585.6
-112632.4
-112416.3
-112793.9
-112567.3
-112723.6
-112676.7
-112499.6
-112161.2
-112736.6
-112309.6
-112463.2
-112489.2
-112343.4
-112195.0
-112400.7
-112554.3
-112288.7
-112473.6
-112366.8
-112189.8
-112390.3
-112382.5
-112471.0
-112116.9
-112351.2
-112223.6
-112234.1
-112536.1
-112252.3
-111991.9
-111963.3
-112088.3
-112280.9
-112267.9
-112244.5
-112122.1
-112077.8
-112278.3
-112036.2
-112033.6
-112077.8
-111783.6
-112213.2
-111978.9
-112174.2
-111945.1
-111999.7
-112085.7
-111835.7
-112007.5
-112171.6
-111768.0
-112023.2
-112023.2
-111971.1
-112054.4
-111942.5
-112468.4
-111801.9
-111622.2
-111825.3
-111710.7
-111700.3
-111606.6
-111544.1
-112036.2
-111666.5
-111827.9
-111473.8
-111726.3
-111689.9
-111661.3
-112210.6
-111437.3
-111762.8
-111453.0
-111747.2
-111765.4
-111580.5
-111877.4
-111728.9
-111463.4
-111510.2
-111617.0
-111348.8
-111567.5
-111708.1
-111252.5
-111611.8
-111479.0
-111481.6
-111614.4
-110994.7
-111359.2
-111554.5
-111249.9
-111143.1
-111442.5
-111520.7
-111439.9
-111174.4
-111174.4
-111439.9
-111109.3
-111216.0
-111481.6
-111299.3
-111249.9
-111275.9
-111119.7
-111278.5
-111117.1
-111377.5
-110906.2
-111182.2
-110992.1
-110992.1
-111247.3
-110888.0
-110708.3
-110984.3
-111080.6
-110669.3
-110856.7
-111208.2
-110822.9
-110828.1
-110864.5
-111221.2
-110838.5
-110877.5
-111085.8
-110799.4
-110776.0
-111132.7
-110825.5
-110565.1
-110929.6
-110635.4
-110966.1
-110500.0
-110846.3
-110734.3
-110541.7
-110619.8
-110656.2
-110606.8
-110346.4
-110520.8
-110872.3
-110645.8
-110434.9
-110346.4
-110401.1
-110401.1
-110359.4
-110336.0
-110541.7
-110323.0
-110580.7
-110461.0
-110596.4
-110734.3
-110336.0
-110283.9
-110401.1
-110320.4
-110091.2
-110244.9
-110192.8
-110195.4
-110088.6
-110091.2
-110091.2
-110140.7
-110218.8
-110273.5
-110023.5
-110242.3
-109937.6
-110091.2
-110140.7
-110156.3
-110000.1
-110000.1
-110309.9
-109945.4
-109640.8
-109849.1
-109948.0
-109987.1
-110010.5
-109445.5
-109896.0
-109823.1
-110010.5
-109961.1
-109383.0
-109896.0
-109744.9
-109705.9
-109885.5
-109703.3
-109679.9
-109882.9
-109458.5
-109744.9
-109705.9
-109846.5
-109765.8
-109690.3
-109351.8
-109768.4
-109547.1
-109419.5
-109768.4
-109455.9
-109638.2
-109073.2
-109302.3
-109383.0
-109458.5
-109252.9
-109471.6
-109523.6
-109445.5
-109396.1
-109445.5
-109086.2
-109497.6
-109341.4
-109133.1
-109122.7
-109341.4
-109135.7
-109523.6
-109211.2
-109638.2
-109278.9
-109302.3
-109031.5
-109086.2
-109250.2
-109250.2
-109096.6
-109174.7
-109174.7
-109122.7
-109122.7
-109304.9
-109034.1
-109086.2
-108547.3
-109018.5
-108943.0
-108828.5
-108828.5
-108737.3
-109005.5
-108932.6
-108851.9
-109031.5
-108547.3
-108838.9
-108945.6
-108711.3
-108763.4
-108864.9
-108786.8
-108555.1
-108708.7
-108841.5
-108737.3
-108685.3
-108682.6
-108612.3
-108711.3
-108224.4
-108917.0
-108555.1
-108404.1
-108450.9
-108542.0
-108388.4
-108570.7
-108221.8
-108273.9
-108349.4
-108273.9
-108325.9
-108284.3
-108414.5
-107839.1
-108312.9
-108310.3
-108161.9
-108206.2
-108094.2
-108273.9
-108143.7
-108219.2
-108195.8
-107898.9
-108078.6
-108234.8
-107966.6
-108346.8
-107714.1
-108276.5
-107964.0
-107922.4
-108055.2
-107839.1
-108068.2
-107755.7
-107987.5
-107784.4
-108089.0
-108003.1
-107872.9
-107721.9
-107951.0
-107964.0
-107719.3
-107896.3
-107750.5
-107922.4
-107771.4
-107680.2
-107729.7
-107581.3
-107573.5
-108021.3
-107578.7
-107599.5
-107951.0
-107284.5
-107695.9
-107526.6
-107419.9
-107688.0
-107719.3
-107576.1
-107550.0
-107320.9
-107164.7
-107341.8
-107190.7
-107573.5
-107581.3
-107227.2
-107305.3
-107253.2
-107268.9
-107110.0
-107380.8
-107253.2
-107190.7
-107110.0
-107216.8
-107097.0
-107177.7
-107570.9
-107274.1
-106953.8
-107266.2
-106857.5
-107310.5
-107073.6
-107076.2
-107073.6
-106972.0
-107058.0
-107180.3
-106841.8
-107029.3
-106935.6
-106867.9
-107050.1
-106893.9
-107042.3
-106948.6
-106867.9
-106891.3
-106920.0
-106766.3
-106789.8
-106675.2
-106766.3
-106659.6
-106511.2
-106912.1
-106300.3
-106506.0
-106711.7
-106753.3
-106368.0
-106667.4
-106498.2
-106438.3
-106487.7
-106555.4
-106737.7
-106349.8
-106250.8
-106245.6
-106248.2
-106604.9
-106477.3
-106461.7
-106141.5
-106477.3
-106545.0
-106315.9
-106232.6
-106164.9
-106026.9
-106284.7
-106003.5
-106513.8
-106084.2
-106284.7
-106349.8
-106211.8
-106107.6
-105954.0
-106105.0
-106222.2
-105977.4
-106026.9
-105993.1
-106118.0
-105969.6
-106198.7
-105993.1
-105836.8
-105938.4
-106026.9
-105852.5
-105818.6
-105868.1
-105860.3
-105899.3
-105771.7
-106125.8
-105847.2
-105696.2
-105706.6
-105836.8
-105761.3
-105641.6
-105691.0
-105961.8
-105566.0
-105612.9
-105508.8
-105422.8
-105639.0
-105443.7
-105756.1
-105537.4
-105524.4
-105641.6
-105467.1
-105355.2
-105776.9
-105610.3
-105639.0
-105261.4
-105149.5
-105534.8
-105136.4
-105818.6
-105282.2
-105386.4
-105162.5
-105251.0
-105068.7
-105485.3
-105519.2
-105284.9
-105355.2
-105698.8
-105045.3
-105131.2
-105084.4
-105240.6
-105193.7
-105191.1
-105240.6
-105097.4
-104933.4
-105563.4
-105019.3
-105178.1
-105107.8
-105050.5
-104811.0
-105284.9
-104956.8
-104899.5
-104761.5
-104928.1
-104699.0
-104977.6
-104735.5
-105060.9
-104563.6
-105297.9
-104946.4
-104844.8
-104909.9
-104805.8
-104652.2
-104842.2
-104613.1
-104652.2
-104490.7
-105003.7
-104717.2
-104751.1
-104904.7
-104365.8
-104568.8
-104652.2
-104649.6
-104727.7
-104615.7
-104563.6
-104352.7
-104464.7
-104597.5
-104357.9
-104363.1
-104394.4
-104391.8
-104266.8
-104540.2
-104579.3
-104032.5
-104240.8
-104311.1
-104292.9
-103959.6
-104298.1
-104196.5
-104230.4
-104415.2
-104167.9
-103975.2
-104131.4
-104160.1
-103722.6
-103944.0
-103983.0
-103855.4
-104082.0
-103725.2
-104165.3
-104287.6
-103891.9
-103988.2
-104092.4
-104029.9
-104055.9
-104022.1
-104068.9
-104219.9
-104040.3
-103847.6
-103855.4
-103725.2
-103959.6
-103868.5
-103878.9
-103829.4
-103980.4
-103845.0
-103464.9
-103740.9
-103654.9
-103709.6
-103459.7
-103751.3
-103740.9
-103720.0
-103730.5
-103712.2
-103751.3
-103691.4
-103517.0
-103725.2
-103277.4
-103472.7
-103532.6
-103858.0
-103610.7
-103514.4
-103634.1
-103532.6
-103339.9
-103407.6
-103326.9
-103321.7
-103274.8
-103379.0
-103165.5
-103376.4
-103384.2
-103306.1
-103118.6
-103379.0
-103454.5
-103108.2
-103048.3
-103347.7
-103415.4
-103074.3
-103324.3
-103428.4
-103100.4
-103280.0
-102884.3
-103173.3
-103170.7
-103209.7
-103214.9
-103379.0
-103300.8
-103121.2
-102928.5
-103519.6
-103022.3
-103254.0
-102983.2
-103027.5
-102798.3
-103053.5
-103053.5
-102998.8
-102889.5
-102905.1
-103246.2
-102730.6
-102821.8
-102845.2
-102876.5
-102498.9
-103022.3
-103009.2
-102584.8
-102668.2
-102556.2
-102816.6
-102465.1
-102798.3
-102991.0
-102689.0
-102665.6
-102410.4
-102649.9
-102527.6
-102298.4
-102538.0
-102592.6
-102629.1
-102439.0
-102415.6
-102517.1
-102608.3
-102665.6
-102457.3
-102230.7
-102387.0
-102371.3
-102465.1
-102353.1
-102728.0
-102225.5
-102249.0
-102436.4
-102152.6
-102282.8
-102441.6
-102321.9
-102522.4
-102350.5
-102415.6
-102215.1
-102595.3
-102045.9
-102301.0
-102233.3
-102098.0
-102324.5
-101944.3
-102321.9
-101676.2
-102420.8
-102347.9
-102334.9
-102222.9
-101540.8
-102139.6
-102152.6
-102353.1
-102006.8
-101902.7
-101892.3
-101910.5
-101960.0
-102001.6
-101848.0
-101936.5
-101657.9
-101962.6
-102108.4
-101600.6
-101764.7
-101759.5
-101801.1
-101827.2
-101900.1
-101743.9
-101785.5
-101798.5
-101670.9
-101707.4
-101743.9
-101379.3
-101473.1
-101736.0
-102087.5
-101832.4
-101522.5
-101538.2
-101751.7
-101717.8
-101743.9
-101559.0
-101587.6
-101499.1
-101452.2
-101150.2
-101605.9
-101428.8
-101553.8
-101710.0
-101592.8
-101712.6
-101368.9
-101504.3
-101207.5
-101314.2
-101283.0
-101178.9
-101361.1
-101142.4
-101647.5
-101395.0
-101517.3
-101173.6
-101126.8
-101423.6
-101100.7
-101533.0
-101400.2
-101447.0
-101293.4
-101178.9
-101259.6
-101210.1
-101072.1
-101204.9
-101212.7
-101168.4
-101296.0
-101077.3
-101155.4
-100848.2
-101259.6
-101259.6
-101384.5
-101228.3
-101043.5
-100892.4
-101152.8
-101199.7
-101046.1
-101007.0
-100986.2
-100970.6
-101246.5
-101022.6
-101178.9
-100973.2
-101040.9
-101007.0
-100988.8
-101074.7
-100744.0
-100793.5
-100684.2
-100970.6
-100926.3
-101022.6
-100788.3
-100928.9
-100895.1
-100611.3
-100738.8
-100692.0
-100554.0
-100757.1
-100462.8
-100926.3
-100736.2
-100796.1
-100884.6
-100616.5
-100686.8
-100694.6
-100311.8
-100616.5
-100660.7
-100850.8
-100546.2
-101038.3
-100496.7
-100363.9
-100392.5
-100580.0
-100241.5
-100408.2
-100702.4
-100744.0
-100499.3
-100606.0
-100757.1
-100462.8
-100564.4
-100288.4
-100595.6
-100356.1
-100311.8
-100194.7
-100408.2
-100301.4
-100189.5
-100564.4
-100569.6
-100158.2
-100278.0
-100197.3
-100150.4
-100179.0
-100132.2
-100100.9
-100387.3
-99957.7
-100272.8
-100309.2
-99926.5
-100397.8
-100067.1
-100285.8
-100228.5
-100413.4
-100103.5
-99890.0
-100064.5
-100132.2
-100043.7
-100119.2
-100228.5
-100121.8
-99887.4
-100085.3
-99871.8
-99989.0
-100085.3
-100129.6
-99366.7
-100251.9
-99944.7
-99814.5
-99939.5
-100030.6
-100015.0
-99882.2
-99910.9
-99923.9
-99905.7
-99653.1
-99944.7
-99634.9
-99666.1
-99957.7
-99582.8
-99582.8
-99866.6
-99418.8
-99624.5
-99814.5
-99692.2
-99918.7
-99890.0
-99658.3
-99864.0
-99421.4
-99569.8
-99455.2
-99822.3
-99444.8
-99504.7
-99288.6
-99522.9
-99345.9
-99595.8
-99512.5
-99509.9
-99421.4
-99387.5
-99520.3
-99496.9
-99384.9
-99424.0
-99517.7
-99395.3
-99598.4
-99509.9
-98937.1
-99473.4
-99291.2
-99364.1
-99267.8
-99132.4
-99127.2
-99426.6
-99262.5
-99470.8
-99114.1
-99304.2
-99007.4
-99345.9
-99119.3
-99197.5
-99017.8
-99189.6
-99496.9
-99137.6
-99166.2
-99564.6
-99025.6
-99317.2
-98939.7
-99132.4
-98710.6
-99062.1
-99322.4
-99090.7
-99101.1
-98890.2
-98892.8
-98913.7
-98851.2
-98890.2
-98997.0
-98984.0
-98830.3
-98885.0
-99054.3
-98338.2
-99103.7
-98739.2
-98780.9
-98843.4
-98442.4
-98976.1
-98786.1
-98885.0
-98567.4
-98788.7
-98739.2
-98887.6
-98692.3
-98619.4
-98674.1
-98747.0
-98611.6
-98710.6
-98523.1
-98481.4
-98616.8
-98504.9
-98364.3
-98616.8
-98379.9
-98637.7
-98731.4
-98533.5
-98473.6
-98598.6
-98314.8
-98468.4
-98517.9
-98632.5
-98197.6
-98247.1
-98314.8
-98228.9
-98228.9
-98351.3
-98322.6
-98234.1
-98385.1
-98150.8
-98163.8
-97963.3
-98525.7
-98228.9
-98182.0
-98226.3
-97973.7
-98335.6
-97981.5
-98002.4
-98343.5
-98119.5
-98187.2
-98101.3
-98005.0
-98213.3
-98395.5
-98140.4
-98111.7
-98085.7
-97913.8
-97752.4
-98226.3
-97796.7
-98083.1
-97867.0
-98119.5
-97775.8
-97788.9
-97906.0
-97968.5
-97752.4
-98015.4
-97893.0
-97762.8
-98020.6
-97817.5
-97650.9
-97755.0
-97890.4
-97606.6
-97861.8
-97609.2
-97617.0
-97682.1
-97413.9
-97752.4
-97630.0
-97679.5
-97697.7
-97596.2
-97781.1
-97413.9
-97351.4
-97549.3
-97169.2
-97328.0
-97525.9
-97562.3
-97453.0
-97460.8
-97510.3
-97666.5
-97432.2
-97137.9
-97788.9
-97411.3
-97179.6
-97369.7
-97122.3
-97307.2
-97440.0
-97307.2
-97333.2
-97296.8
-96843.7
-97328.0
-97262.9
-97098.9
-97117.1
-96955.7
-97374.9
-97177.0
-97179.6
-97231.7
-96898.4
-97247.3
-96877.6
-96929.7
-97127.5
-97203.0
-97091.1
-96966.1
-97124.9
-97101.5
-96713.5
-97177.0
-96791.7
-97065.0
-96908.8
-96937.5
-96729.2
-96942.7
-96914.0
-97101.5
-96653.7
-96599.0
-96856.8
-96812.5
-96669.3
-96859.4
-96635.4
-96877.6
-96825.5
-96744.8
-96570.3
-96559.9
-96768.2
-96674.5
-96768.2
-96385.5
-96684.9
-96338.6
-96599.0
-96747.4
-96448.0
-96601.6
-96445.4
-96500.0
-96429.7
-96481.8
-96713.5
-96533.9
-96515.7
-96617.2
-96265.7
-96304.8
-96403.7
-96351.6
-96281.3
-96237.1
-96213.6
-96231.9
-96286.5
-96294.4
-95942.9
-96270.9
-96060.0
-96213.6
-96187.6
-96221.5
-96435.0
-95825.7
-95963.7
-96161.6
-96117.3
-95927.2
-96060.0
-96104.3
-95771.0
-96310.0
-95567.9
-96169.4
-95979.3
-95849.1
-96200.6
-95953.3
-96125.1
-95739.8
-95635.6
-95890.8
-95734.6
-95867.4
-95739.8
-96106.9
-95521.1
-95812.7
-95692.9
-95739.8
-95729.4
-95661.7
-95851.7
-95502.8
-95828.3
-95708.5
-95289.3
-95604.4
-95609.6
-95497.6
-95398.7
-95567.9
-95578.3
-95416.9
-95437.7
-95510.7
-95398.7
-95716.3
-95758.0
-95539.3
-95502.8
-95172.2
-95458.6
-95502.8
-95416.9
-95265.9
-95682.5
-95120.1
-95565.3
-95575.7
-95346.6
-95448.2
-95265.9
-95286.7
-95398.7
-95318.0
-95265.9
-95049.8
-95328.4
-94989.9
-95109.7
-95265.9
-94937.8
-95268.5
-95273.7
-95159.2
-94893.6
-95281.5
-94963.9
-95075.8
-94948.3
-94997.7
-95016.0
-94987.3
-94982.1
-94948.3
-94997.7
-95104.5
-94943.0
-95206.0
-95140.9
-95073.2
-94638.4
-94792.0
-94711.3
-94745.2
-94755.6
-94726.9
-94620.2
-94818.1
-94737.4
-94565.5
-94612.4
-94534.3
-94693.1
-94784.2
-94750.4
-94570.7
-94685.3
-94854.5
-94633.2
-94612.4
-94620.2
-94255.7
-94393.7
-94643.6
-94393.7
-94654.0
-94406.7
-94565.5
-94281.7
-94875.4
-94458.8
-94255.7
-94299.9
-94487.4
-94674.9
-94120.3
-94172.4
-94276.5
-94117.7
-94687.9
-94232.2
-94151.5
-94211.4
-94333.8
-94474.4
-94161.9
-94208.8
-94427.5
-94099.5
-94214.0
-93909.4
-94260.9
-94005.7
-93977.1
-94510.8
-93878.1
-93940.6
-93758.4
-94005.7
-93862.5
-93789.6
-94195.8
-93875.5
-94109.9
-93820.9
-94000.5
-94107.3
-93909.4
-93800.0
-93607.4
-93781.8
-94172.4
-93841.7
-93935.4
-94042.2
-93500.6
-93781.8
-93649.0
-93802.6
-93557.9
-93714.1
-93347.0
-93589.1
-93802.6
-93557.9
-93872.9
-93693.3
-93479.8
-93445.9
-93294.9
-93386.1
-93638.6
-93399.1
-93321.0
-93623.0
-93143.9
-93550.1
-93498.0
-93375.6
-93740.2
-93542.3
-93242.8
-93464.2
-93498.0
-93341.8
-93307.9
-93117.9
-93073.6
-93399.1
-93055.4
-93055.4
-93396.5
-93328.8
-93128.3
-93427.7
-93162.1
-93248.1
-93005.9
-93177.8
-93032.0
-92974.7
-93162.1
-93073.6
-93073.6
-93130.9
-93065.8
-93008.5
-93008.5
-93287.1
-92865.3
-93188.2
-93073.6
-93107.5
-93047.6
-92834.1
-92854.9
-93076.2
-92813.2
-92779.4
-93052.8
-92831.5
-92904.4
-92750.8
-92826.3
-93349.6
-92716.9
-92862.7
-92821.1
-92667.4
-92792.4
-92729.9
-92638.8
-92880.9
-92805.4
-92690.9
-92831.5
-92925.2
-92618.0
-92641.4
-92690.9
-92914.8
-92667.4
-92591.9
-92930.4
-92133.7
-92693.5
-92732.5
-92620.6
-92375.8
-92651.8
-92555.5
-92347.2
-92677.9
-92412.3
-92664.8
-92274.3
-92558.1
-92493.0
-92292.5
-92352.4
-92558.1
-92498.2
-92331.6
-92485.2
-92383.6
-92266.5
-92451.3
-92266.5
-92263.9
-92357.6
-92370.6
-91641.6
-92105.0
-92318.5
-92079.0
-92185.8
-92198.8
-92209.2
-92198.8
-92339.4
-92243.0
-92219.6
-91977.5
-92191.0
-92183.2
-92107.6
-92167.5
-91972.3
-91933.2
-92276.9
-92120.7
-92133.7
-92011.3
-92383.6
-92378.4
-91706.7
-91771.8
-92138.9
-91969.7
-91563.5
-92144.1
-91935.8
-91782.2
-92053.0
-91883.7
-91891.5
-91761.4
-91685.9
-92214.4
-91501.0
-92021.7
-91829.1
-91750.9
-91766.6
-91784.8
-91769.2
-91717.1
-91685.9
-91847.3
-91628.6
-91540.0
-91717.1
-91685.9
-91665.0
-91954.0
-91592.1
-91550.5
-91756.1
-91537.4
-91626.0
-91469.7
-91547.9
-91459.3
-91654.6
-91727.5
-91527.0
-91508.8
-91527.0
-91501.0
-91693.7
-91514.0
-91297.9
-91303.1
-91482.8
-91287.5
-91454.1
-91399.4
-91529.6
-91381.2
-91675.4
-91292.7
-91146.9
-91527.0
-91323.9
-91967.0
-91217.2
-91334.4
-91334.4
-91287.5
-91269.3
-91386.4
-91248.4
-91399.4
-91316.1
-91146.9
-91115.6
-91342.2
-91107.8
-91094.8
-91248.4
-90956.8
-91394.2
-91175.5
-91170.3
-91248.4
-91204.2
-91185.9
-91045.3
-90993.3
-91126.1
-91110.4
-91300.5
-91204.2
-90831.8
-91553.1
-91045.3
-91157.3
-90915.2
-91032.3
-91011.5
-90839.7
-91032.3
-90977.7
-91019.3
-90959.4
-91037.5
-90766.8
-91045.3
-90912.6
-91050.6
-90855.3
-90704.3
-90753.7
-91079.2
-90980.3
-90740.7
-90704.3
-90785.0
-90915.2
-90894.3
-90644.4
-90798.0
-90850.1
-90899.5
-90477.7
-90730.3
-90938.6
-90688.6
-90798.0
-90758.9
-90675.6
-90639.2
-90753.7
-90826.6
-91113.0
-90443.9
-90579.3
-90688.6
-90662.6
-90566.3
-90748.5
-90553.3
-90334.5
-90477.7
-90727.7
-90462.1
-90290.3
-90334.5
-90243.4
-90128.9
-90347.6
-90576.7
-90430.9
-90055.9
-90423.1
-90553.3
-90477.7
-90368.4
-90121.0
-90449.1
-90425.7
-89944.0
-90272.1
-90238.2
-90412.7
-90095.0
-90483.0
-90014.3
-90040.3
-90345.0
-90207.0
-90011.7
-90207.0
-89949.2
-90428.3
-90381.4
-90032.5
-90175.7
-89954.4
-90261.6
-90199.2
-89949.2
-90235.6
-90167.9
-90282.5
-90490.8
-89928.4
-90173.1
-90193.9
-89655.0
-90212.2
-89998.7
-90139.3
-89967.4
-89907.5
-90298.1
-89753.9
-90204.4
-90071.6
-90147.1
-89949.2
-89639.4
-89878.9
-90040.3
-89980.4
-89967.4
-89813.8
-89753.9
-89740.9
-89722.7
-89816.4
-89558.6
-89819.0
-89941.4
-90037.7
-89727.9
-89899.7
-89824.2
-89735.7
-89907.5
-89717.5
-89657.6
-89626.3
-89772.1
-89735.7
-89522.2
-89636.8
-89662.8
-89496.2
-89420.7
-89642.0
-89938.8
-89592.5
-89566.5
-89644.6
-89522.2
-89576.9
-89691.4
-89571.7
-89306.1
-89605.5
-89608.1
-89524.8
-89498.8
-89113.4
-89300.9
-89631.6
-89436.3
-89368.6
-89522.2
-89358.2
-89709.7
-89759.1
-89571.7
-89420.7
-89493.6
-89256.6
-89592.5
-89300.9
-89488.3
-89188.9
-88993.6
-89045.7
-89277.5
-89449.3
-89418.0
-89441.5
-89329.5
-89191.5
-89300.9
-89134.2
-89058.7
-89170.7
-89334.7
-88876.5
-89217.6
-89261.8
-89173.3
-89225.4
-89092.6
-88988.4
-89248.8
-89105.6
-89110.8
-89126.4
-88920.7
-89308.7
-89149.9
-88840.0
-89105.6
-88748.9
-89168.1
-89006.7
-88959.8
-88936.4
-88944.2
-88902.5
-88730.7
-88897.3
-88790.6
-88972.8
-89170.7
-88858.3
-88803.6
-89225.4
-88715.1
-88819.2
-88811.4
-88785.4
-89196.7
-88496.3
-88991.0
-88845.2
-88988.4
-88092.8
-88939.0
-88801.0
-89037.9
-88980.6
-88761.9
-88566.6
-88608.3
-88561.4
-88782.8
-88600.5
-88743.7
-88644.8
-88785.4
-88571.9
-88660.4
-88790.6
-88592.7
-88728.1
-88803.6
-88485.9
-88748.9
-88689.0
-88470.3
-88327.1
-88483.3
-88616.1
-88535.4
-88501.6
-88501.6
-88446.9
-88717.7
-88340.1
-88527.6
-88358.4
-88579.7
-88332.3
-87660.6
-88314.1
-88293.3
-88605.7
-88267.2
-88413.0
-88142.2
-88152.7
-88509.4
-88603.1
-87809.0
-88176.1
-88176.1
-88402.6
-88144.9
-88423.4
-88019.9
-87965.2
-88048.5
-88170.9
-88056.3
-87980.8
-88444.3
-87775.1
-87853.2
-88415.6
-88108.4
-87822.0
-88397.4
-88032.9
-87835.0
-88098.0
-88256.8
-88061.5
-88233.4
-88085.0
-87853.2
-87897.5
-88202.1
-87939.2
-88100.6
-87887.1
-87853.2
-88079.8
-87756.9
-88001.6
-87754.3
-87965.2
-87762.1
-88186.5
-87613.7
-87689.2
-87767.3
-88071.9
-87858.4
-87845.4
-87814.2
-87717.8
-87483.5
-88131.8
-87715.2
-87822.0
-87788.1
-87507.0
-87634.5
-87447.1
-87754.3
-87566.8
-87691.8
-88019.9
-87616.3
-87585.1
-87764.7
-87160.7
-87600.7
-87551.2
-87426.2
-87462.7
-87629.3
-87639.7
-87454.9
-87441.9
-87493.9
-87538.2
-87478.3
-87577.2
-87285.6
-87499.1
-87046.1
-87444.5
-87134.6
-87413.2
-87434.0
-87264.8
-87350.7
-87439.3
-87270.0
-87204.9
-87314.3
-86996.6
-87496.5
-87431.4
-87509.6
-86853.4
-87624.1
-87335.1
-87444.5
-87470.5
-87199.7
-87199.7
-87061.7
-87106.0
-87296.1
-86944.6
-86947.2
-86957.6
-87082.6
-87059.1
-86968.0
-87145.0
-87038.3
-86908.1
-86949.8
-86830.0
-86780.5
-87043.5
-86830.0
-86910.7
-86564.4
-86947.2
-86884.7
-86978.4
-86731.1
-86621.7
-86785.7
-87056.5
-86790.9
-86715.4
-86973.2
-86856.0
-86569.6
-86788.3
-86733.7
-86692.0
-86538.4
-86926.3
-86509.7
-86655.5
-86710.2
-86822.2
-86874.3
-86619.1
-86439.4
-86621.7
-87009.6
-86913.3
-86702.4
-86478.5
-86658.2
-86723.2
-86413.4
-86569.6
-86611.3
-86692.0
-86426.4
-86395.2
-86387.4
-86460.3
-86460.3
-86395.2
-86606.1
-86431.6
-86499.3
-86275.4
-86796.1
-86483.7
-86434.2
-86129.6
-86319.7
-86496.7
-86434.2
-86434.2
-86392.6
-85978.6
-86452.5
-85908.3
-86228.5
-86348.3
-86140.0
-86509.7
-85931.7
-86335.3
-86283.2
-86017.6
-85926.5
-86106.2
-86314.5
-86132.2
-86280.6
-86218.1
-85973.4
-86111.4
-86025.5
-86319.7
-85921.3
-86022.9
-85913.5
-85858.8
-85936.9
-85793.7
-85856.2
-85765.1
-85877.0
-86153.0
-85913.5
-85960.4
-86030.7
-85921.3
-85871.8
-85929.1
-85994.2
-85856.2
-85897.9
-85752.1
-85939.5
-86090.6
-85825.0
-85616.7
-85923.9
-85702.6
-86134.8
-85793.7
-85770.3
-85512.5
-85856.2
-85801.5
-85660.9
-85660.9
-85549.0
-86043.7
-85257.4
-85757.3
-85746.9
-85726.0
-85442.2
-85913.5
-85515.1
-85491.7
-85429.2
-85710.4
-85468.3
-85499.5
-85619.3
-85437.0
-85457.9
-85392.8
-85504.7
-85296.4
-85655.7
-85312.1
-85109.0
-85351.1
-85275.6
-85507.3
-85270.4
-85244.4
-85369.3
-85361.5
-85671.4
-84924.1
-85351.1
-85418.8
-85403.2
-85275.6
-85197.5
-85207.9
-85189.7
-85299.0
-85161.0
-84958.0
-85051.7
-85176.7
-85296.4
-84892.9
-85155.8
-85189.7
-84892.9
-84994.4
-85525.6
-84944.9
-85012.6
-85176.7
-84973.6
-85192.3
-85176.7
-84780.9
-85049.1
-85038.7
-84793.9
-84796.5
-85184.5
-84848.6
-85082.9
-84314.8
-84984.0
-84570.0
-84760.1
-85101.2
-84721.0
-84629.9
-84783.5
-84911.1
-84695.0
-85090.7
-84700.2
-84760.1
-84905.9
-84952.7
-84887.7
-85114.2
-84700.2
-84679.4
-84736.6
-84666.3
-84736.6
-84455.4
-84517.9
-84395.6
-84767.9
-84437.2
-84523.1
-84788.7
-84653.3
-84622.1
-84382.5
-84603.9
-84533.6
-84455.4
-84463.3
-84307.0
-84393.0
-84541.4
-84437.2
-84546.6
-84736.6
-84476.3
-84640.3
-84416.4
-84484.1
-84148.2
-84528.3
-84364.3
-84330.5
-84408.6
-84304.4
-84379.9
-84434.6
-84520.5
-84538.8
-84609.1
-84294.0
-84525.7
-84330.5
-84288.8
-84429.4
-84275.8
-84150.8
-84031.0
-84317.4
-84007.6
-84288.8
-84197.7
-84330.5
-83867.0
-84005.0
-84291.4
-83921.7
-83833.2
-84317.4
-83762.9
-84189.9
-84090.9
-84033.6
-83799.3
-84054.5
-84049.3
-83796.7
-83770.7
-83791.5
-83856.6
-83856.6
-84090.9
-84075.3
-83481.7
-83973.8
-83757.7
-83986.8
-83989.4
-83791.5
-83898.3
-83552.0
-83716.0
-83984.2
-83611.9
-83854.0
-83742.0
-83773.3
-84070.1
-83841.0
-84085.7
-83565.0
-83674.3
-83710.8
-83544.2
-83606.6
-83729.0
-83552.0
-83723.8
-83976.4
-83346.3
-83604.0
-83812.3
-83598.8
-83820.1
-83427.0
-83611.9
-83403.6
-83497.3
-83945.1
-83239.5
-83695.2
-83656.1
-83515.5
-83296.8
-83481.7
-83531.1
-83234.3
-83466.0
-83643.1
-83328.1
-83132.8
-83393.1
-83619.7
-83442.6
-83458.2
-83294.2
-83312.4
-83151.0
-83523.3
-83458.2
-83325.4
-83179.6
-83205.7
-83406.2
-83156.2
-83325.4
-83296.8
-83210.9
-83002.6
-83080.7
-83052.1
-83234.3
-83002.6
-83046.9
-83023.4
-83197.9
-83195.3
-83273.4
-83078.1
-83059.9
-82731.8
-83018.2
-82934.9
-83000.0
-82968.7
-83130.2
-82773.5
-82843.8
-82898.4
-83070.3
-82890.6
-83023.4
-82828.1
-82927.1
-83203.1
-82903.7
-82916.7
-83046.9
-83000.0
-82513.1
-82744.8
-82919.3
-82828.1
-82927.1
-83007.8
-82924.5
-82721.4
-82536.5
-83197.9
-82336.0
-82875.0
-82903.7
-82593.8
-82885.4
-82390.7
-82664.1
-82625.1
-82781.3
-82609.4
-82526.1
-82872.4
-82544.3
-82690.1
-82825.5
-82674.5
-82390.7
-82942.7
-82872.4
-82817.7
-82677.1
-82375.1
-82625.1
-82570.4
-82502.7
-82565.2
-82487.1
-82294.4
-82242.3
-82528.7
-82203.3
-82601.6
-82445.4
-82291.8
-82570.4
-82127.8
-82310.0
-82343.9
-82213.7
-82531.3
-82802.1
-82325.6
-82351.7
-82276.2
-82281.4
-82367.3
-82166.8
-82375.1
-82320.4
-82388.1
-81875.2
-82263.1
-82023.6
-82291.8
-82414.2
-82174.6
-82099.1
-82244.9
-82328.2
-82211.1
-82242.3
-82182.4
-82122.5
-81968.9
-82140.8
-82057.5
-82198.1
-82075.7
-82067.9
-82182.4
-81995.0
-82151.2
-82080.9
-81950.7
-81966.3
-81981.9
-81890.8
-82101.7
-81911.7
-81890.8
-82041.8
-81841.4
-81958.5
-81841.4
-82119.9
-81867.4
-81942.9
-81685.1
-81794.5
-81575.8
-81817.9
-82153.8
-81950.7
-81976.7
-81685.1
-81854.4
-81776.3
-81867.4
-81669.5
-81979.3
-81851.8
-81760.6
-81797.1
-81513.3
-81862.2
-81609.6
-81778.9
-81646.1
-81784.1
-81708.6
-81729.4
-81700.8
-81489.9
-81466.4
-81968.9
-81471.6
-81422.2
-81414.3
-81633.1
-81255.5
-81417.0
-81633.1
-81622.6
-81482.0
-81073.3
-81495.1
-81799.7
-81271.1
-81302.4
-81763.2
-81250.3
-81880.4
-81513.3
-81482.0
-81289.4
-81401.3
-81263.3
-81521.1
-81458.6
-81398.7
-81161.8
-81362.3
-81185.2
-81398.7
-81427.4
-81203.5
-81081.1
-81357.1
-81258.1
-81331.0
-81198.2
-80922.3
-81325.8
-81265.9
-80828.5
-81091.5
-81260.7
-81156.6
-81034.2
-81042.0
-80846.7
-81297.2
-81289.4
-81016.0
-81193.0
-81081.1
-80956.1
-81237.3
-81229.5
-81018.6
-80953.5
-80969.1
-81159.2
-81169.6
-80997.8
-81245.1
-80596.8
-80945.7
-80846.7
-80838.9
-81078.5
-80875.4
-80995.2
-80883.2
-80591.6
-81075.9
-80828.5
-80883.2
-80997.8
-81018.6
-80711.4
-80958.7
-80763.4
-80805.1
-80721.8
-80836.3
-81023.8
-80687.9
-80833.7
-80700.9
-80833.7
-80865.0
-80599.4
-80552.5
-80828.5
-80690.5
-80505.7
-80784.3
-80984.7
-80409.3
-80513.5
-80719.2
-80568.2
-80690.5
-80495.3
-80766.0
-80794.7
-80753.0
-80622.8
-80773.8
-80875.4
-80487.4
-80687.9
-80516.1
-80750.4
-80625.4
-80378.1
-80432.8
-80464.0
-80388.5
-80568.2
-80510.9
-80258.3
-80427.6
-80997.8
-80180.2
-80284.4
-80466.6
-80234.9
-80484.8
-80323.4
-80562.9
-80229.7
-80500.5
-80250.5
-80323.4
-80562.9
-80175.0
-80370.3
-80068.2
-80326.0
-80612.4
-80229.7
-80661.9
-80078.7
-80125.5
-80378.1
-80294.8
-79979.7
-80396.3
-80242.7
-80057.8
-80219.3
-80047.4
-79722.0
-80057.8
-80169.8
-80117.7
-80281.7
-80271.3
-80120.3
-80107.3
-80138.5
-80138.5
-80031.8
-80245.3
-80320.8
-80349.4
-80216.7
-80260.9
-80107.3
-79836.5
-80182.8
-80018.8
-79927.6
-79995.3
-80154.2
-79862.6
-79807.9
-80031.8
-80120.3
-80099.5
-79878.2
-79880.8
-79935.5
-79867.8
-80117.7
-79953.7
-79854.7
-80031.8
-79615.2
-79899.0
-79740.2
-79844.3
-79901.6
-79534.5
-79513.7
-79860.0
-79576.2
-79729.8
-79797.5
-79893.8
-79659.5
-79636.0
-79677.7
-79659.5
-79589.2
-79800.1
-79401.7
-79792.3
-79419.9
-79677.7
-79552.7
-79722.0
-79391.3
-79414.7
-79589.2
-79594.4
-79425.1
-79599.6
-79844.3
-79276.7
-79336.6
-79435.6
-79443.4
-79662.1
-79459.0
-79435.6
-79271.5
-79472.0
-79597.0
-79360.0
-79354.8
-79524.1
-79347.0
-79404.3
-79302.8
-79386.1
-79370.5
-79274.1
-79339.2
-79175.2
-79446.0
-79248.1
-79310.6
-79279.3
-79261.1
-79328.8
-79258.5
-79175.2
-79271.5
-78917.4
-79133.5
-79185.6
-79438.2
-79154.4
-79216.8
-79297.6
-79086.7
-79315.8
-79091.9
-79295.0
-79235.1
-79289.7
-79253.3
-78896.6
-79102.3
-79016.4
-78990.3
-79034.6
-79263.7
-78589.4
-79060.6
-79266.3
-78828.9
-79019.0
-78907.0
-79065.8
-79216.8
-79058.0
-78956.5
-78857.5
-78985.1
-78901.8
-78935.6
-78644.0
-78899.2
-78646.6
-78771.6
-78576.3
-78961.7
-79037.2
-78771.6
-78839.3
-78552.9
-78456.6
-78992.9
-78657.1
-78636.2
-78602.4
-78573.7
-78722.1
-78625.8
-78620.6
-78571.1
-78638.8
-78750.8
-78810.7
-78638.8
-78706.5
-78586.8
-79000.7
-78355.0
-78709.1
-78409.7
-78696.1
-78448.8
-78753.4
-78547.7
-78485.2
-78500.8
-78185.8
-78211.8
-78490.4
-78584.2
-78443.6
-78615.4
-78683.1
-78253.5
-78266.5
-78503.4
-78305.6
-78344.6
-78441.0
-78480.0
-78375.9
-78219.6
-78256.1
-78560.7
-78214.4
-78443.6
-78448.8
-78276.9
-78433.1
-78243.1
-78060.8
-78292.5
-78258.7
-78316.0
-78279.5
-78120.7
-78136.3
-78292.5
-78401.9
-78170.2
-78185.8
-78227.4
-78217.0
-77990.5
-77990.5
-78120.7
-78079.0
-78060.8
-78209.2
-77870.7
-78055.6
-78063.4
-78154.5
-77847.3
-78006.1
-78120.7
-78128.5
-77980.1
-78175.4
-77987.9
-77990.5
-77922.8
-77881.2
-77709.3
-77935.8
-78047.8
-77589.5
-77857.7
-77948.9
-78068.6
-77985.3
-77659.8
-77917.6
-77909.8
-77652.0
-78172.8
-77472.4
-77899.4
-77586.9
-77672.9
-77735.4
-77706.7
-77711.9
-77862.9
-77287.5
-77862.9
-77857.7
-77498.4
-77464.6
-77904.6
-77730.1
-77402.1
-77657.2
-77495.8
-77607.8
-77545.3
-77839.5
-77441.1
-77868.1
-77626.0
-77477.6
-77508.8
-77652.0
-77386.5
-77308.4
-77600.0
-77256.3
-77493.2
-77396.9
-77357.8
-77662.5
-77251.1
-77235.4
-77139.1
-77308.4
-77214.6
-77061.0
-77511.4
-77282.3
-77334.4
-77344.8
-77178.2
-77183.4
-77448.9
-77110.5
-77472.4
-77066.2
-77243.3
-77282.3
-77074.0
-76964.7
-77253.7
-77027.2
-77141.7
-77141.7
-76962.1
-77191.2
-77115.7
-77230.2
-77230.2
-77154.7
-77165.1
-77011.5
-77089.6
-77193.8
-76831.9
-76964.7
-77113.1
-76959.5
-76907.4
-76834.5
-77084.4
-76884.0
-76923.0
-76740.7
-76959.5
-76766.8
-76925.6
-77074.0
-76764.2
-77021.9
-76730.3
-76701.7
-76824.1
-76454.3
-76959.5
-76753.8
-76808.4
-76959.5
-76649.6
-76766.8
-76691.3
-76743.4
-76462.2
-76910.0
-76574.1
-76675.7
-76652.2
-76766.8
-76509.0
-76571.5
-76470.0
-76472.6
-76545.5
-76704.3
-76506.4
-76188.8
-76472.6
-76430.9
-76381.4
-76256.5
-76725.1
-76394.5
-76509.0
-76303.3
-76701.7
-76214.8
-76470.0
-76433.5
-76456.9
-76316.4
-76587.1
-76456.9
-76571.5
-76472.6
-76378.8
-76110.7
-76368.4
-76326.8
-76303.3
-76381.4
-76371.0
-76472.6
-76235.6
-76394.5
-75738.3
-76082.0
-76032.5
-76108.1
-76264.3
-75865.9
-76222.6
-76071.6
-75988.3
-75889.3
-76186.2
-76019.5
-76253.9
-76326.8
-75735.7
-76381.4
-76251.3
-76095.0
-75980.5
-75954.4
-76313.7
-75722.7
-75722.7
-76035.2
-75670.6
-75865.9
-76326.8
-75735.7
-75816.4
-75839.9
-75865.9
-76118.5
-75735.7
-75967.5
-75993.5
-75543.1
-75772.2
-75748.7
-75785.2
-75735.7
-75798.2
-75451.9
-75839.9
-75839.9
-75504.0
-75735.7
-75530.0
-75785.2
-75709.7
-75967.5
-75964.9
-75967.5
-75881.5
-75793.0
-75811.2
-75918.0
-75662.8
-75936.2
-75886.7
-75826.9
-75803.4
-75600.3
-75795.6
-75514.4
-75683.7
-75754.0
-75537.9
-75759.2
-75634.2
-75571.7
-75639.4
-75514.4
-75686.3
-75597.7
-75459.7
-75782.6
-75207.2
-75556.1
-75548.3
-75537.9
-75285.3
-75686.3
-75780.0
-75616.0
-75759.2
-75558.7
-75431.1
-75605.5
-75399.9
-75389.4
-75381.6
-75410.3
-75423.3
-75337.4
-75251.4
-75394.6
-75155.1
-75248.8
-75392.0
-75228.0
-75217.6
-75389.4
-75251.4
-75431.1
-75272.3
-75103.0
-75157.7
-75462.3
-75371.2
-75464.9
-75506.6
-75215.0
-74915.6
-75144.7
-75157.7
-75071.8
-75178.5
-75269.7
-75222.8
-74775.0
-75084.8
-75217.6
-75235.8
-75071.8
-75189.0
-75423.3
-75030.1
-75118.7
-74996.3
-75267.1
-75118.7
-74928.6
-74868.7
-75009.3
-75056.2
-75004.1
-74764.6
-74928.6
-75160.3
-74863.5
-74957.2
-74806.2
-74900.0
-74772.4
-74788.0
-74842.7
-74795.8
-74832.3
-74754.1
-74941.6
-74860.9
-74811.4
-74954.6
-74832.3
-74894.7
-74814.0
-74762.0
-74806.2
-74907.8
-74673.4
-74634.4
-74868.7
-74808.8
-74952.0
-74842.7
-74650.0
-74652.6
-74668.2
-74928.6
-74465.1
-74535.4
-74722.9
-74605.7
-74790.6
-74858.3
-74301.1
-74582.3
-74579.7
-74600.5
-74670.8
-74569.3
-74506.8
-74681.2
-74629.2
-74827.0
-74012.1
-74808.8
-74496.4
-74436.5
-74358.4
-74280.3
-74295.9
-74366.2
-74621.4
-74366.2
-74613.5
-74454.7
-74290.7
-74431.3
-74426.1
-73866.3
-74590.1
-74238.6
-74308.9
-74223.0
-74327.1
-74488.6
-74249.0
-74384.4
-74157.9
-74085.0
-74308.9
-74272.5
-74267.3
-74483.4
-74173.5
-74051.2
-74230.8
-73983.5
-74254.2
-73993.9
-74217.8
-74066.8
-74298.5
-74059.0
-74389.6
-74098.0
-74095.4
-74113.6
-74493.8
-74030.3
-74051.2
-74098.0
-73853.3
-74147.5
-74233.4
-74030.3
-73970.4
-74072.0
-73941.8
-73928.8
-73939.2
-73582.5
-74301.1
-73853.3
-74194.4
-73845.5
-73730.9
-73835.0
-73855.9
-73960.0
-73715.3
-73970.4
-73840.3
-73908.0
-73848.1
-73777.8
-74173.5
-73884.5
-73824.6
-73863.7
-74087.6
-73876.7
-73858.5
-73551.2
-73746.5
-73642.4
-73624.1
-73738.7
-73249.2
-73884.5
-73590.3
-73736.1
-73918.4
-73785.6
-73595.5
-73741.3
-73598.1
-73665.8
-73382.0
-73730.9
-73704.9
-73564.3
-73402.8
-73514.8
-73371.6
-73428.9
-73712.7
-73475.7
-73632.0
-73582.5
-73454.9
-73361.2
-73702.3
-73345.6
-73842.9
-73202.4
-73176.3
-73527.8
-73040.9
-73663.2
-73233.6
-73543.4
-73228.4
-73259.6
-73371.6
-73348.2
-73238.8
-73488.8
-73316.9
-73572.1
-73343.0
-73176.3
-73540.8
-73348.2
-73462.7
-73353.4
-73113.8
-73392.4
-73350.8
-72915.9
-73483.6
-73111.2
-73168.5
-73119.0
-73113.8
-73137.3
-73402.8
-73113.8
-73228.4
-73137.3
-73100.8
-73129.5
-73064.4
-72738.9
-73014.9
-72960.2
-73001.9
-72994.1
-72835.2
-72845.7
-73275.3
-73262.2
-73072.2
-73020.1
-72991.5
-72853.5
-72988.9
-72848.3
-72866.5
-73447.1
-72923.8
-72861.3
-73001.9
-72949.8
-73150.3
-72975.8
-73048.7
-73072.2
-72817.0
-72848.3
-73030.5
-72653.0
-72939.4
-72999.3
-72869.1
-73059.2
-72759.7
-72746.7
-72663.4
-72502.0
-72718.1
-72889.9
-72473.3
-72884.7
-72528.0
-72621.7
-72996.7
-72819.6
-72814.4
-72538.4
-72746.7
-72603.5
-72632.1
-72423.9
-72671.2
-72723.3
-72681.6
-72603.5
-72712.9
-72569.7
-72619.1
-72457.7
-72546.2
-72400.4
-72707.7
-72478.5
-72452.5
-72460.3
-72390.0
-72533.2
-72538.4
-72462.9
-72400.4
-72400.4
-72423.9
-72530.6
-72246.8
-72509.8
-72384.8
-72254.6
-72488.9
-72400.4
-72535.8
-72366.6
-72142.7
-72322.3
-72314.5
-72304.1
-72194.7
-72218.2
-72361.4
-72233.8
-72199.9
-72155.7
-72488.9
-72033.3
-72416.0
-72304.1
-72111.4
-72311.9
-71955.2
-72426.5
-72116.6
-72317.1
-72088.0
-71793.8
-72116.6
-71976.0
-71720.9
-72462.9
-71757.3
-72158.3
-72207.7
-71963.0
-72048.9
-71918.7
-72155.7
-72098.4
-71994.2
-71817.2
-72098.4
-71900.5
-72335.3
-72007.3
-71892.7
-71804.2
-72160.9
-71718.3
-71947.4
-72166.1
-71978.6
-71856.3
-71819.8
-71806.8
-71736.5
-71887.5
-71968.2
-71913.5
-71809.4
-71942.2
-71648.0
-71752.1
-71661.0
-71603.7
-71955.2
-71900.5
-71671.4
-71598.5
-71478.7
-71968.2
-71694.8
-71648.0
-71650.6
-71608.9
-71614.1
-71478.7
-71788.6
-71486.5
-71650.6
-71512.6
-71684.4
-71476.1
-71744.3
-71788.6
-71405.8
-71877.1
-71739.1
-71835.4
-71541.2
-71536.0
-71668.8
-71572.5
-71429.3
-71452.7
-71304.3
-71429.3
-71523.0
-71705.2
-71483.9
-71194.9
-71247.0
-71283.4
-71392.8
-71312.1
-71520.4
-71059.5
-71366.8
-71437.1
-71083.0
-71528.2
-71301.7
-71260.0
-71372.0
-71296.5
-71304.3
-71161.1
-71262.6
-71207.9
-71096.0
-71444.9
-71361.6
-71426.6
-70840.8
-71369.4
-71291.3
-71236.6
-70958.0
-71426.6
-71257.4
-71231.4
-71116.8
-71379.8
-71437.1
-71213.1
-71124.6
-71083.0
-70981.4
-71205.3
-71231.4
-70585.7
-70939.8
-70999.6
-71114.2
-71103.8
-71096.0
-71088.2
-71124.6
-71161.1
-70877.3
-71351.1
-70965.8
-70973.6
-70978.8
-71080.4
-71007.5
-71038.7
-70921.5
-70950.2
-70770.5
-70577.8
-70981.4
-70583.1
-71140.2
-70994.4
-71158.5
-70817.4
-70702.8
-70838.2
-70744.5
-71231.4
-70739.3
-70830.4
-70939.8
-71056.9
-70520.6
-70843.4
-70950.2
-70749.7
-70804.4
-70528.4
-70713.2
-70504.9
-70762.7
-70622.1
-70905.9
-70807.0
-70627.3
-70663.8
-70432.0
-70918.9
-70481.5
-70770.5
-70757.5
-70580.5
-70820.0
-70400.8
-70645.5
-70585.7
-70468.5
-70583.1
-70669.0
-70445.1
-70726.3
-70406.0
-70778.3
-70278.4
-70338.3
-70382.6
-70512.8
-70439.9
-70523.2
-70536.2
-70135.2
-70450.3
-70028.5
-70502.3
-70296.7
-70585.7
-70447.7
-70533.6
-70421.6
-70406.0
-70044.1
-70361.7
-70554.4
-70213.3
-70361.7
-70213.3
-70312.3
-70504.9
-70234.2
-70192.5
-70372.2
-70281.0
-70208.1
-70111.8
-70317.5
-70343.5
-70025.9
-69966.0
-70294.0
-70018.1
-69966.0
-70091.0
-70174.3
-70005.0
-70395.6
-69932.1
-70036.3
-70382.6
-69906.1
-70348.7
-70064.9
-70067.5
-69843.6
-69963.4
-69939.9
-69877.5
-70169.1
-69499.9
-70127.4
-69713.4
-70096.2
-70104.0
-69942.6
-69960.8
-69835.8
-69945.2
-69721.2
-69755.1
-69955.6
-69864.4
-69749.9
-69900.9
-69786.3
-69760.3
-69744.7
-69781.1
-69697.8
-70223.7
-70051.9
-69739.5
-69664.0
-69861.8
-69580.6
-69841.0
-69950.4
-69749.9
-69606.7
-69705.6
-69768.1
-69502.5
-69690.0
-69979.0
-69315.1
-69906.1
-69585.8
-69557.2
-69239.6
-69658.8
-69664.0
-69601.5
-69520.8
-69744.7
-69096.4
-69156.2
-69846.2
-69526.0
-69265.6
-70062.3
-69520.8
-69645.7
-69567.6
-69299.4
-69721.2
-69138.0
-68940.1
-69320.3
-69398.4
-69682.2
-69471.3
-69476.5
-69375.0
-69499.9
-69520.8
-69518.2
-69205.7
-69273.4
-69197.9
-69278.6
-69315.1
-69434.8
-69187.5
-69505.1
-69690.0
-69205.7
-69260.4
-69096.4
-69059.9
-69429.6
-69179.7
-69388.0
-69203.1
-69369.7
-68919.3
-69304.7
-69156.2
-69434.8
-69099.0
-68851.6
-69385.4
-68984.4
-69270.8
-69166.7
-69552.0
-69085.9
-69046.9
-69151.0
-68880.3
-69187.5
-68851.6
-69062.5
-68841.2
-69088.5
-68924.5
-69218.7
-69166.7
-69179.7
-68921.9
-68979.2
-69013.0
-68635.5
-69036.5
-69226.5
-68656.3
-68711.0
-69161.4
-68877.6
-68638.1
-68823.0
-68911.5
-68989.6
-69080.7
-68804.7
-68783.9
-68573.0
-68859.4
-68823.0
-68515.7
-68851.6
-68703.2
-68815.2
-68648.5
-68726.6
-69010.4
-68520.9
-68851.6
-68476.7
-68552.2
-68653.7
-68601.7
-68606.9
-69041.7
-68945.3
-68205.9
-68721.4
-68362.1
-68627.7
-68323.1
-68547.0
-68614.7
-68549.6
-68578.2
-68599.1
-68468.9
-68159.0
-68744.9
-68609.5
-68617.3
-68369.9
-68791.7
-68562.6
-68552.2
-68560.0
-68255.4
-68783.9
-68502.7
-68315.3
-68385.6
-68390.8
-68375.1
-68520.9
-68416.8
-68278.8
-68760.5
-68182.5
-68372.5
-68424.6
-68312.7
-68114.8
-68440.2
-68200.7
-68382.9
-68221.5
-68127.8
-68221.5
-68346.5
-68273.6
-68258.0
-67911.7
-68500.1
-68325.7
-68388.2
-68435.0
-68122.6
-68315.3
-67919.5
-68372.5
-68200.7
-68187.7
-68026.2
-68062.7
-68133.0
-68146.0
-68260.6
-68338.7
-67997.6
-68304.8
-67989.8
-68203.3
-68229.3
-68023.6
-68127.8
-67955.9
-67929.9
-67700.8
-68190.3
-68070.5
-68008.0
-68070.5
-68013.2
-67909.1
-68088.7
-68208.5
-68039.3
-67969.0
-67695.6
-67953.3
-67825.8
-67914.3
-68127.8
-68057.5
-67601.8
-67695.6
-68114.8
-67466.5
-67948.1
-67771.1
-67818.0
-67833.6
-67599.2
-67989.8
-67474.3
-67570.6
-68028.8
-67562.8
-67776.3
-67870.0
-67666.9
-67919.5
-67656.5
-67859.6
-67758.1
-67682.6
-67640.9
-67586.2
-67601.8
-67388.3
-67396.2
-67948.1
-67505.5
-67794.5
-67307.6
-67422.2
-67377.9
-67721.6
-67601.8
-67594.0
-67724.2
-67104.5
-67612.3
-67471.7
-67594.0
-67401.4
-67273.8
-67393.6
-67492.5
-67489.9
-67539.4
-67495.1
-67471.7
-67125.4
-67297.2
-67542.0
-67396.2
-67302.4
-67620.1
-67482.1
-67377.9
-67034.2
-67588.8
-67253.0
-67614.9
-67531.5
-67060.3
-67281.6
-67294.6
-67364.9
-67195.7
-67117.6
-67302.4
-67315.4
-67315.4
-67182.7
-67380.5
-67055.1
-67294.6
-67253.0
-67125.4
-67331.1
-67219.1
-66841.6
-66911.9
-66979.6
-67049.9
-67036.8
-66990.0
-66990.0
-67143.6
-67081.1
-66880.6
-66927.5
-66919.7
-66815.5
-67073.3
-67073.3
-67357.1
-67021.2
-67133.2
-67003.0
-66935.3
-66773.9
-67094.1
-66956.1
-67057.7
-66878.0
-66841.6
-66865.0
-66990.0
-66784.3
-66909.3
-67010.8
-67070.7
-66935.3
-66977.0
-66786.9
-67141.0
-66924.9
-66745.2
-66505.7
-66880.6
-66622.9
-66854.6
-66672.3
-67294.6
-66565.6
-66622.9
-66607.2
-66711.4
-66732.2
-66789.5
-66859.8
-66826.0
-66849.4
-66635.9
-66812.9
-66753.0
-66734.8
-66859.8
-66714.0
-66721.8
-66818.1
-66573.4
-66333.9
-66812.9
-66404.2
-66448.4
-66578.6
-66693.2
-66503.1
-66688.0
-66531.7
-66878.0
-66513.5
-66799.9
-66622.9
-66495.3
-66560.4
-66638.5
-66654.1
-66510.9
-66227.1
-66425.0
-66409.4
-66250.5
-66242.7
-66667.1
-66534.3
-66224.5
-66477.1
-66492.7
-66344.3
-66331.3
-66568.2
-66177.6
-66398.9
-66060.5
-66354.7
-66263.6
-66404.2
-66430.2
-66229.7
-66763.5
-66550.0
-65964.1
-66419.8
-66279.2
-66461.4
-66435.4
-65802.7
-66224.5
-66365.1
-66208.9
-66203.7
-66469.2
-66003.2
-66154.2
-66359.9
-66169.8
-66227.1
-65753.2
-66237.5
-65834.0
-65979.8
-66258.3
-65854.8
-66495.3
-66143.8
-66073.5
-66578.6
-65852.2
-66060.5
-66167.2
-66162.0
-65888.6
-66081.3
-66013.6
-66255.7
-66013.6
-65951.1
-66154.2
-66070.9
-65836.6
-66073.5
-65745.4
-66151.6
-66024.0
-65951.1
-65956.3
-65870.4
-65880.8
-65919.9
-65815.7
-66005.8
-66195.9
-65974.5
-65742.8
-65630.9
-65763.7
-65844.4
-65724.6
-65849.6
-65951.1
-65633.5
-65716.8
-65729.8
-65722.0
-65714.2
-65797.5
-66000.6
-65615.2
-65651.7
-65896.4
-65641.3
-65584.0
-66073.5
-65524.1
-65693.4
-65498.1
-65180.4
-65513.7
-65784.5
-65813.1
-65555.4
-65971.9
-65453.8
-65675.1
-65498.1
-65258.5
-65503.3
-65555.4
-65560.6
-65680.3
-65656.9
-65800.1
-65378.3
-65594.4
-65722.0
-65649.1
-65511.1
-65503.3
-65800.1
-65349.7
-65526.7
-65058.1
-65495.5
-65399.1
-65633.5
-65409.6
-65706.4
-65362.7
-65425.2
-65263.7
-65378.3
-65323.6
-65482.5
-65485.1
-65706.4
-65157.0
-65302.8
-65526.7
-65391.3
-65321.0
-65393.9
-65409.6
-65276.8
-65274.2
-65461.6
-65287.2
-65482.5
-65370.5
-65282.0
-65131.0
-65151.8
-65438.2
-64839.3
-65451.2
-65211.7
-65201.3
-64638.9
-65198.7
-65060.7
-65237.7
-65000.8
-65513.7
-64909.6
-65261.1
-65162.2
-64925.3
-64940.9
-65151.8
-65177.8
-65123.1
-65193.4
-65050.2
-64802.9
-65084.1
-64943.5
-64821.1
-64927.9
-64901.8
-64823.7
-65068.5
-65047.6
-64782.1
-64724.8
-65024.2
-64990.4
-64922.7
-64914.9
-64852.4
-64607.6
-65052.8
-64909.6
-64511.3
-64862.8
-64855.0
-64912.2
-64644.1
-65328.8
-64706.6
-64813.3
-64571.2
-64664.9
-64784.7
-64579.0
-65006.0
-64953.9
-64717.0
-64969.5
-64714.4
-64513.9
-64826.3
-64612.8
-64849.8
-64607.6
-64112.9
-64581.6
-64513.9
-64704.0
-64558.1
-64818.5
-64433.2
-64339.4
-64836.7
-64826.3
-64493.1
-64430.6
-64602.4
-64646.7
-64769.0
-64677.9
-64589.4
-64526.9
-64758.6
-64123.3
-64456.6
-64581.6
-64597.2
-64610.2
-64391.5
-64649.3
-64399.3
-64201.4
-64545.1
-64118.1
-64589.4
-64360.3
-64407.1
-64649.3
-64401.9
-64513.9
-64310.8
-64180.6
-64597.2
-64037.4
-64467.0
-64310.8
-64563.4
-64180.6
-64599.8
-64204.0
-64172.8
-64412.3
-63774.4
-64620.6
-64287.4
-64391.5
-64308.2
-63951.5
-64482.6
-63977.5
-64183.2
-64125.9
-64428.0
-64055.6
-64329.0
-64112.9
-64024.4
-64370.7
-64107.7
-64253.5
-64230.1
-64029.6
-64508.7
-63894.2
-63873.4
-64157.2
-63993.2
-63948.9
-64342.0
-63933.3
-64053.0
-63855.2
-64180.6
-64105.1
-64055.6
-63818.7
-63847.3
-63800.5
-63834.3
-64071.3
-63808.3
-63857.8
-63886.4
-63964.5
-64149.4
-64118.1
-63821.3
-63717.2
-63652.1
-63758.8
-63725.0
-64008.8
-63725.0
-64008.8
-64097.3
-63649.5
-63521.9
-64154.6
-63610.4
-63946.3
-63805.7
-63748.4
-63779.7
-63870.8
-63251.1
-63792.7
-63662.5
-63732.8
-63688.5
-63714.6
-63558.3
-63628.6
-63816.1
-63253.7
-63860.4
-63646.9
-63566.1
-63600.0
-63615.6
-63433.4
-63667.7
-63454.2
-63428.2
-63589.6
-63790.1
-63662.5
-63485.4
-63553.1
-63282.3
-63524.5
-63555.7
-63540.1
-63649.5
-63420.3
-63587.0
-63417.7
-63292.8
-63537.5
-63167.8
-63605.2
-63342.2
-63266.7
-63722.4
-63436.0
-63311.0
-63271.9
-63141.7
-63732.8
-63258.9
-63115.7
-63391.7
-63529.7
-63329.2
-63501.1
-63126.1
-63188.6
-63295.4
-63287.6
-63383.9
-63279.7
-63277.1
-63409.9
-63480.2
-62699.1
-63558.3
-63105.3
-63238.1
-63193.8
-63527.1
-63188.6
-63258.9
-62876.2
-63214.7
-62852.7
-63157.4
-63251.1
-62894.4
-63581.8
-62857.9
-63178.2
-63113.1
-62998.5
-63303.2
-62714.7
-63110.5
-63230.3
-63040.2
-62894.4
-63365.7
-62949.1
-63029.8
-63113.1
-63048.0
-63266.7
-62985.5
-62959.5
-62884.0
-63167.8
-62928.2
-62993.3
-62982.9
-62964.7
-63037.6
-62743.4
-63048.0
-62748.6
-62673.1
-63071.5
-62852.7
-62785.0
-62897.0
-62701.7
-63014.2
-62733.0
-63037.6
-62761.6
-63032.4
-63100.1
-62597.6
-62725.2
-62561.1
-62623.6
-62962.1
-62496.0
-62740.8
-62904.8
-62623.6
-62959.5
-62842.3
-62917.8
-62800.7
-62647.1
-62751.2
-62769.4
-62686.1
-62662.7
-62600.2
-62204.4
-62678.3
-62652.3
-62527.3
-62628.8
-62582.0
-62631.4
-62548.1
-62420.5
-62522.1
-62535.1
-62493.4
-62680.9
-62319.0
-62582.0
-62290.3
-62509.1
-62735.6
-62696.5
-62522.1
-62686.1
-62334.6
-62537.7
-62496.0
-62311.2
-62574.1
-62566.3
-62324.2
-62613.2
-62501.2
-62602.8
-62600.2
-62337.2
-62378.9
-62201.8
-62706.9
-62441.4
-62298.2
-62433.5
-62175.8
-62256.5
-62399.7
-62293.0
-62457.0
-62446.6
-62092.5
-62535.1
-62233.1
-62194.0
-62108.1
-62884.0
-61829.5
-62470.0
-62061.2
-62188.8
-62358.0
-61967.5
-62436.2
-62144.5
-62222.7
-61910.2
-62725.2
-62212.2
-62196.6
-62243.5
-62269.5
-62170.6
-61845.1
-61938.9
-61886.8
-62321.6
-61951.9
-62319.0
-61996.1
-62027.4
-62308.6
-62194.0
-62131.5
-61985.7
-62155.0
-61712.3
-62149.7
-62063.8
-61946.7
-62092.5
-61842.5
-62261.7
-61951.9
-62009.2
-61902.4
-62019.6
-62115.9
-61964.9
-61967.5
-61816.5
-62076.8
-61993.5
-61665.5
-61761.8
-61933.6
-62009.2
-62089.9
-61764.4
-62003.9
-61897.2
-62053.4
-61728.0
-61548.3
-61845.1
-61717.5
-61899.8
-61894.6
-61785.2
-61712.3
-61748.8
-61824.3
-61631.6
-61764.4
-61603.0
-61616.0
-62048.2
-61819.1
-61688.9
-61785.2
-61701.9
-61730.6
-61488.4
-61603.0
-61548.3
-61730.6
-61077.0
-61798.3
-61608.2
-61707.1
-61884.2
-61808.7
-61264.5
-61725.3
-61428.5
-61709.7
-61397.3
-61415.5
-61425.9
-61652.4
-61446.8
-61597.8
-61366.0
-61311.4
-61519.7
-61545.7
-61480.6
-61535.3
-61566.5
-61543.1
-61394.7
-61590.0
-61360.8
-61407.7
-61537.9
-61399.9
-61556.1
-61277.5
-61488.4
-61402.5
-61228.0
-61048.4
-61446.8
-61233.3
-61366.0
-61433.7
-61334.8
-61269.7
-61501.4
-61321.8
-61149.9
-61308.8
-61389.5
-61303.6
-61342.6
-61173.4
-61043.2
-61269.7
-61116.1
-61215.0
-61074.4
-61235.9
-61155.1
-61376.5
-61165.6
-61116.1
-61368.6
-61129.1
-61045.8
-61204.6
-61105.7
-61181.2
-60978.1
-60970.3
-61116.1
-61011.9
-61108.3
-61465.0
-60892.2
-61056.2
-61285.3
-60801.0
-61277.5
-61149.9
-61173.4
-60806.3
-61064.0
-60949.5
-61220.2
-60980.7
-60991.1
-60972.9
-60900.0
-60998.9
-60866.1
-60837.5
-61126.5
-60926.0
-61025.0
-60952.1
-61038.0
-60952.1
-60840.1
-60655.2
-61051.0
-60933.8
-60788.0
-61084.8
-60889.6
-60678.7
-60808.9
-60462.6
-60975.5
-60829.7
-60652.6
-60686.5
-60759.4
-60931.2
-60728.1
-60454.8
-60517.2
-60881.8
-60566.7
-61011.9
-60631.8
-61014.5
-60238.7
-61066.6
-60397.5
-60743.8
-60798.4
-60256.9
-61066.6
-60329.8
-60579.7
-60467.8
-60384.5
-60506.8
-60361.0
-60741.2
-60569.3
-60780.2
-60311.6
-60553.7
-60642.2
-60663.0
-60210.0
-60824.5
-60603.2
-60379.2
-60712.5
-60540.7
-60603.2
-60517.2
-60308.9
-60176.2
-60863.5
-60322.0
-60423.5
-60290.7
-60306.3
-60504.2
-60264.7
-60230.8
-60561.5
-60436.5
-60241.3
-60418.3
-60228.2
-60259.5
-60441.7
-60439.1
-60033.0
-60319.4
-60197.0
-60295.9
-60056.4
-60157.9
-60295.9
-60340.2
-60345.4
-60051.2
-60142.3
-60387.1
-60129.3
-60413.1
-60420.9
-59897.6
-60113.7
-60243.9
-60220.4
-60105.9
-60400.1
-60129.3
-60090.2
-59772.6
-60355.8
-60087.6
-60335.0
-60017.3
-60103.3
-59822.1
-59926.2
-60230.8
-60246.5
-60277.7
-59332.6
-60379.2
-59704.9
-60051.2
-60108.5
-59790.8
-59999.1
-59887.2
-59866.3
-59876.7
-60137.1
-59645.0
-60322.0
-59767.4
-59798.6
-59874.1
-59754.4
-59918.4
-59871.5
-60038.2
-59637.2
-60022.5
-60030.4
-59829.9
-59590.3
-59939.2
-59884.6
-59543.5
-59712.7
-59939.2
-59801.2
-59806.4
-59712.7
-59858.5
-59835.1
-59671.0
-59931.4
-59553.9
-59686.7
-59730.9
-59939.2
-59723.1
-59587.7
-59723.1
-59884.6
-59908.0
-59303.9
-59991.3
-59626.8
-59483.6
-59921.0
-59538.3
-59668.4
-59647.6
-59744.0
-59152.9
-59608.6
-59538.3
-59923.6
-59728.3
-59533.1
-59582.5
-59608.6
-59665.8
-59538.3
-59652.8
-59405.5
-59345.6
-59408.1
-59434.1
-59343.0
-59608.6
-59324.8
-59465.4
-59652.8
-59517.4
-59228.4
-59454.9
-59379.4
-59207.6
-59548.7
-59626.8
-59540.9
-59366.4
-59257.1
-59186.8
-59410.7
-59619.0
-59285.7
-59387.2
-59152.9
-59277.9
-59184.2
-59421.1
-59413.3
-59152.9
-59535.7
-59181.6
-59376.8
-59074.8
-59301.3
-59301.3
-59600.7
-59288.3
-59059.2
-59421.1
-58949.8
-59400.3
-59275.3
-59233.6
-59194.6
-59017.5
-59223.2
-59251.9
-59301.3
-59415.9
-58856.1
-59033.1
-59080.0
-59009.7
-58908.2
-59048.8
-59001.9
-59145.1
-59033.1
-59080.0
-59199.8
-59009.7
-58944.6
-58994.1
-59275.3
-59283.1
-58970.7
-59054.0
-58978.5
-59106.1
-58871.7
-58822.3
-58981.1
-59197.2
-58567.1
-59124.3
-58655.6
-58975.9
-59158.1
-59361.2
-58996.7
-58949.8
-58863.9
-58804.0
-58697.3
-58968.1
-59059.2
-58723.3
-58780.6
-58585.3
-58738.9
-58957.6
-58843.1
-58978.5
-58746.7
-58705.1
-58983.7
-58780.6
-58811.8
-58637.4
-59020.1
-58785.8
-58916.0
-58457.7
-58608.7
-58666.0
-58535.8
-58736.3
-58593.1
-58827.5
-58707.7
-58689.5
-58561.9
-58702.5
-58275.5
-58785.8
-58619.2
-58619.2
-58707.7
-58788.4
-58567.1
-58663.4
-58785.8
-58564.5
-58887.3
-58296.3
-58770.2
-58658.2
-58543.7
-58647.8
-58666.0
-58494.2
-58710.3
