IEC 61083-2 TDG Version 2.1.0
Data File Version  2.1.0
16 LI-M4
16 bits, 8332 samples at 10ns
1.000000e-008
-199.3
436.8
38.2
156.9
237.5
-199.3
76.3
38.2
-21.2
139.9
97.5
97.5
339.2
156.9
114.5
-199.3
-139.9
97.5
-84.8
195.1
199.3
-301.1
258.7
17.0
17.0
-101.8
474.9
76.3
199.3
38.2
394.3
17.0
373.1
199.3
38.2
0.0
-199.3
-237.5
55.1
-101.8
195.1
-118.7
-360.4
-123.0
114.5
-101.8
-21.2
339.2
161.1
-161.1
93.3
-4.2
275.6
-21.2
216.3
0.0
-84.8
114.5
59.4
216.3
-301.1
220.5
-178.1
55.1
-101.8
292.6
-67.8
339.2
38.2
0.0
-496.1
139.9
330.7
224.7
93.3
199.3
-245.9
-118.7
-182.3
-101.8
-101.8
97.5
-139.9
-89.0
275.6
97.5
619.1
-63.6
114.5
432.5
0.0
0.0
-89.0
220.5
178.1
97.5
-322.3
-38.2
-216.3
-67.8
0.0
76.3
114.5
59.4
55.1
0.0
-148.4
377.4
139.9
17.0
195.1
258.7
216.3
-17.0
12.7
-691.2
682.7
118.7
292.6
-610.6
89.0
322.3
156.9
161.1
-80.6
195.1
178.1
59.4
55.1
335.0
199.3
55.1
25.4
-343.5
250.2
4.2
-292.6
284.1
-377.4
-25.4
195.1
-127.2
351.9
-50.9
207.8
-195.1
322.3
0.0
0.0
233.2
-195.1
17.0
173.9
59.4
-21.2
589.4
-182.3
131.4
84.8
267.1
199.3
59.4
-139.9
-144.2
288.3
199.3
178.1
-17.0
267.1
-29.7
93.3
589.4
-301.1
-8.5
38.2
195.1
17.0
173.9
182.3
411.3
-93.3
-67.8
330.7
169.6
190.8
97.5
-127.2
199.3
-97.5
89.0
292.6
-67.8
97.5
97.5
-212.0
487.6
703.9
258.7
139.9
21.2
0.0
8.5
190.8
-127.2
313.8
-97.5
-152.7
381.6
373.1
-521.6
279.9
-182.3
-25.4
212.0
-12.7
288.3
67.8
-229.0
254.4
-12.7
190.8
76.3
152.7
339.2
220.5
97.5
258.7
21.2
-101.8
55.1
585.2
-135.7
178.1
-33.9
-250.2
89.0
59.4
89.0
-8.5
-458.0
-203.5
-101.8
-25.4
271.4
241.7
292.6
-267.1
12.7
254.4
449.5
101.8
241.7
-271.4
-63.6
318.0
-292.6
568.2
33.9
38.2
-313.8
186.6
33.9
313.8
262.9
250.2
97.5
-8.5
322.3
25.4
521.6
-182.3
135.7
-195.1
-131.4
106.0
93.3
186.6
330.7
360.4
-84.8
89.0
-76.3
-63.6
262.9
-55.1
190.8
-165.4
33.9
38.2
385.9
8.5
33.9
-29.7
-224.7
-21.2
487.6
33.9
199.3
-148.4
449.5
-279.9
343.5
173.9
182.3
-55.1
-4.2
-29.7
335.0
394.3
322.3
-288.3
-318.0
-63.6
-21.2
-93.3
-296.8
441.0
8.5
216.3
55.1
-296.8
8.5
-254.4
284.1
106.0
-487.6
356.2
-267.1
-144.2
364.7
-89.0
67.8
245.9
55.1
173.9
97.5
-229.0
59.4
55.1
-212.0
279.9
-318.0
-25.4
195.1
207.8
-288.3
241.7
106.0
12.7
339.2
203.5
-67.8
97.5
38.2
-80.6
-296.8
131.4
-50.9
-203.5
347.7
-279.9
76.3
-199.3
12.7
186.6
-186.6
424.0
-12.7
-144.2
-25.4
-487.6
313.8
-250.2
-42.4
63.6
-101.8
424.0
-178.1
479.2
-534.3
262.9
-411.3
407.1
407.1
-258.7
-8.5
212.0
-50.9
-29.7
568.2
-76.3
33.9
12.7
-76.3
21.2
962.6
-72.1
-178.1
-89.0
-220.5
-8.5
199.3
127.2
55.1
330.7
-182.3
97.5
135.7
199.3
199.3
97.5
63.6
284.1
-17.0
-25.4
190.8
-118.7
-50.9
139.9
21.2
385.9
360.4
-449.5
-186.6
271.4
199.3
131.4
-17.0
127.2
-229.0
275.6
-67.8
173.9
182.3
-360.4
657.2
-233.2
-89.0
-343.5
695.4
322.3
165.4
33.9
-72.1
-127.2
-390.1
212.0
224.7
212.0
-8.5
-4.2
148.4
80.6
-114.5
110.2
101.8
313.8
8.5
-199.3
262.9
398.6
245.9
-76.3
-144.2
-25.4
479.2
80.6
67.8
84.8
152.7
-93.3
313.8
8.5
29.7
-101.8
-4.2
-84.8
106.0
351.9
322.3
-279.9
148.4
114.5
216.3
0.0
0.0
80.6
385.9
254.4
-8.5
-101.8
165.4
-110.2
38.2
220.5
-186.6
318.0
-29.7
97.5
474.9
-173.9
110.2
233.2
-152.7
106.0
8.5
-89.0
33.9
-12.7
-254.4
-203.5
279.9
50.9
76.3
144.2
195.1
547.0
190.8
0.0
453.7
-267.1
229.0
216.3
-42.4
152.7
-665.7
-21.2
360.4
241.7
271.4
101.8
262.9
97.5
152.7
46.6
284.1
12.7
135.7
309.5
-55.1
-390.1
479.2
-29.7
152.7
-182.3
-12.7
330.7
139.9
4.2
547.0
309.5
-101.8
-67.8
106.0
118.7
-186.6
547.0
292.6
72.1
127.2
-284.1
500.4
67.8
199.3
118.7
288.3
487.6
4.2
-25.4
250.2
-178.1
25.4
407.1
8.5
21.2
-190.8
-199.3
-21.2
17.0
-279.9
368.9
101.8
25.4
72.1
101.8
-275.6
-89.0
0.0
220.5
-207.8
76.3
80.6
-38.2
-42.4
72.1
288.3
602.1
135.7
-135.7
50.9
288.3
-139.9
127.2
0.0
296.8
-80.6
305.3
-131.4
330.7
220.5
97.5
110.2
127.2
165.4
220.5
576.7
-178.1
-351.9
42.4
148.4
-89.0
330.7
106.0
-156.9
118.7
-665.7
212.0
258.7
29.7
-178.1
-106.0
-424.0
-144.2
-233.2
-25.4
279.9
-351.9
-67.8
0.0
0.0
0.0
-89.0
-76.3
131.4
322.3
106.0
-220.5
161.1
42.4
-80.6
84.8
-46.6
865.0
385.9
199.3
-178.1
-80.6
-292.6
-12.7
572.4
-343.5
152.7
72.1
394.3
93.3
279.9
-131.4
-55.1
12.7
72.1
101.8
106.0
-46.6
428.3
148.4
-186.6
250.2
-33.9
445.2
-224.7
347.7
-38.2
292.6
135.7
296.8
-551.2
351.9
-4.2
-148.4
46.6
190.8
144.2
326.5
199.3
46.6
564.0
220.5
-97.5
42.4
148.4
-182.3
-97.5
424.0
-89.0
-101.8
0.0
42.4
292.6
241.7
347.7
110.2
80.6
33.9
152.7
271.4
106.0
152.7
-29.7
258.7
173.9
190.8
50.9
-199.3
-33.9
-199.3
360.4
-25.4
428.3
-156.9
-178.1
186.6
-156.9
373.1
351.9
46.6
97.5
275.6
-224.7
207.8
292.6
106.0
224.7
330.7
309.5
322.3
292.6
-301.1
364.7
8.5
491.9
135.7
-144.2
199.3
-131.4
195.1
207.8
279.9
59.4
-38.2
97.5
-279.9
139.9
-165.4
-267.1
-178.1
182.3
55.1
-67.8
144.2
-568.2
-46.6
250.2
-220.5
-46.6
462.2
-50.9
80.6
135.7
-33.9
114.5
203.5
-29.7
292.6
42.4
-220.5
449.5
169.6
97.5
25.4
-275.6
636.0
-17.0
-237.5
-123.0
127.2
4.2
25.4
165.4
97.5
-275.6
254.4
326.5
0.0
144.2
322.3
678.5
-614.8
67.8
182.3
72.1
-93.3
-186.6
-135.7
-258.7
144.2
-267.1
254.4
169.6
390.1
-292.6
-313.8
254.4
-190.8
4.2
17.0
385.9
-131.4
161.1
-46.6
513.1
38.2
254.4
-33.9
-207.8
144.2
17.0
699.7
-4.2
12.7
271.4
-169.6
279.9
199.3
305.3
178.1
564.0
-504.6
165.4
241.7
199.3
-84.8
-173.9
-33.9
271.4
229.0
4.2
674.2
33.9
80.6
-250.2
-301.1
-101.8
199.3
97.5
161.1
21.2
-216.3
229.0
152.7
343.5
21.2
-161.1
-72.1
-292.6
89.0
101.8
513.1
-101.8
-190.8
46.6
97.5
441.0
-4.2
-97.5
144.2
-458.0
-173.9
63.6
89.0
-296.8
161.1
-42.4
-135.7
199.3
-318.0
614.8
-190.8
364.7
254.4
326.5
-356.2
199.3
-106.0
-275.6
97.5
-89.0
254.4
-33.9
271.4
229.0
564.0
-123.0
131.4
131.4
12.7
-199.3
182.3
165.4
190.8
-339.2
152.7
4.2
-72.1
517.3
25.4
89.0
-521.6
-101.8
-301.1
720.9
538.5
199.3
131.4
0.0
-148.4
-110.2
4.2
398.6
169.6
-161.1
156.9
199.3
97.5
-46.6
67.8
-275.6
330.7
0.0
356.2
-89.0
347.7
-190.8
-305.3
59.4
8.5
288.3
-110.2
165.4
80.6
161.1
275.6
50.9
330.7
-173.9
445.2
-504.6
-114.5
-135.7
-50.9
-173.9
169.6
72.1
-101.8
-313.8
-135.7
-97.5
50.9
135.7
-296.8
89.0
-80.6
212.0
364.7
496.1
-589.4
-2480.6
-6508.9
-6407.1
-6703.9
-4923.0
-2531.5
-424.0
763.3
-882.0
-2294.0
-5160.5
-4842.4
-2082.0
-3307.5
-7140.7
-8671.5
-11813.5
-13793.8
-12712.5
-16159.9
-11304.7
-9701.9
-14315.3
-12763.4
-11427.7
-12449.6
-12636.2
-15634.1
-23033.4
-25314.7
-33956.5
-44578.5
-46643.5
-49836.5
-53241.5
-51066.2
-52050.0
-50646.4
-45727.6
-48178.5
-45401.1
-42526.2
-48331.2
-57299.5
-64304.5
-69621.9
-82207.1
-83093.4
-88423.4
-92443.3
-93567.0
-93897.7
-94521.0
-92812.2
-88843.2
-90276.5
-93677.2
-98036.2
-101415.8
-113119.1
-118241.4
-129669.1
-139786.5
-147936.4
-154190.8
-158952.7
-161106.8
-159546.4
-160352.0
-158511.7
-159516.7
-156408.5
-161077.1
-162154.2
-166051.0
-169358.5
-174667.4
-179323.2
-183309.1
-185378.4
-187740.3
-192514.9
-192794.7
-193511.3
-194295.8
-194304.3
-195126.9
-195839.3
-196416.0
-197811.0
-201966.5
-205753.2
-210150.4
-215692.5
-220166.0
-220568.8
-222320.1
-224228.2
-223528.6
-223939.9
-224012.0
-223588.0
-226437.4
-229575.3
-232484.1
-235410.0
-240553.5
-243640.4
-246430.6
-248873.0
-251319.7
-252744.4
-254181.9
-255322.5
-254508.4
-254067.4
-254979.1
-254317.6
-254313.3
-255962.8
-255606.6
-256306.3
-257116.2
-257934.6
-257052.6
-258740.2
-260224.3
-262412.3
-265350.9
-267907.8
-268476.0
-269680.3
-269680.3
-269264.7
-268878.8
-268789.8
-267276.0
-267030.1
-266894.4
-268234.3
-268590.5
-270307.8
-271842.8
-273479.6
-274861.9
-276536.9
-276922.7
-276748.9
-276799.8
-276350.3
-274963.7
-273187.0
-273110.7
-272305.0
-271923.4
-271957.3
-271223.7
-271253.4
-271707.1
-271516.3
-271936.1
-271236.5
-270753.1
-269815.9
-268806.7
-267941.7
-267246.3
-266037.8
-265953.0
-266334.6
-265753.7
-266419.4
-267640.7
-267878.1
-268158.0
-267835.7
-267365.0
-265630.7
-265083.7
-263913.4
-262967.8
-262068.9
-262446.3
-262153.7
-261157.2
-261636.4
-261793.3
-262285.1
-262420.8
-262806.7
-262531.1
-261140.2
-261157.2
-260097.1
-258922.6
-258451.9
-258468.8
-257497.8
-256692.1
-256391.1
-255678.7
-255560.0
-255034.2
-254673.8
-253643.4
-253719.7
-253804.5
-252969.1
-253550.1
-254355.7
-255275.9
-254181.9
-255784.7
-255343.7
-255509.1
-255174.1
-254911.2
-253846.9
-253185.4
-252392.5
-250887.1
-251107.6
-250208.7
-250297.7
-249576.9
-249738.0
-250170.5
-250412.2
-250704.8
-250518.2
-250098.4
-250179.0
-249280.1
-248614.3
-247999.5
-248224.2
-248419.3
-247613.6
-248470.2
-248775.5
-248228.5
-247711.1
-248101.3
-247706.9
-246986.0
-246150.7
-246341.5
-245434.1
-245828.4
-246091.3
-245909.0
-247028.5
-247015.7
-247007.3
-245993.8
-247058.1
-246121.0
-246477.2
-246171.9
-245807.2
-245141.5
-245205.1
-244645.4
-244480.0
-244751.4
-244798.0
-244581.8
-244645.4
-244882.8
-244980.4
-244526.7
-244895.6
-245133.0
-245073.7
-245527.4
-245786.0
-245934.4
-245701.2
-245824.2
-246171.9
-245650.3
-246010.8
-246337.3
-246019.3
-245858.1
-245616.4
-245569.8
-244954.9
-245476.5
-245591.0
-245408.6
-245790.3
-245998.1
-245926.0
-245858.1
-246337.3
-247045.4
-246345.8
-246820.7
-246829.2
-246884.3
-246248.2
-246659.5
-246328.8
-246757.1
-246417.8
-246808.0
-246367.0
-246523.9
-247041.2
-246731.6
-247248.9
-247838.4
-247923.2
-247719.6
-247571.2
-248304.8
-247923.2
-248270.9
-248338.7
-248097.0
-248546.5
-248427.8
-248058.9
-247923.2
-248067.3
-247694.2
-247164.1
-247622.1
-248008.0
-247164.1
-247999.5
-248300.5
-247863.8
-248423.5
-249135.9
-248699.1
-248813.6
-249220.7
-249543.0
-249453.9
-248716.1
-249072.3
-249068.0
-248563.4
-248631.3
-249012.9
-248839.1
-249462.4
-249394.6
-249364.9
-249029.9
-249500.6
-249364.9
-249572.6
-249750.7
-249017.2
-249615.0
-249810.1
-249733.8
-249670.2
-249903.4
-250348.6
-250056.0
-249984.0
-249979.7
-249517.5
-249314.0
-249564.2
-249186.8
-248974.8
-249364.9
-249632.0
-249559.9
-249844.0
-250441.9
-250310.5
-250009.4
-250259.6
-250090.0
-249877.9
-250734.5
-249810.1
-250009.4
-250280.8
-250009.4
-250289.3
-249780.4
-250060.3
-249848.3
-250208.7
-249534.5
-249920.4
-249364.9
-249780.4
-249330.9
-250259.6
-249691.4
-250357.1
-250187.5
-250162.0
-249848.3
-250539.4
-250111.2
-250238.4
-250539.4
-249801.6
-249950.0
-249763.5
-249712.6
-249564.2
-249602.3
-249869.5
-249712.6
-250318.9
-249933.1
-250073.0
-250187.5
-250060.3
-250000.9
-249699.9
-249958.5
-250709.1
-250458.9
-250488.6
-250187.5
-250140.8
-249962.8
-249861.0
-249831.3
-249861.0
-249822.8
-249670.2
-249962.8
-249415.8
-250603.0
-249950.0
-250009.4
-250009.4
-250009.4
-249979.7
-250187.5
-250340.1
-250403.7
-250132.4
-250128.1
-250039.1
-250064.5
-250263.8
-249822.8
-249670.2
-249330.9
-249933.1
-249661.7
-249534.5
-249742.3
-249767.7
-249220.7
-249861.0
-249733.8
-248957.8
-249610.8
-249852.5
-249364.9
-249640.5
-249763.5
-249682.9
-249080.8
-249364.9
-249364.9
-248652.5
-249568.4
-248813.6
-248915.4
-248529.5
-249089.2
-248762.7
-248707.6
-248911.2
-249123.2
-248707.6
-249513.3
-249241.9
-249021.4
-249127.4
-249462.4
-248593.1
-248839.1
-248817.9
-248728.8
-248398.1
-248521.0
-248211.5
-248126.7
-247948.6
-248334.5
-248037.6
-247825.6
-248215.7
-247982.5
-247855.3
-248359.9
-248152.1
-247965.6
-247859.6
-248215.7
-248046.1
-248016.4
-248169.1
-247969.8
-247346.5
-247728.1
-247329.5
-247032.7
-247261.7
-247304.1
-247325.3
-246986.0
-247418.6
-247499.1
-246494.2
-247520.3
-247075.1
-246875.8
-247227.7
-246850.4
-246918.2
-246549.3
-247168.4
-246956.4
-246506.9
-246557.8
-246494.2
-246383.9
-246388.2
-246133.7
-246320.3
-245862.4
-246176.1
-246689.2
-245985.3
-245044.0
-246358.5
-245824.2
-245803.0
-246121.0
-246065.9
-245832.7
-245773.3
-246006.5
-245531.6
-245968.4
-245849.6
-245391.7
-245052.5
-245875.1
-245773.3
-244793.8
-245175.4
-245692.8
-244552.1
-245018.5
-245463.8
-245094.9
-244755.6
-245412.9
-245039.7
-244810.8
-244988.9
-245268.7
-244429.1
-244543.6
-244950.7
-244577.5
-244645.4
-244403.7
-244547.9
-244301.9
-244679.3
-245196.6
-244145.0
-244357.0
-244115.4
-244378.3
-244170.5
-244246.8
-244255.3
-244102.6
-244530.9
-244136.6
-243797.3
-243721.0
-243911.8
-243678.6
-244225.6
-244030.5
-243827.0
-243445.4
-243941.5
-243924.5
-243721.0
-243131.6
-243500.5
-243195.2
-243496.3
-243598.0
-243360.6
-243233.4
-243589.6
-243589.6
-243322.4
-243297.0
-243390.3
-243339.4
-243564.1
-243330.9
-243097.7
-243186.7
-243386.0
-243313.9
-243186.7
-243114.6
-243415.7
-243246.1
-242856.0
-243318.2
-243152.8
-243101.9
-243407.2
-243364.8
-242792.4
-242660.9
-243246.1
-242936.5
-242580.4
-243449.6
-242673.6
-242546.4
-242839.0
-242720.3
-242415.0
-242342.9
-242775.4
-242495.5
-242762.7
-242538.0
-242949.3
-242576.1
-242788.1
-242860.2
-242448.9
-243436.9
-242889.9
-242843.3
-242177.5
-242686.4
-242241.1
-242762.7
-242546.4
-242665.2
-242088.5
-242024.9
-242444.7
-242444.7
-242359.9
-243093.4
-242287.8
-242219.9
-242533.7
-242448.9
-241944.3
-242978.9
-242669.4
-241952.8
-242338.7
-242504.0
-242152.1
-241974.0
-242402.3
-242296.3
-242041.8
-242126.6
-242436.2
-242389.5
-242292.0
-242720.3
-241884.9
-242156.3
-242707.6
-242495.5
-241804.4
-242054.6
-242567.6
-241566.9
-242381.1
-242024.9
-242033.4
-242300.5
-241940.1
-242296.3
-241957.0
-242118.2
-242338.7
-242241.1
-242292.0
-242118.2
-241846.8
-241630.5
-242444.7
-242393.8
-241168.3
-242737.2
-242147.8
-241961.3
-242067.3
-241770.5
-242711.8
-241711.1
-241829.8
-242258.1
-241855.3
-242033.4
-242300.5
-242130.9
-242355.6
-242728.8
-242075.8
-241918.9
-241948.5
-242092.7
-242101.2
-242186.0
-242228.4
-242067.3
-241766.2
-242508.3
-241940.1
-242270.8
-241935.8
-241927.3
-241706.8
-242275.1
-242012.2
-241418.5
-241736.5
-242355.6
-241253.1
-242058.8
-242495.5
-242088.5
-241719.6
-242601.6
-241660.2
-242046.1
-242130.9
-242109.7
-242126.6
-242109.7
-241431.2
-241995.2
-241656.0
-242177.5
-241940.1
-241749.3
-242029.1
-242020.6
-242063.0
-241749.3
-242130.9
-242054.6
-242067.3
-242097.0
-242113.9
-241986.7
-242092.7
-242529.5
-241897.7
-241829.8
-241537.2
-242029.1
-241846.8
-241728.0
-242194.5
-242003.7
-241795.9
-242491.3
-241804.4
-241893.4
-242130.9
-242054.6
-241808.6
-241808.6
-242046.1
-241910.4
-241999.4
-241762.0
-241872.2
-241812.9
-242156.3
-241893.4
-241634.8
-242241.1
-241757.7
-241863.7
-242164.8
-241884.9
-241795.9
-241770.5
-241880.7
-241893.4
-241880.7
-242063.0
-241694.1
-241745.0
-241397.3
-242063.0
-241859.5
-241689.9
-242444.7
-241990.9
-241622.0
-241643.2
-242024.9
-241626.3
-241795.9
-241783.2
-241851.0
-241295.5
-241668.7
-242024.9
-241562.7
-241974.0
-241719.6
-241465.1
-241295.5
-241745.0
-241702.6
-241745.0
-241829.8
-241694.1
-241410.0
-242037.6
-241482.1
-241575.4
-241630.5
-241719.6
-241969.7
-241571.2
-241634.8
-241660.2
-241333.7
-241783.2
-241410.0
-240896.9
-241961.3
-241367.6
-241083.5
-241032.6
-241443.9
-241494.8
-241066.6
-241384.6
-241354.9
-241469.4
-240964.8
-241592.4
-241231.9
-240591.6
-241304.0
-241660.2
-240689.2
-241452.4
-240880.0
-241053.8
-241130.2
-241109.0
-241032.6
-240443.2
-241397.3
-241066.6
-240638.3
-241176.8
-240846.1
-240562.0
-240731.6
-240981.8
-240693.4
-240706.1
-241181.0
-240799.4
-240502.6
-241176.8
-240816.4
-240553.5
-240566.2
-240769.7
-241109.0
-240015.0
-240642.5
-240235.5
-240519.6
-240952.1
-240405.1
-240604.4
-239972.6
-240646.8
-240663.7
-240048.9
-240269.4
-239972.6
-239951.4
-239756.3
-240396.6
-239781.7
-240061.6
-239972.6
-240256.7
-239654.5
-239802.9
-239938.6
-240087.0
-239637.6
-239998.0
-239612.1
-240031.9
-239870.8
-239404.4
-239480.7
-239701.2
-239701.2
-239014.2
-239340.7
-239824.1
-239099.0
-239429.8
-239128.7
-239451.0
-238658.1
-239175.4
-238946.4
-238776.8
-239077.8
-238870.1
-239141.5
-238675.0
-239052.4
-238768.3
-238259.5
-238776.8
-238747.1
-238420.6
-238993.0
-238806.5
-238670.8
-238378.2
-238649.6
-238403.6
-238437.6
-238670.8
-238509.6
-238340.0
-238607.2
-238556.3
-238318.8
-238013.5
-238424.8
-238191.6
-237911.8
-238047.4
-238344.3
-237551.3
-238272.2
-237814.2
-237882.1
-237742.1
-238327.3
-237254.5
-237962.6
-237924.5
-237843.9
-237996.6
-237326.6
-237436.8
-237534.4
-237322.4
-237695.5
-237025.5
-237292.7
-237466.5
-237347.8
-237140.0
-237220.6
-237466.5
-237275.7
-236911.0
-237538.6
-236847.4
-237258.7
-237135.8
-237377.5
-237140.0
-236258.0
-236915.3
-236822.0
-236843.2
-237428.4
-236889.8
-236643.9
-237089.1
-236618.5
-236771.1
-237207.9
-236936.5
-236279.2
-236512.5
-236800.8
-236105.4
-236173.2
-236732.9
-236058.7
-236414.9
-236143.5
-236414.9
-235982.4
-235753.4
-236228.4
-236207.1
-236020.6
-236156.3
-235990.9
-236330.1
-235367.6
-236041.8
-235774.6
-236177.5
-235906.1
-235880.6
-235295.5
-235795.8
-235859.4
-235719.5
-235210.7
-236317.4
-235528.7
-235630.5
-235846.7
-235901.8
-235494.8
-235261.6
-235549.9
-235791.6
-234464.4
-235346.4
-235655.9
-235155.5
-235884.9
-235049.5
-235274.3
-235185.2
-235554.1
-235096.2
-235151.3
-235566.9
-235011.4
-234782.4
-234752.7
-235261.6
-234472.9
-235270.0
-235125.9
-235108.9
-234837.5
-235075.0
-234697.6
-234621.3
-235147.1
-234998.7
-234748.5
-235079.2
-235019.9
-234345.6
-234850.2
-235198.0
-234735.8
-234689.1
-234727.3
-234600.1
-234328.7
-234667.9
-234850.2
-234417.7
-234727.3
-234646.7
-234201.5
-234706.1
-234782.4
-234349.9
-234672.2
-234795.1
-234472.9
-233790.2
-234621.3
-234621.3
-234621.3
-234430.5
-234409.3
-234409.3
-234125.2
-234354.1
-234299.0
-234464.4
-234349.9
-234455.9
-233760.5
-234311.7
-234608.5
-234231.2
-234205.7
-234142.1
-234205.7
-233773.2
-234612.8
-234180.3
-233790.2
-234417.7
-234608.5
-234277.8
-233650.2
-234371.1
-234103.9
-233925.9
-234316.0
-234027.6
-233726.6
-233858.0
-234519.5
-233938.6
-234226.9
-234269.3
-234455.9
-233514.5
-234235.4
-234277.8
-233828.3
-234405.0
-233879.2
-234201.5
-233752.0
-234095.5
-234040.3
-233573.9
-234523.7
-234328.7
-233891.9
-233985.2
-234125.2
-234375.3
-233548.5
-234150.6
-234171.8
-233692.6
-234023.4
-233925.9
-233747.8
-233785.9
-234095.5
-234290.5
-233701.1
-233883.5
-233959.8
-233523.0
-233832.6
-233853.8
-233807.1
-233964.0
-233845.3
-234095.5
-233624.8
-234061.5
-233904.7
-233646.0
-233756.2
-234061.5
-233361.9
-234103.9
-233921.6
-234095.5
-233480.6
-233641.8
-233769.0
-233209.2
-233438.2
-233531.5
-233056.6
-233344.9
-233544.2
-233612.1
-233370.4
-233913.1
-233964.0
-232920.9
-233709.6
-233400.1
-233455.2
-233166.8
-233633.3
-233646.0
-233735.0
-233484.9
-233735.0
-232874.3
-233807.1
-233328.0
-233506.1
-233344.9
-233467.9
-233387.3
-232725.8
-233599.4
-233544.2
-232747.0
-234464.4
-233395.8
-233442.5
-232959.1
-233196.5
-233981.0
-233001.5
-233141.4
-232840.3
-232899.7
-233523.0
-233429.7
-233209.2
-233183.8
-233417.0
-233009.9
-232675.0
-233264.4
-233175.3
-232861.5
-233043.9
-233285.6
-232997.2
-232895.5
-233764.7
-233120.2
-232971.8
-233255.9
-233158.4
-232810.7
-233209.2
-232848.8
-232967.5
-232759.8
-233166.8
-233124.4
-233073.6
-233222.0
-232831.9
-232662.2
-233709.6
-233188.0
-233035.4
-233243.2
-233213.5
-232819.1
-232624.1
-233018.4
-233001.5
-233014.2
-233306.8
-232802.2
-232853.1
-233077.8
-232997.2
-233209.2
-232802.2
-233162.6
-233009.9
-232581.7
-233332.2
-233217.7
-232708.9
-233120.2
-233315.2
-233315.2
-232887.0
-232950.6
-233103.2
-232700.4
-233137.2
-233213.5
-232878.5
-233311.0
-233196.5
-233116.0
-232734.3
-233166.8
-233535.7
-233264.4
-233043.9
-233429.7
-233255.9
-233031.1
-233196.5
-233311.0
-233065.1
-233696.9
-233400.1
-233247.4
-233230.4
-233467.9
-233188.0
-232861.5
-233726.6
-232645.3
-233077.8
-233357.7
-233090.5
-232831.9
-232946.3
-233328.0
-232984.5
-233103.2
-233599.4
-232361.2
-233103.2
-233285.6
-233612.1
-233082.0
-233141.4
-233336.5
-232857.3
-233137.2
-233429.7
-233128.7
-233124.4
-233556.9
-233540.0
-233179.6
-233226.2
-233137.2
-232831.9
-232959.1
-233196.5
-233209.2
-232908.2
-233870.7
-233111.7
-232467.2
-233425.5
-233446.7
-233484.9
-232908.2
-233408.5
-233128.7
-232984.5
-233048.1
-233205.0
-232797.9
-233124.4
-233116.0
-233209.2
-232971.8
-232899.7
-233417.0
-233077.8
-233315.2
-233302.5
-233226.2
-233048.1
-233514.5
-233090.5
-233467.9
-233149.9
-232937.9
-233268.6
-233429.7
-233154.1
-232980.3
-233510.3
-233043.9
-233302.5
-233255.9
-233082.0
-233107.5
-232658.0
-233514.5
-233188.0
-232848.8
-232365.4
-233141.4
-232747.0
-232759.8
-233082.0
-233306.8
-232700.4
-233060.8
-232666.5
-232747.0
-232560.5
-233192.3
-232645.3
-232721.6
-233328.0
-232560.5
-233374.6
-233188.0
-233107.5
-232344.2
-233319.5
-233056.6
-232747.0
-232980.3
-233268.6
-233022.7
-232619.8
-232704.6
-232895.5
-232552.0
-232738.6
-232776.7
-232488.4
-232708.9
-232963.3
-233009.9
-232267.9
-232547.8
-232666.5
-232416.3
-233111.7
-232611.4
-232844.6
-232581.7
-232980.3
-232899.7
-232060.1
-232747.0
-232573.2
-232284.9
-232734.3
-232747.0
-232221.2
-232679.2
-232556.2
-232123.7
-232077.1
-232844.6
-232793.7
-232259.4
-232840.3
-232933.6
-232234.0
-232543.5
-232899.7
-232908.2
-232098.3
-232628.3
-232721.6
-232043.2
-233111.7
-232496.9
-232433.3
-232034.7
-232530.8
-231949.9
-232412.1
-232420.5
-232161.9
-232505.3
-232323.0
-232026.2
-232081.3
-232293.3
-232552.0
-232149.2
-232611.4
-232407.8
-232174.6
-232462.9
-231377.4
-232479.9
-231619.1
-232013.5
-232424.8
-231835.4
-231793.0
-232060.1
-232323.0
-232297.6
-232234.0
-232212.8
-231962.6
-231983.8
-232051.6
-232225.5
-231954.1
-232289.1
-232136.4
-231835.4
-232335.7
-232212.8
-231924.4
-231572.5
-231945.6
-232013.5
-231322.3
-231954.1
-232115.2
-231958.3
-231360.5
-232149.2
-231835.4
-232022.0
-232132.2
-232034.7
-231831.1
-231856.6
-232187.3
-231547.0
-231852.3
-232263.6
-231551.3
-231928.7
-231742.1
-231627.6
-231076.4
-231513.1
-231941.4
-231390.1
-231653.0
-232060.1
-231521.6
-231513.1
-231597.9
-232111.0
-231250.2
-231640.3
-231330.8
-231627.6
-231441.0
-231394.4
-231284.1
-231708.2
-231610.6
-231326.5
-230953.4
-231487.7
-231262.9
-231097.6
-231343.5
-231572.5
-231339.3
-231339.3
-231258.7
-231530.1
-231216.3
-231220.5
-231339.3
-231173.9
-231521.6
-230894.0
-231148.4
-230987.3
-231381.7
-230262.2
-231152.7
-231046.7
-231029.7
-230838.9
-231237.5
-231398.6
-231140.0
-230380.9
-230911.0
-231029.7
-230711.7
-231258.7
-230771.1
-231190.8
-231335.0
-231093.3
-230584.5
-231131.5
-231441.0
-230546.3
-230783.8
-231021.2
-230830.4
-230236.8
-230936.4
-230635.4
-230410.6
-230580.2
-230707.5
-230826.2
-230147.7
-230707.5
-230694.7
-230461.5
-230448.8
-230758.3
-230525.1
-230215.6
-230427.6
-230436.1
-230147.7
-230665.0
-230173.2
-229990.8
-230347.0
-230563.3
-230520.9
-230219.8
-230139.2
-230241.0
-230232.5
-230855.9
-230376.7
-230139.2
-230635.4
-230334.3
-229821.2
-229889.1
-230448.8
-229643.1
-229732.2
-230402.1
-229914.5
-230126.5
-229952.7
-230274.9
-229850.9
-229901.8
-230228.3
-229452.3
-229812.7
-230402.1
-229795.8
-229850.9
-229744.9
-229685.5
-229927.2
-229923.0
-229846.7
-229257.3
-229685.5
-229846.7
-229723.7
-229164.0
-229842.4
-229566.8
-229482.0
-229609.2
-229282.7
-229244.5
-229125.8
-229295.4
-229647.4
-229486.2
-228371.0
-229418.4
-228714.5
-228947.7
-229350.5
-228850.2
-229108.9
-229469.3
-229282.7
-229206.4
-228947.7
-228947.7
-228583.1
-228837.5
-229185.2
-228748.4
-228769.6
-228930.8
-228748.4
-228714.5
-228455.8
-228803.5
-228171.7
-229019.8
-229002.8
-228947.7
-228549.1
-228358.3
-228409.2
-228010.6
-228349.8
-228091.2
-228129.3
-228311.7
-228307.4
-228544.9
-227790.1
-227442.4
-227972.4
-227408.5
-227955.5
-228086.9
-227412.7
-227595.1
-227514.5
-226959.0
-227353.4
-227518.7
-227569.6
-227374.6
-227747.7
-227412.7
-227493.3
-227196.5
-227794.4
-227349.1
-226997.2
-227158.3
-227098.9
-226653.7
-227446.6
-226696.1
-226848.8
-226679.1
-227196.5
-226950.5
-226259.4
-227056.5
-226331.4
-226339.9
-225966.8
-226793.6
-225924.4
-226458.6
-226335.7
-225860.8
-226043.1
-226471.4
-225882.0
-225682.7
-225368.9
-225843.8
-225962.5
-225898.9
-225822.6
-225759.0
-225521.5
-225640.3
-225580.9
-225419.8
-225169.6
-225580.9
-224944.9
-225483.4
-225682.7
-225258.6
-224766.8
-225203.5
-225144.1
-224665.0
-225559.7
-224843.1
-224643.8
-224525.1
-224885.5
-224660.8
-224304.6
-224864.3
-224567.5
-224126.5
-225059.3
-224728.6
-224245.2
-224427.5
-224546.3
-223677.0
-224427.5
-224588.7
-224347.0
-223626.1
-224270.6
-224372.4
-223889.0
-224190.1
-224228.2
-223766.0
-223507.4
-224067.1
-223710.9
-223872.1
-223965.3
-223710.9
-223189.4
-223193.6
-223626.1
-223371.7
-223630.4
-223431.1
-223431.1
-222756.8
-223172.4
-223575.2
-222816.2
-222994.3
-223151.2
-223469.2
-222311.6
-222909.5
-222735.6
-222655.1
-223371.7
-222918.0
-222277.7
-222871.3
-222956.1
-222171.7
-222069.9
-223113.0
-222578.8
-222612.7
-222477.0
-222782.3
-221777.3
-222430.3
-222595.7
-221879.1
-221993.6
-222078.4
-222019.0
-222375.2
-221480.5
-222277.7
-221798.5
-222095.4
-222057.2
-221578.0
-221476.3
-222116.6
-221582.3
-221378.7
-221879.1
-221993.6
-221684.0
-221319.4
-221561.1
-221879.1
-221361.8
-221480.5
-221599.2
-221323.6
-221679.8
-220942.0
-221179.4
-221238.8
-221756.1
-221480.5
-221141.3
-221378.7
-221081.9
-221039.5
-220980.2
-221081.9
-220407.7
-220814.8
-220827.5
-220882.6
-220738.5
-220980.2
-220802.1
-220445.9
-220878.4
-220763.9
-220407.7
-220577.3
-220746.9
-220683.3
-220161.8
-220522.2
-220467.1
-220305.9
-220585.8
-220865.7
-220229.6
-220047.3
-220556.1
-220089.7
-220195.7
-220522.2
-220225.4
-219788.6
-220183.0
-220068.5
-219674.1
-219780.1
-220581.6
-219691.1
-220026.1
-219987.9
-220043.0
-219415.5
-219585.1
-219983.7
-219907.4
-219606.3
-219881.9
-220085.4
-219245.9
-219682.6
-219750.5
-219585.1
-219886.1
-219623.2
-219551.2
-219245.9
-219839.5
-219784.4
-219148.3
-219542.7
-219491.8
-219050.8
-218991.4
-219462.1
-218724.3
-219440.9
-219373.1
-219089.0
-218707.3
-218949.0
-218893.9
-218690.4
-219284.0
-219190.7
-218995.7
-218809.1
-219203.5
-218597.1
-218732.8
-218766.7
-219190.7
-218796.4
-219084.7
-218728.5
-218775.2
-218652.2
-218690.4
-218397.8
-218465.6
-218711.6
-218707.3
-218321.5
-218983.0
-218779.4
-218291.8
-218588.6
-218635.3
-218296.0
-218130.7
-218368.1
-218372.4
-218291.8
-218686.1
-218041.6
-218575.9
-218334.2
-218525.0
-217507.3
-218499.6
-218363.9
-218440.2
-218037.4
-218486.8
-218402.0
-217799.9
-218194.3
-218690.4
-217706.6
-218050.1
-218291.8
-218173.1
-217702.4
-218287.5
-218266.3
-217889.0
-218016.2
-218050.1
-217702.4
-217668.5
-218228.2
-217948.3
-217498.8
-217986.5
-217613.3
-217655.7
-217715.1
-217795.7
-217795.7
-217558.2
-217626.1
-217469.2
-217490.4
-217303.8
-217859.3
-217503.1
-217371.6
-217498.8
-217202.0
-217163.9
-217189.3
-217320.8
-217117.2
-216803.4
-217570.9
-217074.8
-217142.7
-217409.8
-216807.7
-217163.9
-217189.3
-216858.6
-216633.8
-217685.4
-217286.8
-216837.4
-216956.1
-217231.7
-216807.7
-216714.4
-217503.1
-217079.1
-216298.8
-217185.1
-216998.5
-216884.0
-216816.2
-217134.2
-216506.6
-216909.4
-216807.7
-216718.6
-216303.1
-216888.2
-216400.6
-216553.3
-216858.6
-216739.8
-216502.4
-216370.9
-216697.4
-216523.6
-216091.1
-216298.8
-216875.5
-216303.1
-216705.9
-216684.7
-216303.1
-216845.8
-216828.9
-216561.7
-216103.8
-216002.0
-216676.2
-216137.7
-216141.9
-215870.6
-216587.2
-216256.4
-216650.8
-216493.9
-215811.2
-216192.8
-215968.1
-215993.5
-216358.2
-216167.4
-215611.9
-216362.4
-216239.5
-216358.2
-216010.5
-215607.7
-215968.1
-215840.9
-215845.1
-215959.6
-216099.5
-215832.4
-215845.1
-215997.8
-215624.6
-216188.6
-216086.8
-215925.7
-216031.7
-216048.7
-216294.6
-215768.8
-215828.2
-215913.0
-215934.2
-216002.0
-215684.0
-215031.0
-215425.3
-215645.8
-215603.4
-215650.1
-215476.2
-215722.2
-215031.0
-216468.4
-215340.5
-215544.1
-215200.6
-215289.6
-215111.5
-215120.0
-215319.3
-215561.0
-215060.7
-215395.6
-216112.3
-215056.4
-215264.2
-215603.4
-215315.1
-215298.1
-214997.1
-215247.2
-215361.7
-214428.9
-215268.4
-214916.5
-214954.7
-215281.2
-214526.4
-214861.4
-215302.4
-214865.6
-214598.5
-214509.4
-215170.9
-214581.5
-215047.9
-214844.4
-215001.3
-214819.0
-214394.9
-214806.2
-214433.1
-214310.1
-214958.9
-214632.4
-214679.0
-214963.1
-214229.6
-214755.4
-214581.5
-214479.7
-214153.2
-214500.9
-214670.6
-213958.2
-214704.5
-214704.5
-214318.6
-214064.2
-214729.9
-214551.8
-214123.6
-214886.8
-214144.8
-214344.0
-214411.9
-214560.3
-214216.8
-214339.8
-213771.6
-214267.7
-213619.0
-214288.9
-214110.8
-213725.0
-214081.1
-213903.1
-214102.3
-212949.0
-213996.3
-213809.8
-213351.8
-213987.9
-213826.7
-213691.0
-213767.4
-214110.8
-213529.9
-213428.1
-213970.9
-213741.9
-213228.8
-213597.8
-213644.4
-213423.9
-213725.0
-213508.7
-214093.9
-213364.5
-213224.6
-213127.1
-213148.3
-213406.9
-213529.9
-213313.6
-212817.5
-213118.6
-213021.1
-212647.9
-213555.3
-213004.1
-212991.4
-213207.6
-212864.2
-212575.8
-213025.3
-212876.9
-213296.7
-212563.1
-212851.5
-212745.4
-212694.6
-213008.3
-213114.4
-212469.8
-212499.5
-212792.1
-212524.9
-212368.1
-212448.6
-212508.0
-212427.4
-212321.4
-212380.8
-212143.3
-212245.1
-212647.9
-212228.1
-212351.1
-212092.4
-212045.8
-212147.6
-212122.1
-211833.8
-212270.5
-212245.1
-212033.1
-211532.7
-211753.2
-212105.2
-212020.4
-211570.9
-212580.1
-212236.6
-211914.3
-211732.0
-212041.6
-211537.0
-211235.9
-211782.9
-211829.5
-211765.9
-211816.8
-211558.2
-211074.8
-211609.0
-211532.7
-211418.2
-211422.5
-211324.9
-211570.9
-210841.5
-211884.7
-211375.8
-210939.1
-211074.8
-211269.8
-210930.6
-211320.7
-211248.6
-210841.5
-210625.3
-210820.3
-211324.9
-210506.6
-210540.5
-210930.6
-210833.1
-210523.5
-210705.9
-210744.0
-210451.4
-210137.6
-210811.9
-210154.6
-210417.5
-210570.2
-209946.8
-210455.7
-211015.4
-210434.5
-210277.6
-210807.6
-210476.9
-210188.5
-210235.2
-210324.2
-210133.4
-209836.6
-210281.8
-209917.2
-209980.8
-209450.7
-210192.8
-210027.4
-210027.4
-210103.7
-209450.7
-209883.2
-209594.9
-209586.4
-209022.4
-209603.4
-209840.8
-209671.2
-209399.8
-209603.4
-209242.9
-209378.6
-209484.6
-209175.1
-208827.4
-209980.8
-209773.0
-208929.2
-209209.0
-209357.4
-209043.6
-208772.3
-209531.3
-209196.3
-208704.4
-209018.2
-209183.6
-208606.9
-208369.4
-209086.0
-208657.8
-208827.4
-209043.6
-208814.7
-208276.1
-208513.6
-208920.7
-208085.3
-208411.8
-208352.5
-208420.3
-208178.6
-208437.3
-208322.8
-208085.3
-208606.9
-208204.1
-207784.3
-208004.8
-208534.8
-207958.1
-207665.5
-208089.6
-208034.4
-207788.5
-208123.5
-208106.5
-207860.6
-207847.9
-208314.3
-207856.4
-207606.2
-207652.8
-207869.1
-206906.5
-207788.5
-207822.4
-207521.4
-207415.4
-207941.2
-207177.9
-207139.7
-207389.9
-207504.4
-207313.6
-207915.7
-207534.1
-206868.4
-207241.5
-207411.1
-206859.9
-206580.0
-207267.0
-207139.7
-206537.6
-206630.9
-207076.1
-206563.1
-206796.3
-207313.6
-207050.7
-206308.6
-207169.4
-206597.0
-206317.1
-207105.8
-206923.5
-206520.7
-206664.8
-207016.8
-206465.5
-206117.8
-206787.8
-206469.8
-205922.8
-206418.9
-206923.5
-206380.7
-206100.9
-206016.1
-206512.2
-205833.7
-206130.5
-206071.2
-205816.8
-206122.1
-206160.2
-206028.8
-205922.8
-205842.2
-206028.8
-206088.1
-206308.6
-206185.7
-205770.1
-206215.4
-205999.1
-205604.7
-205401.2
-206045.7
-205481.8
-205163.8
-205952.5
-205922.8
-205371.5
-205914.3
-206113.6
-205486.0
-205579.3
-205519.9
-205829.5
-205528.4
-205587.8
-205460.6
-205295.2
-205630.2
-205698.0
-205062.0
-205282.5
-205821.0
-205651.4
-204383.5
-205185.0
-205083.2
-205095.9
-205910.0
-205651.4
-204654.9
-205066.2
-205469.1
-204595.5
-205146.8
-205146.8
-205091.7
-205049.3
-205240.1
-205214.6
-204519.2
-204922.1
-205447.9
-204972.9
-204565.9
-205142.5
-204892.4
-204328.4
-204816.0
-204960.2
-204413.2
-204786.4
-204850.0
-204845.7
-204574.3
-204430.2
-204841.5
-204226.6
-204714.3
-204972.9
-204129.1
-204396.3
-204794.8
-204188.5
-203942.5
-204943.3
-204582.8
-204375.1
-203972.2
-204319.9
-203900.1
-204438.7
-204277.5
-204345.4
-204065.5
-204290.2
-204057.0
-203505.8
-204875.4
-204362.3
-203887.4
-203895.9
-204442.9
-204078.2
-203187.8
-204582.8
-204048.5
-203700.8
-203756.0
-204010.4
-203650.0
-203726.3
-204175.8
-203870.5
-203370.1
-203662.7
-203671.2
-203209.0
-204103.7
-203781.4
-203493.1
-203696.6
-203802.6
-203760.2
-203013.9
-203459.1
-203548.2
-203306.5
-203348.9
-203840.8
-203153.8
-203315.0
-203454.9
-203641.5
-202967.3
-203802.6
-203170.8
-202763.7
-203310.7
-203013.9
-203217.4
-203013.9
-203276.8
-202882.5
-202288.8
-202920.6
-202823.1
-202293.1
-203476.1
-202831.6
-202556.0
-202683.2
-203323.5
-202700.1
-202411.8
-202755.2
-202704.4
-202293.1
-203103.0
-202373.6
-202081.0
-202119.2
-202755.2
-202191.3
-202000.5
-202327.0
-202136.2
-202081.0
-202534.8
-202687.4
-202327.0
-202454.2
-202237.9
-202348.2
-201746.1
-202259.1
-202042.9
-201640.0
-202221.0
-201886.0
-201924.1
-201661.2
-202327.0
-202182.8
-202034.4
-201996.2
-201830.9
-201758.8
-202331.2
-201423.8
-201334.7
-201712.1
-202131.9
-201979.3
-201131.2
-201631.6
-201707.9
-201364.4
-201924.1
-201207.5
-201461.9
-201300.8
-201385.6
-201746.1
-201152.4
-201953.8
-201220.3
-201046.4
-201996.2
-201037.9
-200931.9
-200902.2
-201500.1
-200728.4
-200719.9
-201063.4
-200957.4
-200643.6
-201037.9
-200698.7
-200266.2
-201021.0
-201148.2
-201059.1
-200363.7
-201033.7
-200948.9
-200397.6
-200923.4
-200431.6
-200762.3
-200834.4
-200698.7
-201127.0
-200054.2
-200991.3
-200626.6
-200181.4
-200906.5
-200482.4
-200329.8
-200240.7
-200495.2
-200558.8
-199528.4
-200461.2
-200266.2
-199392.7
-200100.8
-200143.2
-199901.5
-199613.2
-200054.2
-199613.2
-199502.9
-200266.2
-199804.0
-199278.2
-200389.1
-199816.7
-199337.5
-199498.7
-200088.1
-199235.8
-199494.4
-199736.1
-199392.7
-199049.2
-199447.8
-199825.2
-199006.8
-199536.8
-199625.9
-199006.8
-199592.0
-199337.5
-199392.7
-199265.5
-199464.8
-199011.0
-199172.2
-198972.9
-199049.2
-198790.5
-198905.0
-199502.9
-198811.7
-198311.4
-199108.6
-198909.3
-198608.2
-198926.2
-199189.1
-198527.6
-198116.3
-198540.4
-198714.2
-198141.8
-198722.7
-198273.2
-198107.9
-197938.2
-198659.1
-198129.1
-197857.7
-198676.1
-198196.9
-197743.2
-198319.9
-198510.7
-198010.3
-198035.8
-198324.1
-198281.7
-197060.5
-198175.7
-197870.4
-197849.2
-198061.2
-198188.4
-197709.3
-197768.6
-197722.0
-197594.8
-197501.5
-197743.2
-197560.9
-197425.2
-197196.2
-197802.6
-197314.9
-197594.8
-197849.2
-197319.2
-196958.7
-197582.1
-197514.2
-197136.8
-197081.7
-197429.4
-196916.3
-197162.3
-197314.9
-196992.6
-196767.9
-196912.1
-197115.6
-196522.0
-196941.8
-196831.5
-196784.9
-196721.3
-197162.3
-196801.8
-195949.5
-197047.8
-197035.1
-196212.4
-197463.3
-196509.3
-196386.3
-196102.2
-196530.5
-196212.4
-196259.1
-196445.6
-196653.4
-196038.6
-196263.3
-196946.0
-196081.0
-196284.5
-196500.8
-196492.3
-196081.0
-196424.4
-196000.4
-195487.3
-195559.4
-195919.8
-196055.5
-195788.4
-196072.5
-196000.4
-195436.5
-196254.8
-195788.4
-195495.8
-195203.2
-196488.1
-194957.3
-195635.7
-196123.4
-195521.3
-194847.0
-195953.8
-195360.1
-194745.3
-195521.3
-195050.6
-195097.2
-195177.8
-195627.3
-195118.4
-194635.0
-195394.0
-195054.8
-194711.4
-195419.5
-195186.3
-195025.1
-195211.7
-195394.0
-195008.2
-194452.7
-195016.7
-195080.3
-194601.1
-194864.0
-195139.6
-194562.9
-194719.8
-195143.9
-194719.8
-194253.4
-194724.1
-194478.1
-194261.9
-194571.4
-194779.2
-194401.8
-194469.7
-194372.1
-194923.4
-193791.2
-194334.0
-194253.4
-194274.6
-194469.7
-194266.1
-194092.3
-193990.5
-193969.3
-194083.8
-193579.2
-194126.2
-193939.6
-193320.5
-194847.0
-193956.6
-193909.9
-193468.9
-194138.9
-193545.3
-193608.9
-193757.3
-193893.0
-193608.9
-193863.3
-193960.8
-193532.5
-193558.0
-194109.2
-194011.7
-193032.2
-193553.7
-193727.6
-193180.6
-193740.3
-193774.2
-193401.1
-193464.7
-193681.0
-193044.9
-193354.5
-193604.6
-193197.6
-192553.0
-193863.3
-193197.6
-193036.4
-193006.7
-193083.1
-193731.8
-192536.1
-192960.1
-192985.5
-192769.3
-193443.5
-193744.6
-192697.2
-193104.3
-193299.3
-193019.5
-192769.3
-193329.0
-193392.6
-192540.3
-193303.6
-192917.7
-192459.7
-193057.6
-193227.2
-192557.3
-192964.3
-192731.1
-192748.1
-192701.4
-192972.8
-193481.7
-192408.9
-192667.5
-193083.1
-192447.0
-192620.9
-192735.4
-192909.2
-192701.4
-192773.5
-192536.1
-192705.7
-192192.6
-192756.6
-192548.8
-192489.4
-192977.1
-192447.0
-192332.5
-193125.5
-192599.7
-192086.6
-192544.6
-192332.5
-192760.8
-192358.0
-192799.0
-192544.6
-192230.8
-192659.0
-192722.6
-192167.2
-192404.6
-192642.1
-191874.6
-192578.5
-193036.4
-192544.6
-192116.3
-192824.4
-192442.8
-192065.4
-191942.4
-192268.9
-191768.6
-192192.6
-192803.2
-192141.7
-192201.1
-192124.8
-192955.9
-192472.5
-192150.2
-192527.6
-192061.2
-192158.7
-192472.5
-192404.6
-191963.6
-192434.3
-192799.0
-192001.8
-192052.7
-192387.7
-192133.2
-192056.9
-192404.6
-192048.4
-191976.3
-192001.8
-192425.8
-191738.9
-192523.3
-192688.7
-192035.7
-192256.2
-192358.0
-192061.2
-191794.0
-191781.3
-192714.2
-191844.9
-192167.2
-192587.0
-191586.2
-191933.9
-192328.3
-192090.8
-191607.4
-192332.5
-192082.4
-191747.4
-192014.5
-192247.7
-192010.3
-191921.2
-192133.2
-191794.0
-191615.9
-192069.6
-192336.8
-191836.4
-191700.7
-191857.6
-191726.2
-191615.9
-191917.0
-192044.2
-191632.9
-192421.6
-192141.7
-191755.9
-192205.3
-192230.8
-191382.7
-191688.0
-192341.0
-191844.9
-191857.6
-191819.5
-191938.2
-191556.6
-191497.2
-192090.8
-191225.8
-191569.3
-192659.0
-191700.7
-191645.6
-191700.7
-191870.3
-191607.4
-191806.7
-192353.7
-191408.1
-191437.8
-191857.6
-191946.7
-191425.1
-192120.5
-192048.4
-191509.9
-191255.5
-191556.6
-191976.3
-191204.6
-191297.9
-191505.7
-191713.4
-191624.4
-192069.6
-191620.2
-191459.0
-192052.7
-191658.3
-191166.4
-191764.3
-191497.2
-191734.7
-191005.3
-191785.5
-191327.6
-191310.6
-191692.2
-191425.1
-191637.1
-191781.3
-191302.1
-190967.2
-191539.6
-192010.3
-191145.2
-190708.5
-191039.2
-191030.8
-190827.2
-191187.6
-191302.1
-191213.1
-191306.4
-191382.7
-191204.6
-191306.4
-191543.8
-191331.8
-190797.5
-191607.4
-191302.1
-191005.3
-191548.1
-191582.0
-191162.2
-190856.9
-191522.6
-190801.8
-190967.2
-191353.0
-191204.6
-190844.2
-191420.9
-191344.5
-190776.3
-190907.8
-191174.9
-190937.5
-190789.1
-190818.7
-191153.7
-191005.3
-190916.3
-191327.6
-190458.3
-190712.7
-191166.4
-190564.3
-190644.9
-191068.9
-190852.7
-190369.3
-191480.2
-191136.8
-191102.8
-190606.7
-190666.1
-190700.0
-190267.5
-190899.3
-190954.4
-190666.1
-190606.7
-190530.4
-190530.4
-190458.3
-191085.9
-190844.2
-190178.5
-190776.3
-190606.7
-190437.1
-190856.9
-190627.9
-190598.2
-190458.3
-190318.4
-190742.4
-190148.8
-190505.0
-190360.8
-190140.3
-190649.1
-190649.1
-190080.9
-190013.1
-190428.6
-190068.2
-190348.1
-190560.1
-190407.4
-189843.5
-190411.7
-190157.3
-190428.6
-190305.7
-190191.2
-190280.2
-189788.3
-190420.2
-190110.6
-190153.0
-189758.7
-189712.0
-189712.0
-189860.4
-190288.7
-189512.7
-189919.8
-190127.6
-189962.2
-189232.9
-189741.7
-189881.6
-189521.2
-189661.1
-189941.0
-189550.9
-189902.8
-189843.5
-189614.5
-189589.0
-189801.1
-189623.0
-189563.6
-189610.2
-189593.3
-189771.4
-188995.4
-189779.9
-189415.2
-189182.0
-189389.8
-189703.5
-189669.6
-189215.9
-189449.1
-189635.7
-188978.4
-189580.6
-189165.0
-188885.2
-189182.0
-189512.7
-189249.8
-189008.1
-189483.0
-188974.2
-188897.9
-189449.1
-188813.1
-188745.2
-188982.7
-189080.2
-188507.8
-188461.1
-188914.8
-188465.4
-188796.1
-188821.5
-189118.4
-188499.3
-188944.5
-188643.5
-188622.3
-188168.5
-189033.6
-188601.1
-188189.7
-188825.8
-188520.5
-188071.0
-189525.4
-188287.3
-188104.9
-188711.3
-189182.0
-188054.1
-187897.2
-188656.2
-188270.3
-187676.7
-188948.8
-188384.8
-188020.1
-187871.7
-188062.5
-188126.1
-187918.4
-188037.1
-188172.8
-187676.7
-188499.3
-188202.5
-187816.6
-187761.5
-188147.3
-187494.3
-187854.8
-188071.0
-187477.4
-187498.6
-188244.9
-188138.9
-187350.2
-187956.5
-188177.0
-187485.8
-187922.6
-187273.8
-187439.2
-186998.2
-188011.6
-187765.7
-187163.6
-187316.2
-187549.5
-187163.6
-187108.5
-187960.8
-187426.5
-186883.7
-187625.8
-187206.0
-186964.3
-187019.4
-187358.6
-186892.2
-186586.9
-187252.6
-187222.9
-186642.0
-187401.0
-187456.2
-186782.0
-187121.2
-186913.4
-186989.7
-186671.7
-187163.6
-186782.0
-186455.4
-186960.0
-186900.7
-186625.1
-186866.8
-186714.1
-186879.5
-186417.3
-187189.0
-186722.6
-186277.4
-186739.6
-186663.2
-186112.0
-186663.2
-186815.9
-186459.7
-186341.0
-186523.3
-186188.3
-185624.3
-185972.1
-186659.0
-186044.1
-186184.1
-186167.1
-185959.3
-185950.9
-187006.7
-186035.7
-185827.9
-186006.0
-185989.0
-185700.7
-185984.8
-186235.0
-185717.6
-185526.8
-186451.2
-185976.3
-185586.2
-185429.3
-186268.9
-185598.9
-185382.6
-185912.7
-185696.4
-185764.3
-185429.3
-185747.3
-185306.3
-185959.3
-185514.1
-185302.1
-185327.5
-185637.1
-185552.3
-184831.4
-185225.8
-185598.9
-184933.2
-185548.0
-185747.3
-184975.6
-185331.8
-185395.4
-184636.4
-185085.8
-184928.9
-185204.6
-184839.9
-185297.8
-184903.5
-184674.5
-185128.2
-185094.3
-184852.6
-184649.1
-185030.7
-184856.8
-184674.5
-184666.0
-185068.9
-184365.0
-184627.9
-184831.4
-184568.5
-184610.9
-184560.0
-184746.6
-184538.8
-184369.2
-184810.2
-184394.7
-184322.6
-184428.6
-184246.2
-184068.1
-184348.0
-184233.5
-183996.1
-184097.8
-184640.6
-184479.5
-183839.2
-184309.8
-183830.7
-184250.5
-184432.8
-184097.8
-184140.2
-183716.2
-184110.6
-183750.1
-183966.4
-184297.1
-184411.6
-183750.1
-183881.6
-183644.1
-183940.9
-184136.0
-184080.9
-183466.0
-183728.9
-184072.4
-184225.0
-183567.8
-183962.1
-184085.1
-183258.2
-184246.2
-184021.5
-183724.7
-183533.9
-183703.5
-183474.5
-183160.7
-183410.9
-183338.8
-183474.5
-183186.2
-183784.0
-183194.6
-183767.1
-183962.1
-183046.2
-183597.5
-183334.6
-183360.0
-183444.8
-183559.3
-183436.3
-183355.8
-183139.5
-183343.1
-183262.5
-182507.7
-183364.3
-183245.5
-182702.8
-182978.4
-183516.9
-183101.4
-182880.9
-183372.7
-182486.5
-183237.0
-183131.0
-182745.2
-182910.5
-183215.8
-182859.7
-183054.7
-182885.1
-182804.5
-182825.7
-182660.4
-183020.8
-182859.7
-182575.6
-182639.2
-182859.7
-182948.7
-182774.8
-183003.8
-182851.2
-181888.6
-182579.8
-182609.5
-182711.2
-182503.5
-182982.6
-182295.7
-182630.7
-182774.8
-182567.1
-182028.6
-182948.7
-182444.1
-182308.4
-182329.6
-182558.6
-182469.5
-181791.1
-182579.8
-182240.6
-181736.0
-182664.6
-182321.1
-182410.2
-181630.0
-182520.4
-182244.8
-182100.6
-182278.7
-182270.3
-181290.7
-181926.8
-182049.8
-181676.6
-181977.7
-182236.3
-182037.0
-181604.5
-182049.8
-181990.4
-181316.2
-182160.0
-181943.7
-181608.8
-181964.9
-181837.7
-181719.0
-181833.5
-181909.8
-181235.6
-181087.2
-181778.4
-181909.8
-181311.9
-181672.4
-182117.6
-181634.2
-181676.6
-181909.8
-181672.4
-181201.7
-181994.6
-182049.8
-181409.5
-181405.2
-181545.2
-181545.2
-181311.9
-181515.5
-181485.8
-180815.8
-181744.5
-181324.7
-181116.9
-181333.1
-182054.0
-180909.1
-181485.8
-181379.8
-180722.5
-180858.2
-182227.8
-181693.6
-180951.5
-181417.9
-181875.9
-180794.6
-180977.0
-181345.9
-180998.2
-180752.2
-181015.1
-181282.3
-180616.5
-181333.1
-181155.0
-181032.1
-180680.1
-181015.1
-180790.4
-180502.0
-181116.9
-180752.2
-180485.1
-180612.3
-181129.6
-180714.1
-180442.7
-180879.4
-180701.3
-180120.4
-180989.7
-180362.1
-180150.1
-180671.6
-180705.6
-180184.0
-180595.3
-180514.8
-180625.0
-180162.8
-180455.4
-180425.7
-180116.2
-180930.3
-180451.2
-180425.7
-180302.7
-180383.3
-180362.1
-180065.3
-180413.0
-180336.7
-179887.2
-180472.4
-180438.4
-180039.8
-180145.8
-180353.6
-179704.9
-179128.2
-180120.4
-179611.6
-179781.2
-180213.7
-180315.5
-179806.6
-179721.8
-180311.2
-179539.5
-179933.8
-179866.0
-180124.6
-179819.3
-179509.8
-179866.0
-179946.6
-179840.5
-179857.5
-179497.1
-179344.4
-179416.5
-179641.3
-179319.0
-179887.2
-179666.7
-179670.9
-179297.8
-179586.1
-179136.7
-178984.0
-179637.0
-179458.9
-178924.6
-179662.5
-179628.5
-179255.4
-179162.1
-179386.8
-179034.9
-178873.8
-179314.7
-179293.5
-179017.9
-178810.1
-179136.7
-178835.6
-179238.4
-179323.2
-179170.6
-178487.9
-178958.6
-178776.2
-178623.6
-178831.3
-178933.1
-178661.7
-179001.0
-179187.5
-178996.7
-178492.1
-179056.1
-178873.8
-178462.4
-178356.4
-178721.1
-178157.1
-178479.4
-178725.3
-178483.6
-177873.0
-178267.4
-178492.1
-178127.5
-179107.0
-178348.0
-178004.5
-177745.8
-178288.6
-178543.0
-177614.4
-178373.4
-178089.3
-177902.7
-177745.8
-179077.3
-177813.7
-178055.4
-178157.1
-177987.5
-177508.4
-178258.9
-178076.6
-177728.9
-177919.7
-178046.9
-177788.2
-178131.7
-178000.2
-178106.3
-177588.9
-178161.4
-178182.6
-177207.3
-177724.6
-177750.1
-177588.9
-177614.4
-177822.2
-177877.3
-177470.2
-177737.3
-177873.0
-177105.5
-177194.6
-178203.8
-177266.7
-177699.2
-177733.1
-177232.7
-177012.3
-177682.2
-177347.2
-177368.4
-177177.6
-177542.3
-177164.9
-177300.6
-177203.1
-177321.8
-176774.8
-177016.5
-176940.2
-176533.1
-177063.1
-176969.8
-176885.0
-176728.1
-177033.5
-176796.0
-176482.2
-176868.1
-177029.2
-176473.7
-176694.2
-177143.7
-176664.5
-176681.5
-176999.5
-176537.3
-176473.7
-176668.8
-176736.6
-176528.9
-176312.6
-176927.4
-176316.8
-176694.2
-176770.6
-176325.3
-176092.1
-176643.3
-176728.1
-176049.7
-176452.5
-176478.0
-176439.8
-176355.0
-176418.6
-176151.5
-175621.4
-176643.3
-176338.0
-176198.1
-176096.3
-176083.6
-176240.5
-175914.0
-176164.2
-175926.7
-175235.6
-176363.5
-175947.9
-176041.2
-176053.9
-176151.5
-175897.0
-175880.1
-175964.9
-175897.0
-175604.5
-176393.2
-176151.5
-175769.8
-175426.4
-176045.5
-175642.6
-175693.5
-175341.6
-175612.9
-175367.0
-175523.9
-175909.8
-175405.2
-175625.7
-175468.8
-175345.8
-175239.8
-175702.0
-175176.2
-174790.3
-175172.0
-175426.4
-175239.8
-175087.1
-175464.5
-175070.2
-174934.5
-175803.8
-175345.8
-174892.1
-175396.7
-175201.6
-174616.5
-175829.2
-175167.7
-174951.5
-174887.8
-175205.9
-174917.5
-174328.1
-175443.3
-175104.1
-174514.7
-175222.8
-175044.7
-174476.5
-174998.1
-175078.7
-175142.3
-174463.8
-174370.5
-174883.6
-174260.3
-174909.1
-174875.1
-174824.2
-174463.8
-174701.3
-174268.8
-174192.4
-174599.5
-174586.8
-174281.5
-174684.3
-175049.0
-174374.8
-174167.0
-174277.2
-174357.8
-173832.0
-174976.9
-174230.6
-173874.4
-174735.2
-175019.3
-173751.4
-173899.9
-174497.7
-173916.8
-173424.9
-174353.6
-173976.2
-173785.4
-174523.2
-173891.4
-174001.6
-173832.0
-174086.4
-173726.0
-173772.6
-173751.4
-173976.2
-173653.9
-173904.1
-174340.8
-173509.7
-173412.2
-173772.6
-173709.0
-173484.3
-173776.9
-173768.4
-173700.6
-173709.0
-173798.1
-174005.9
-173136.6
-173781.1
-173335.9
-173399.5
-173802.3
-173535.2
-173352.9
-173280.8
-173832.0
-172827.1
-173234.1
-173306.2
-173043.3
-173153.6
-172776.2
-173369.8
-173106.9
-172844.0
-173836.2
-172979.7
-173412.2
-173259.6
-172911.9
-173556.4
-173102.7
-173348.6
-172670.2
-173475.8
-173272.3
-172962.7
-172712.6
-173200.2
-172369.1
-172869.5
-172750.7
-172975.5
-172390.3
-173123.9
-172869.5
-172581.1
-172627.8
-172937.3
-172492.1
-172708.3
-173314.7
-172649.0
-172738.0
-172377.6
-172945.8
-172157.1
-172381.8
-172572.6
-172432.7
-172017.2
-172886.4
-172411.5
-171991.7
-171885.7
-172466.6
-171915.4
-172165.6
-172907.6
-171974.7
-172199.5
-172636.2
-172267.3
-171796.7
-172356.4
-172174.0
-171885.7
-171711.8
-172123.2
-171898.4
-171690.6
-171783.9
-171996.0
-171567.7
-172059.6
-172165.6
-171690.6
-171690.6
-171813.6
-171465.9
-171597.4
-171792.4
-171487.1
-171487.1
-172241.9
-171588.9
-171588.9
-171279.3
-171711.8
-171432.0
-171287.8
-171427.7
-171622.8
-171033.4
-171389.6
-171580.4
-171245.4
-171008.0
-171351.4
-171054.6
-170715.4
-171415.0
-171275.1
-170880.7
-170923.1
-171194.5
-171241.2
-171351.4
-171245.4
-171071.6
-170787.5
-170783.2
-171173.3
-170702.7
-170757.8
-171249.7
-170206.5
-170893.5
-171351.4
-170804.4
-170511.8
-171067.3
-170991.0
-170927.4
-170723.9
-171071.6
-170469.4
-170910.4
-171020.7
-170859.5
-169536.6
-170791.7
-170490.6
-170405.8
-170842.6
-170291.3
-170198.1
-170240.5
-170880.7
-170405.8
-169892.8
-169956.4
-170236.2
-169956.4
-169909.7
-170668.7
-169964.8
-170193.8
-170257.4
-169625.6
-169905.5
-170193.8
-170193.8
-170003.0
-170142.9
-170193.8
-170130.2
-169680.7
-170045.4
-169528.1
-169511.1
-170015.7
-169880.0
-169345.7
-169858.8
-169884.3
-169417.8
-169494.2
-169680.7
-169460.2
-169218.5
-169846.1
-169740.1
-169171.9
-170041.2
-169201.6
-169294.9
-169210.1
-169846.1
-169129.5
-168629.1
-169574.7
-169494.2
-169184.6
-169579.0
-169485.7
-169006.5
-168870.8
-169163.4
-169277.9
-168518.9
-169197.3
-168853.9
-168586.7
-168866.6
-169375.4
-168624.9
-168870.8
-169350.0
-168501.9
-168141.5
-169498.4
-168803.0
-168451.0
-168832.7
-168675.8
-167942.2
-168527.4
-168760.6
-168803.0
-167832.0
-168998.0
-168569.8
-168374.7
-168684.3
-168311.1
-168540.1
-168260.2
-168599.5
-168103.3
-168302.6
-168468.0
-168697.0
-168077.9
-168031.2
-168574.0
-167692.0
-168090.6
-168141.5
-168018.5
-167424.9
-168323.8
-168226.3
-168001.6
-167755.6
-167810.8
-168010.0
-167870.1
-168103.3
-167276.5
-167505.4
-167772.6
-167789.6
-167569.1
-167848.9
-167899.8
-167547.9
-167429.1
-167874.4
-167471.5
-167301.9
-167352.8
-167251.0
-167094.1
-166958.4
-167870.1
-166585.3
-167416.4
-167395.2
-167039.0
-166712.5
-167187.4
-167212.9
-166657.4
-167382.5
-167293.4
-166920.3
-167301.9
-167183.2
-166695.5
-166797.3
-166445.4
-166822.8
-166831.2
-166330.9
-167098.4
-166517.5
-166207.9
-167013.6
-166352.1
-166224.9
-167026.3
-166407.2
-166470.8
-166754.9
-166988.1
-166042.5
-166551.4
-166797.3
-165839.0
-166127.3
-166831.2
-166084.9
-165788.1
-166203.7
-166207.9
-166195.2
-166021.3
-166186.7
-166356.3
-165919.6
-166229.1
-166012.9
-165983.2
-165554.9
-166297.0
-165521.0
-165593.1
-166046.8
-165516.7
-165618.5
-166063.7
-165699.1
-165041.8
-165635.5
-165699.1
-165101.2
-165453.1
-166004.4
-165160.6
-165711.8
-165614.3
-165317.4
-165101.2
-165953.5
-165902.6
-165313.2
-165440.4
-165550.7
-165431.9
-164528.7
-165372.6
-165173.3
-165113.9
-164787.4
-165113.9
-164948.5
-164923.1
-165215.7
-164884.9
-164435.5
-165448.9
-164643.2
-164753.5
-164795.9
-164910.4
-164452.4
-164592.3
-164745.0
-164846.8
-164418.5
-164702.6
-164762.0
-164541.5
-164613.5
-164520.3
-164376.1
-163939.3
-164825.6
-163790.9
-164325.2
-164872.2
-164549.9
-164070.8
-164164.1
-164019.9
-164032.6
-163803.6
-164287.0
-163621.3
-163625.6
-164092.0
-164342.2
-163761.2
-164045.3
-164015.7
-163854.5
-163621.3
-163863.0
-163854.5
-163333.0
-164346.4
-163723.1
-163540.7
-163256.6
-163816.4
-163485.6
-163511.1
-163464.4
-163294.8
-162925.9
-163464.4
-163494.1
-163078.6
-163740.0
-163617.1
-163112.5
-162930.1
-163341.5
-163180.3
-162633.3
-163358.4
-162917.4
-162620.6
-163358.4
-163027.7
-163053.1
-162548.5
-162908.9
-162938.6
-162133.0
-162985.3
-163137.9
-162841.1
-162887.7
-162722.4
-162510.3
-162781.7
-162781.7
-162094.8
-162137.2
-163210.0
-162590.9
-162213.5
-162395.9
-162722.4
-162527.3
-162319.5
-162514.6
-161687.7
-162031.2
-162705.4
-162540.0
-162243.2
-162043.9
-162819.9
-161971.8
-162043.9
-162353.5
-162302.6
-162124.5
-161700.4
-162149.9
-161327.3
-162141.4
-161730.1
-161857.3
-161598.7
-162188.1
-161742.9
-160932.9
-161628.4
-161708.9
-161280.7
-161742.9
-162022.7
-161369.7
-161416.3
-161768.3
-161403.6
-160937.2
-161806.5
-161441.8
-161149.2
-161471.5
-161526.6
-161068.6
-161039.0
-161632.6
-160856.6
-160839.7
-161925.2
-161119.5
-160835.4
-161195.8
-161229.8
-161030.5
-160877.8
-161229.8
-160826.9
-160928.7
-160640.4
-160988.1
-160267.2
-161450.3
-161128.0
-160670.0
-160678.5
-161094.1
-160966.9
-160432.6
-161047.4
-160733.7
-160309.6
-160436.8
-160729.4
-159898.3
-160377.5
-160793.0
-160025.5
-160135.8
-160496.2
-160492.0
-160135.8
-159813.5
-160432.6
-159711.7
-159838.9
-160254.5
-160089.1
-159737.2
-159936.5
-159855.9
-159495.5
-159822.0
-159737.2
-159440.4
-159682.1
-160453.8
-159766.9
-159537.9
-159995.8
-159792.3
-159381.0
-159618.4
-159936.5
-159224.1
-159457.3
-159817.7
-159491.2
-158740.7
-159936.5
-159533.6
-159173.2
-159423.4
-159338.6
-159355.5
-159677.8
-159737.2
-159533.6
-158740.7
-159279.2
-159440.4
-159020.6
-159063.0
-159139.3
-158719.5
-158884.9
-159300.4
-158774.6
-158940.0
-158846.7
-158995.1
-158401.5
-158486.3
-158740.7
-158482.0
-158562.6
-158918.8
-158359.1
-158142.8
-158978.2
-158541.4
-157947.8
-158223.4
-158740.7
-158342.1
-158308.2
-158600.8
-158121.6
-158240.3
-158600.8
-158363.3
-158062.3
-158100.4
-158439.6
-158219.1
-157786.6
-158380.3
-157943.5
-157947.8
-158223.4
-157901.1
-157663.7
-157905.4
-158439.6
-157625.5
-157824.8
-158125.9
-157723.0
-157447.4
-157985.9
-157502.5
-157324.4
-158083.5
-157549.2
-157604.3
-157447.4
-157447.4
-157523.7
-157544.9
-157884.2
-157566.1
-156968.2
-156968.2
-157841.8
-156870.7
-157388.0
-157629.7
-157269.3
-156450.9
-157884.2
-157006.4
-156951.3
-157307.5
-157146.3
-157031.9
-156747.8
-157345.6
-156824.1
-156450.9
-157184.5
-157184.5
-156476.4
-156947.0
-157345.6
-156811.4
-156607.8
-157036.1
-156709.6
-156056.6
-156370.4
-156968.2
-156251.6
-156688.4
-156849.5
-156370.4
-156446.7
-156624.8
-156192.3
-156446.7
-156408.5
-156370.4
-156069.3
-156467.9
-156450.9
-156332.2
-156209.2
-156629.0
-156548.5
-155267.9
-156315.2
-156154.1
-155501.1
-156009.9
-156349.2
-155814.9
-156048.1
-156472.1
-156031.1
-155755.5
-156132.9
-156332.2
-155501.1
-156171.1
-156056.6
-155518.1
-155310.3
-155971.8
-156052.3
-155064.3
-156455.2
-155653.7
-155653.7
-155730.1
-155755.5
-155259.4
-155327.2
-155993.0
-155636.8
-155356.9
-155513.8
-155238.2
-154996.5
-155433.3
-155653.7
-155373.9
-155293.3
-155831.8
-154924.4
-154754.8
-155781.0
-155174.6
-155000.7
-154597.9
-155446.0
-154695.4
-155170.4
-155301.8
-155454.5
-154470.7
-155195.8
-155077.1
-154903.2
-154814.2
-155153.4
-154835.4
-154682.7
-154852.3
-154504.6
-154453.7
-155301.8
-154699.7
-154640.3
-154559.7
-154949.9
-154525.8
-154665.8
-155106.7
-154580.9
-154458.0
-155200.0
-154636.1
-154229.0
-154496.1
-154754.8
-154360.4
-154360.4
-154712.4
-154559.7
-154262.9
-154602.1
-154203.6
-154021.2
-154771.8
-154173.9
-154504.6
-154101.8
-154156.9
-154199.3
-153864.3
-154780.2
-154343.5
-154042.4
-154199.3
-154161.2
-154224.8
-153817.7
-154004.3
-154118.8
-153372.5
-154687.0
-154076.3
-153970.3
-153838.9
-154156.9
-154063.6
-153817.7
-154118.8
-153609.9
-153364.0
-153817.7
-153792.2
-153423.3
-153699.0
-153961.9
-153325.8
-153474.2
-153843.1
-153207.1
-152575.3
-153499.7
-153389.4
-153139.2
-153656.6
-153563.3
-153754.1
-153135.0
-153737.1
-153470.0
-153164.7
-153902.5
-153508.1
-153321.6
-153126.5
-153652.3
-152795.8
-153325.8
-153440.3
-153325.8
-152969.6
-152859.4
-153109.6
-152804.3
-153393.7
-153465.7
-152944.2
-152978.1
-153457.3
-153190.1
-152575.3
-153287.6
-152808.5
-152859.4
-152515.9
-152757.6
-152766.1
-152804.3
-152923.0
-152494.7
-152757.6
-152817.0
-152948.4
-152592.2
-152621.9
-152371.7
-152062.2
-152698.2
-152715.2
-152388.7
-152757.6
-152278.5
-152537.1
-152168.2
-152638.9
-152473.5
-152248.8
-152435.3
-152282.7
-152024.0
-151973.1
-151935.0
-152473.5
-151761.1
-152566.8
-152185.2
-152159.7
-151935.0
-151964.7
-152142.8
-151782.3
-152032.5
-151905.3
-151795.1
-152062.2
-152168.2
-152024.0
-151600.0
-151968.9
-151731.5
-151769.6
-151739.9
-151956.2
-151426.1
-151718.7
-151968.9
-151680.6
-151383.7
-151684.8
-151850.2
-151188.7
-151672.1
-151366.8
-150874.9
-151341.3
-151663.6
-151315.9
-150921.5
-151362.5
-150853.7
-150866.4
-151739.9
-151209.9
-150925.8
-151761.1
-151192.9
-150790.1
-151023.3
-151273.5
-150883.4
-150874.9
-151354.1
-151192.9
-150730.7
-150866.4
-151265.0
-150908.8
-151031.8
-151027.6
-150836.7
-149997.2
-150866.4
-150853.7
-150633.2
-151286.2
-150790.1
-150819.8
-150573.8
-150802.8
-150429.7
-150857.9
-150709.5
-150684.1
-150315.2
-150819.8
-150777.4
-150438.2
-150238.9
-150578.1
-150251.6
-149789.4
-151048.8
-150400.0
-150336.4
-150531.4
-150768.9
-150031.1
-150124.4
-150450.9
-150251.6
-149399.3
-150603.5
-150124.4
-149649.5
-150336.4
-149997.2
-150018.4
-149992.9
-150484.8
-150128.6
-149208.5
-150340.6
-150065.0
-149933.6
-149823.3
-149780.9
-149619.8
-149403.5
-150103.2
-149980.2
-148915.9
-150124.4
-149539.2
-149098.2
-149259.3
-149666.4
-150031.1
-149144.9
-149747.0
-149721.5
-149000.7
-149450.2
-149551.9
-148894.7
-149763.9
-149496.8
-149263.6
-149255.1
-149666.4
-149259.3
-148305.3
-149857.2
-149166.1
-148754.7
-149123.7
-149280.5
-148911.6
-148843.8
-149280.5
-149200.0
-148602.1
-149560.4
-149144.9
-148754.7
-149267.8
-148992.2
-148580.9
-148534.2
-148941.3
-148220.5
-148954.0
-149259.3
-148644.5
-148127.2
-148712.3
-148788.7
-148500.3
-148619.1
-148568.2
-148097.5
-148182.3
-148678.4
-148373.1
-148513.0
-148385.8
-148479.1
-148267.1
-148220.5
-148678.4
-148131.4
-147885.5
-148585.1
-148398.6
-147690.4
-148309.5
-148390.1
-147817.6
-147970.3
-148441.0
-148029.6
-147503.8
-148152.6
-147910.9
-147788.0
-148245.9
-148195.0
-147983.0
-147525.1
-148038.1
-147618.3
-147486.9
-148313.8
-147804.9
-147202.8
-147453.0
-148258.6
-147270.6
-147592.9
-147720.1
-147363.9
-147194.3
-147143.4
-147665.0
-147062.9
-147660.7
-147694.7
-146638.8
-147402.1
-147834.6
-147334.2
-147190.1
-147139.2
-147427.5
-147147.7
-147351.2
-147580.2
-146791.5
-147156.1
-147559.0
-146927.2
-146693.9
-147440.2
-147041.7
-146621.9
-147486.9
-147118.0
-146838.1
-146846.6
-147287.6
-146829.6
-146405.6
-146740.6
-146638.8
-146269.9
-146634.6
-147274.9
-146108.8
-146342.0
-146706.7
-146329.3
-146193.6
-146638.8
-146528.6
-145837.4
-146562.5
-147079.8
-146125.7
-146087.6
-146706.7
-146253.0
-146091.8
-146291.1
-146571.0
-146134.2
-145710.2
-146363.2
-145960.4
-146197.8
-146219.0
-146151.2
-145718.7
-145447.3
-146193.6
-146024.0
-145667.8
-146456.5
-145646.6
-145782.3
-145990.1
-145756.8
-145786.5
-145744.1
-145604.2
-145069.9
-145646.6
-145803.5
-145243.8
-145816.2
-145604.2
-145468.5
-145396.4
-145265.0
-145421.9
-145544.8
-145578.7
-146172.4
-145133.5
-145269.2
-145756.8
-145188.6
-144527.1
-145828.9
-145421.9
-144963.9
-145536.3
-145320.1
-144798.5
-144908.8
-145209.8
-144840.9
-144696.8
-145265.0
-145057.2
-144832.4
-145082.6
-144815.5
-144586.5
-144857.9
-144993.6
-144828.2
-144611.9
-144747.6
-144891.8
-144476.3
-144378.7
-144972.4
-144234.6
-144582.3
-144840.9
-144268.5
-144103.1
-145129.3
-144972.4
-144349.0
-144756.1
-144611.9
-144009.8
-143759.6
-144819.7
-144069.2
-143810.5
-144353.3
-144277.0
-143649.4
-144667.1
-144425.4
-144137.0
-144056.5
-144221.8
-144005.6
-143526.4
-144467.8
-144158.2
-143848.7
-144031.0
-144196.4
-143458.6
-143636.7
-144349.0
-144226.1
-143250.8
-144336.3
-143717.2
-143263.5
-143607.0
-144179.4
-143573.1
-143475.5
-143713.0
-143878.4
-143335.6
-143624.0
-143632.4
-143284.7
-143560.3
-143704.5
-143509.5
-143038.8
-143492.5
-143501.0
-143026.1
-143153.3
-143085.4
-142784.4
-143534.9
-143416.2
-143043.0
-142992.1
-143450.1
-143780.8
-142479.1
-143445.9
-143068.5
-142839.5
-143085.4
-143301.7
-142737.7
-142941.3
-143284.7
-142975.2
-142708.0
-142907.3
-142941.3
-142733.5
-142737.7
-143373.8
-142661.4
-142763.2
-143238.1
-142729.2
-141851.5
-142725.0
-142665.6
-142296.7
-142737.7
-142814.1
-142462.1
-142385.8
-142869.2
-142254.3
-142483.3
-142725.0
-142771.6
-142381.5
-142563.9
-142614.8
-142301.0
-142029.6
-142555.4
-141978.7
-142661.4
-141779.4
-142530.0
-142097.4
-142156.8
-142114.4
-141652.2
-142513.0
-142381.5
-141813.3
-141995.7
-142530.0
-142110.2
-141673.4
-142368.8
-142237.4
-141851.5
-141898.1
-142390.0
-141758.2
-141707.3
-142657.2
-141813.3
-141868.5
-142135.6
-141834.5
-141359.6
-141893.9
-141970.2
-141987.2
-141830.3
-141796.4
-141745.5
-141262.1
-141643.7
-141724.3
-141304.5
-141673.4
-141686.1
-141313.0
-140740.5
-141923.6
-141588.6
-141308.7
-141639.5
-141707.3
-141101.0
-141045.8
-141605.6
-141338.4
-140927.1
-141889.7
-141177.3
-141058.6
-141389.3
-141414.7
-140528.5
-140931.3
-141296.0
-141037.4
-141109.4
-141372.3
-141397.8
-141033.1
-141363.9
-141130.6
-140770.2
-141071.3
-141461.4
-140689.7
-140706.6
-141058.6
-140965.3
-140532.8
-140863.5
-141198.5
-140592.1
-140982.2
-140859.3
-140439.5
-140414.0
-141270.6
-140808.4
-140634.5
-140515.8
-140698.1
-140558.2
-140320.7
-140464.9
-140566.7
-140053.6
-140405.5
-140570.9
-140409.8
-140219.0
-140486.1
-140062.1
-140168.1
-140850.8
-140341.9
-139934.9
-140643.0
-140537.0
-140019.7
-140464.9
-140431.0
-139934.9
-140019.7
-140125.7
-139917.9
-140570.9
-139778.0
-140439.5
-139756.8
-140138.4
-140600.6
-139773.7
-139867.0
-140193.5
-139769.5
-139625.3
-140019.7
-139917.9
-139447.2
-140261.4
-139587.2
-139833.1
-139493.9
-139659.3
-139744.1
-139256.4
-140104.5
-139884.0
-139349.7
-139566.0
-139532.0
-139616.8
-139260.7
-139506.6
-139243.7
-139035.9
-139930.6
-139523.6
-139506.6
-139243.7
-139129.2
-139222.5
-139256.4
-139158.9
-139693.2
-138985.0
-139616.8
-139413.3
-138968.1
-139294.6
-140074.8
-138781.5
-139328.5
-139345.5
-139243.7
-139040.2
-138908.7
-139353.9
-138739.1
-139290.3
-139057.1
-138739.1
-138739.1
-139184.3
-138870.6
-139112.3
-138692.5
-138883.3
-138692.5
-139146.2
-139222.5
-138268.4
-138488.9
-138963.8
-138090.3
-138467.7
-138709.4
-138421.1
-138243.0
-138717.9
-138170.9
-138539.8
-138162.4
-138586.5
-138132.7
-138111.5
-138823.9
-138556.8
-137920.7
-138124.3
-138412.6
-137712.9
-137933.4
-138472.0
-138056.4
-138298.1
-138124.3
-138349.0
-137416.1
-138561.0
-138561.0
-137568.8
-138192.1
-137941.9
-137975.8
-137925.0
-137869.8
-137988.6
-137780.8
-137606.9
-137806.2
-138043.7
-137594.2
-137674.8
-137997.0
-137195.6
-138014.0
-137759.6
-137428.8
-137874.1
-137560.3
-137560.3
-137399.2
-137819.0
-137802.0
-136992.1
-137712.9
-137394.9
-136983.6
-137250.7
-137238.0
-137403.4
-137263.5
-137013.3
-136729.2
-137106.6
-137835.9
-137263.5
-137013.3
-137026.0
-137132.0
-137276.2
-137000.6
-137182.9
-136496.0
-136695.3
-137089.6
-136864.9
-136563.8
-136970.9
-136860.6
-136602.0
-137098.1
-137068.4
-136640.1
-136809.8
-137242.3
-137093.9
-136313.6
-136623.2
-137573.0
-136347.6
-136602.0
-136877.6
-136466.3
-136334.8
-136114.3
-136500.2
-136288.2
-136699.5
-136648.6
-136250.0
-136364.5
-136326.4
-136309.4
-136148.3
-136161.0
-136300.9
-136237.3
-136381.5
-136525.7
-135588.5
-136237.3
-136568.1
-135965.9
-135927.8
-136453.6
-135999.9
-135923.5
-136322.1
-136440.8
-135550.4
-135868.4
-136279.7
-135940.5
-135465.6
-136627.4
-135872.6
-135630.9
-135686.1
-135826.0
-135647.9
-135868.4
-135974.4
-135690.3
-135359.6
-135601.3
-135737.0
-135194.2
-135168.8
-135783.6
-135385.0
-135270.5
-135686.1
-135635.2
-134990.7
-135622.5
-135469.8
-135283.2
-135821.8
-135300.2
-134914.3
-135372.3
-135503.7
-135588.5
-134986.4
-135100.9
-135435.9
-135079.7
-135232.4
-135431.7
-135139.1
-134901.6
-135414.7
-134969.5
-134757.4
-135584.3
-135105.1
-134732.0
-135075.5
-135605.5
-134367.3
-134901.6
-135427.4
-134727.8
-134452.1
-134965.2
-134944.0
-134333.4
-134723.5
-134757.4
-134443.7
-134473.3
-134855.0
-134414.0
-134511.5
-134965.2
-134778.6
-134146.8
-134676.9
-135206.9
-134006.9
-134312.2
-134354.6
-134278.3
-134142.6
-134965.2
-134312.2
-134197.7
-134558.1
-135007.6
-133794.9
-134274.0
-134384.3
-134096.0
-134134.1
-134727.8
-134447.9
-134096.0
-134286.8
-134341.9
-133981.5
-133710.1
-134146.8
-134028.1
-133943.3
-133981.5
-134049.3
-133540.5
-134100.2
-133973.0
-133498.1
-133646.5
-133922.1
-133676.2
-133532.0
-134083.2
-133451.4
-133256.4
-133879.7
-134045.1
-133536.2
-133510.8
-133642.2
-133426.0
-133252.1
-133794.9
-133476.9
-133803.4
-133536.2
-133896.7
-133421.7
-133345.4
-133392.1
-133392.1
-132989.2
-133281.8
-133353.9
-133103.7
-133320.0
-133532.0
-133108.0
-133010.4
-133345.4
-133417.5
-132989.2
-133082.5
-133184.3
-132955.3
-133409.0
-132997.7
-132849.3
-132815.4
-132959.5
-133001.9
-133040.1
-133235.2
-132989.2
-132599.1
-133052.8
-132425.3
-133086.8
-132713.6
-132955.3
-132976.5
-132217.5
-132713.6
-132480.4
-132548.2
-132768.7
-133124.9
-132548.2
-132582.2
-132544.0
-132374.4
-131984.3
-132361.7
-132382.9
-132196.3
-132586.4
-132382.9
-132454.9
-132005.5
-132654.2
-132315.0
-131967.3
-132976.5
-132450.7
-131933.4
-131810.4
-132955.3
-132103.0
-131912.2
-132302.3
-131844.3
-131742.6
-132438.0
-132255.7
-131742.6
-131954.6
-132149.6
-131975.8
-132183.6
-132196.3
-131937.6
-131857.1
-131891.0
-131992.8
-131445.7
-131615.4
-131755.3
-131356.7
-131704.4
-132090.3
-131394.9
-130983.6
-131963.1
-131988.5
-131390.6
-131242.2
-131899.5
-131407.6
-131305.8
-131857.1
-131280.4
-131420.3
-131327.0
-131568.7
-131161.6
-131712.9
-131305.8
-130970.8
-131212.5
-131399.1
-131755.3
-130593.4
-131110.8
-131428.8
-130898.7
-130941.2
-131331.3
-131386.4
-131013.2
-131657.8
-131165.9
-130856.3
-131297.3
-130919.9
-130903.0
-130686.7
-131110.8
-130657.0
-130818.2
-131157.4
-131081.1
-130241.5
-131509.4
-130813.9
-130313.6
-130987.8
-130975.1
-130813.9
-130551.0
-130657.0
-130699.5
-130029.5
-131034.4
-130512.9
-129965.9
-130873.3
-130792.7
-130169.4
-130508.6
-130903.0
-130118.5
-130220.3
-130440.8
-130805.5
-130309.3
-130500.2
-130466.2
-130190.6
-130131.2
-130699.5
-129830.2
-129936.2
-130534.1
-130453.5
-130152.5
-130016.8
-130699.5
-129970.1
-129512.2
-130063.4
-129847.1
-130122.8
-130025.2
-130309.3
-129864.1
-129961.6
-130593.4
-129838.7
-129881.1
-130258.5
-129520.6
-129533.4
-130237.3
-129965.9
-129558.8
-130076.1
-130177.9
-129020.3
-129618.2
-130008.3
-129563.0
-129452.8
-129673.3
-129575.8
-129164.5
-129376.5
-129732.7
-128876.1
-129304.4
-129758.1
-129461.3
-129100.9
-129639.4
-129461.3
-129109.3
-129334.1
-129563.0
-129253.5
-129410.4
-129656.3
-129223.8
-128625.9
-129418.9
-129491.0
-128816.7
-129533.4
-129308.6
-128409.7
-128948.2
-129363.8
-128727.7
-128914.3
-129397.7
-128833.7
-129016.0
-128910.0
-129304.4
-128430.9
-129181.4
-129461.3
-128982.1
-128418.2
-129156.0
-128973.6
-128515.7
-128549.6
-129024.5
-128108.6
-129050.0
-128969.4
-127951.7
-128269.7
-129062.7
-128791.3
-128117.1
-128350.3
-128825.2
-127786.4
-128884.6
-128863.4
-128210.4
-128430.9
-128397.0
-128452.1
-128019.6
-128422.4
-128299.4
-127883.9
-128363.0
-128812.5
-128155.3
-128159.5
-128375.8
-128286.7
-127866.9
-128290.9
-128375.8
-127642.2
-128176.5
-127968.7
-127616.7
-127650.7
-128354.6
-128117.1
-127667.6
-127922.0
-128159.5
-127646.4
-127591.3
-127866.9
-127587.1
-127650.7
-127748.2
-127599.8
-127722.7
-127485.3
-127553.1
-127341.1
-127286.0
-127468.3
-127243.6
-127629.5
-127599.8
-127625.2
-127421.7
-127349.6
-127438.6
-127014.6
-127459.8
-127769.4
-127307.2
-126713.5
-127701.5
-127074.0
-126527.0
-127031.6
-127290.2
-126942.5
-126912.8
-127222.4
-127044.3
-126891.6
-126874.7
-126874.7
-126722.0
-127273.3
-127213.9
-127035.8
-126857.7
-127175.7
-126582.1
-126823.8
-126412.5
-126866.2
-126378.6
-126866.2
-126921.3
-126565.1
-126654.2
-126874.7
-126951.0
-125912.1
-126675.4
-126616.0
-126179.3
-126573.6
-126429.4
-126336.2
-126005.4
-126221.7
-126582.1
-126047.8
-125768.0
-126395.5
-126026.6
-126145.3
-126268.3
-125890.9
-125916.4
-126221.7
-125768.0
-125645.0
-126573.6
-125797.6
-125827.3
-125721.3
-125954.5
-126047.8
-125776.4
-125929.1
-125729.8
-125581.4
-125874.0
-125759.5
-125428.7
-126421.0
-125539.0
-125110.7
-125530.5
-125780.7
-125818.8
-125170.1
-125598.3
-125628.0
-124987.7
-125797.6
-125564.4
-124983.5
-125098.0
-125772.2
-125619.5
-124932.6
-125449.9
-125212.5
-124987.7
-124750.3
-125314.2
-124898.7
-125170.1
-125280.3
-124627.3
-124737.6
-125280.3
-125191.3
-124932.6
-124881.7
-124703.6
-125072.5
-124919.9
-124928.4
-124733.3
-124224.5
-124890.2
-124894.5
-124487.4
-124419.5
-124483.1
-124457.7
-124305.0
-124682.4
-124436.5
-123931.9
-124780.0
-124517.1
-123936.1
-124538.3
-124076.1
-124741.8
-123681.7
-124678.2
-124012.5
-123940.4
-125123.4
-124436.5
-123792.0
-124317.8
-124682.4
-124139.7
-123923.4
-124190.6
-124025.2
-123465.5
-123745.3
-124020.9
-123681.7
-124050.6
-124088.8
-123948.9
-123618.1
-123978.5
-124076.1
-123189.8
-124054.9
-123758.0
-123444.3
-123948.9
-124110.0
-123461.2
-123423.1
-123792.0
-123240.7
-123711.4
-123253.4
-123596.9
-122939.7
-123677.5
-123546.0
-123554.5
-123304.3
-123783.5
-123431.5
-123189.8
-123503.6
-123367.9
-122884.5
-123049.9
-123516.3
-122977.8
-123037.2
-123389.1
-123045.7
-123066.9
-122905.7
-123088.1
-122846.4
-123211.0
-123045.7
-122935.4
-122625.9
-123334.0
-122664.0
-122295.1
-123011.7
-123016.0
-122541.1
-122837.9
-123079.6
-122460.5
-122379.9
-122897.3
-122413.9
-122379.9
-122880.3
-122613.2
-122384.2
-122384.2
-122731.9
-122401.1
-122604.7
-122791.3
-122346.0
-121841.4
-123117.8
-122418.1
-121960.1
-122290.9
-122426.6
-122019.5
-122176.4
-122184.9
-122083.1
-121455.5
-122880.3
-122477.5
-121599.7
-121837.2
-122430.8
-121561.6
-121625.2
-122545.3
-121777.8
-121760.9
-121710.0
-121951.7
-121612.4
-122053.4
-121612.4
-121379.2
-121425.9
-122040.7
-121476.8
-121375.0
-121985.6
-121752.4
-121396.2
-121739.7
-121807.5
-120900.1
-121124.8
-121646.4
-121595.5
-120717.7
-121519.2
-121540.4
-120997.6
-121782.1
-121828.7
-121264.7
-120980.6
-121438.6
-121218.1
-121001.8
-121676.0
-121413.1
-120955.2
-120836.5
-121073.9
-120806.8
-121014.6
-121150.2
-120861.9
-120276.7
-121078.2
-120955.2
-120713.5
-120709.3
-121247.8
-120789.8
-120556.6
-120823.7
-120539.6
-120454.8
-120285.2
-120942.5
-120251.3
-120815.3
-120747.4
-120526.9
-120573.6
-120382.7
-120251.3
-120179.2
-120900.1
-120730.5
-120060.5
-120416.7
-121133.3
-119789.1
-119801.8
-120395.5
-120225.9
-119666.1
-120102.9
-120242.8
-119882.4
-119924.8
-120213.1
-120314.9
-119500.8
-120238.6
-119683.1
-119479.6
-120183.5
-119886.6
-119746.7
-119899.4
-120251.3
-119678.9
-119657.7
-120204.7
-120170.7
-119068.2
-120374.3
-119878.1
-119403.2
-119505.0
-119941.8
-119165.8
-119097.9
-120005.4
-119492.3
-119394.8
-119538.9
-119780.6
-119254.8
-119373.6
-119840.0
-118826.5
-119114.9
-119640.7
-119428.7
-118682.4
-119589.8
-119403.2
-119216.7
-119276.0
-119403.2
-119229.4
-118529.7
-119250.6
-119131.9
-118398.3
-119051.3
-119352.3
-118894.4
-118902.9
-119068.2
-118593.3
-118716.3
-119081.0
-119081.0
-118432.2
-119076.7
-118733.3
-118478.8
-118580.6
-118979.2
-118478.8
-118220.2
-118601.8
-118572.1
-118071.8
-118656.9
-118983.4
-118364.4
-118309.2
-118835.0
-118576.4
-118402.5
-118860.5
-118538.2
-117885.2
-118975.0
-118415.2
-117910.6
-117914.9
-118779.9
-117635.0
-118046.3
-118406.8
-118207.5
-117503.6
-118224.4
-118271.1
-117864.0
-118080.3
-118644.2
-117796.2
-117749.5
-118109.9
-117774.9
-117787.7
-118288.0
-117872.5
-117418.8
-118054.8
-118059.1
-117427.2
-117588.4
-117838.6
-117401.8
-117100.7
-118283.8
-117774.9
-117317.0
-117817.4
-117940.3
-117401.8
-117406.0
-117957.3
-117338.2
-117185.5
-117601.1
-117249.1
-116812.4
-117283.1
-117427.2
-117202.5
-117177.1
-117473.9
-117244.9
-116608.9
-117499.3
-117232.2
-116778.5
-116986.2
-117562.9
-117049.9
-116706.4
-117639.3
-116880.2
-116625.8
-117325.5
-117160.1
-116405.3
-117219.5
-117079.5
-116859.0
-116443.5
-117312.8
-116909.9
-116456.2
-117024.4
-116871.8
-116074.6
-116787.0
-116608.9
-116778.5
-116346.0
-116558.0
-116248.4
-116447.7
-116435.0
-116553.7
-116396.8
-116714.9
-117147.4
-116150.9
-115680.2
-116914.2
-115981.3
-116299.3
-115892.2
-116642.8
-116011.0
-116184.8
-116388.4
-116350.2
-115824.4
-116731.8
-115913.4
-115531.8
-116570.7
-115917.7
-116057.6
-115815.9
-116740.3
-115629.3
-115642.1
-115883.8
-115883.8
-115620.9
-116027.9
-116036.4
-115726.9
-115684.5
-116061.9
-115994.0
-115646.3
-115951.6
-115417.3
-115455.5
-116011.0
-115811.7
-115659.0
-115684.5
-115620.9
-115519.1
-115629.3
-115782.0
-115285.9
-115039.9
-115358.0
-115574.2
-114764.3
-115391.9
-115531.8
-115709.9
-115595.4
-115430.1
-115188.4
-114866.1
-115434.3
-115302.8
-114658.3
-115188.4
-115065.4
-114565.0
-115120.5
-115307.1
-114921.2
-114794.0
-115315.6
-115167.2
-114518.4
-114789.8
-115307.1
-114713.4
-114658.3
-115209.6
-115090.8
-113984.1
-115120.5
-114861.8
-114310.6
-114789.8
-114921.2
-114344.5
-114679.5
-114823.7
-114297.9
-114280.9
-114972.1
-114276.7
-114196.1
-113996.8
-114624.4
-114196.1
-113992.6
-114726.2
-114327.6
-113869.6
-114242.8
-114395.4
-113984.1
-114857.6
-114552.3
-113882.3
-113598.2
-114488.7
-114191.9
-113700.0
-114416.6
-114353.0
-113878.1
-113627.9
-114514.1
-113339.6
-113793.3
-114297.9
-113695.8
-113445.6
-114124.0
-113869.6
-113382.0
-113526.1
-113971.4
-113398.9
-113165.7
-114009.5
-113632.2
-112987.6
-113547.3
-113594.0
-113208.1
-113725.4
-113738.2
-112962.2
-113403.2
-113242.0
-113394.7
-113102.1
-114077.4
-113280.2
-113085.2
-113623.7
-113331.1
-112572.1
-113259.0
-113466.8
-113233.6
-112606.0
-113136.0
-113284.4
-112885.9
-112762.9
-113034.3
-112631.4
-112606.0
-112716.2
-112868.9
-112665.4
-112877.4
-113449.8
-112614.5
-112368.5
-112945.2
-112695.0
-112190.4
-112678.1
-112466.1
-112504.2
-112996.1
-112334.6
-112080.2
-112529.7
-112563.6
-112559.4
-111647.7
-112398.2
-111974.2
-112088.7
-112432.1
-112432.1
-112165.0
-112360.1
-112461.8
-112114.1
-111910.6
-112271.0
-112237.1
-111711.3
-112317.7
-111961.5
-111554.4
-111863.9
-112729.0
-111639.2
-111711.3
-111982.7
-111969.9
-111257.6
-112101.4
-111639.2
-111753.7
-111732.5
-111919.1
-111325.4
-111397.5
-112046.3
-111673.1
-111113.4
-112109.9
-111635.0
-111202.5
-111431.4
-111469.6
-111321.2
-111138.8
-111482.3
-111537.4
-110863.2
-111261.8
-111558.6
-111202.5
-111236.4
-111507.8
-110931.1
-110969.2
-111639.2
-111113.4
-110926.8
-111253.3
-111384.8
-111147.3
-110778.4
-111406.0
-110358.6
-110663.9
-111100.7
-111083.7
-110668.2
-111028.6
-110939.6
-110791.1
-110897.1
-110816.6
-110435.0
-110418.0
-110952.3
-110557.9
-109977.0
-110909.9
-110367.1
-110218.7
-110464.6
-110909.9
-109862.5
-110498.6
-111062.5
-110579.1
-110104.2
-110532.5
-110341.7
-110116.9
-110621.5
-110447.7
-110222.9
-110044.8
-110553.7
-109989.7
-109828.6
-110337.4
-110146.6
-109667.5
-109837.1
-110044.8
-109637.8
-109743.8
-110282.3
-109781.9
-109574.2
-110061.8
-110239.9
-109646.3
-109904.9
-110295.0
-109447.0
-109544.5
-110023.6
-109463.9
-109468.2
-110316.2
-109820.1
-109688.7
-109311.3
-109684.4
-108984.8
-109743.8
-109879.5
-109591.1
-109175.6
-109383.4
-109871.0
-109048.4
-109438.5
-109815.9
-108671.0
-109319.7
-109574.2
-108925.4
-108916.9
-109273.1
-109497.8
-108883.0
-109370.6
-109629.3
-108933.9
-108819.4
-109387.6
-108798.2
-108704.9
-109345.2
-109150.1
-108552.2
-108611.6
-109404.6
-108276.6
-108921.2
-109281.6
-108671.0
-108671.0
-108967.8
-109022.9
-108361.4
-109006.0
-108895.7
-108620.1
-108077.3
-108637.1
-108471.7
-108051.9
-108751.5
-108649.8
-108183.3
-108802.4
-108963.6
-108166.4
-108501.4
-108649.8
-108005.2
-107903.5
-108166.4
-108353.0
-107967.1
-107984.0
-108637.1
-108310.6
-107572.7
-108348.7
-108204.5
-107517.6
-108726.1
-108077.3
-107509.1
-108357.2
-108013.7
-108013.7
-107352.2
-108302.1
-107852.6
-107521.9
-107962.8
-107928.9
-107343.8
-107649.1
-108255.4
-107454.0
-107623.6
-107928.9
-107526.1
-107454.0
-107746.6
-107699.9
-107589.7
-107000.3
-107691.5
-107352.2
-107352.2
-107784.8
-107504.9
-106834.9
-107165.7
-107356.5
-106924.0
-107331.0
-107152.9
-107216.5
-106622.9
-107454.0
-107326.8
-107004.5
-106499.9
-107407.4
-106737.4
-106839.2
-107386.2
-107030.0
-106478.7
-106949.4
-106750.1
-106440.6
-106864.6
-107059.7
-106834.9
-107131.7
-107288.6
-106818.0
-106220.1
-107267.4
-106453.3
-106474.5
-107250.5
-106936.7
-106733.2
-106635.6
-106957.9
-106343.0
-106101.3
-106728.9
-106491.5
-106377.0
-106466.0
-106491.5
-105957.2
-106279.4
-106957.9
-106067.4
-106237.0
-106245.5
-106232.8
-105910.5
-106440.6
-106084.4
-106114.1
-105808.8
-106160.7
-105863.9
-106012.3
-106287.9
-106139.5
-105545.9
-106181.9
-106495.7
-105622.2
-105944.5
-106241.3
-105266.0
-105380.5
-105931.7
-105774.8
-105227.8
-105863.9
-105842.7
-105249.0
-105473.8
-105927.5
-105444.1
-105054.0
-105834.2
-105359.3
-104884.4
-106614.4
-105274.5
-104837.7
-105698.5
-105562.8
-104854.7
-104922.5
-105846.9
-105499.2
-104799.6
-105185.4
-105503.5
-104540.9
-105257.5
-105511.9
-105037.0
-104502.7
-105350.8
-104892.9
-104481.5
-105266.0
-105219.4
-104507.0
-104931.0
-105117.6
-104935.3
-104324.6
-105253.3
-104791.1
-104218.6
-105257.5
-104948.0
-104566.3
-104630.0
-104914.1
-104532.4
-103938.8
-105206.6
-104549.4
-104116.9
-104651.2
-104193.2
-104184.7
-104447.6
-104583.3
-104180.5
-104324.6
-104172.0
-104379.8
-103769.2
-104850.4
-104256.8
-103616.5
-103921.8
-104235.6
-104163.5
-104040.5
-104307.7
-103926.1
-103752.2
-104540.9
-103790.4
-103739.5
-103947.3
-103917.6
-104244.1
-103493.5
-104040.5
-104354.3
-103425.7
-104074.5
-104129.6
-103540.2
-103434.2
-103964.2
-103078.0
-103497.8
-104307.7
-103904.9
-103294.2
-103866.7
-103608.0
-103116.2
-103362.1
-103637.7
-103167.0
-103230.6
-103642.0
-103158.6
-103383.3
-103383.3
-103582.6
-102972.0
-103349.4
-103489.3
-102963.5
-102857.5
-103595.3
-103141.6
-102687.9
-102882.9
-103090.7
-102683.6
-103349.4
-103323.9
-102670.9
-102827.8
-103413.0
-102946.5
-102463.1
-102895.7
-103179.8
-102302.0
-102938.1
-102972.0
-102378.3
-102569.2
-103209.4
-102853.3
-102293.5
-102980.5
-102997.4
-102119.7
-102675.2
-102810.9
-101788.9
-102331.7
-102832.1
-102272.3
-102302.0
-102683.6
-102853.3
-101903.4
-102514.0
-102611.6
-101886.5
-102242.6
-102475.9
-102162.1
-101564.2
-103052.6
-102217.2
-101678.7
-102556.4
-102747.2
-101869.5
-101818.6
-102721.8
-102191.8
-101420.0
-101793.2
-102149.4
-101797.4
-101937.3
-101924.6
-101479.4
-101479.4
-101729.6
-101517.6
-101589.6
-102560.7
-101674.4
-101233.5
-102204.5
-102162.1
-101373.4
-101203.8
-101742.3
-101937.3
-101106.2
-101479.4
-101377.6
-101089.3
-101241.9
-101827.1
-100788.2
-101284.3
-101682.9
-101093.5
-100902.7
-101572.7
-101301.3
-100834.9
-100771.3
-101424.3
-101356.4
-100605.9
-101254.7
-101085.0
-100834.9
-101377.6
-101220.7
-100767.0
-100881.5
-101208.0
-100694.9
-101220.7
-101017.2
-101042.6
-100618.6
-101178.3
-100949.4
-100525.3
-100644.0
-100682.2
-100381.1
-100317.5
-100741.6
-100745.8
-99723.9
-100979.0
-100741.6
-100330.3
-100173.4
-100775.5
-100376.9
-99999.5
-100508.4
-100376.9
-99940.2
-100584.7
-100495.6
-99974.1
-100491.4
-100088.6
-100177.6
-99774.8
-100046.2
-100046.2
-99757.8
-100088.6
-100105.5
-99736.6
-100211.5
-100444.8
-99198.1
-100008.0
-100614.4
-99829.9
-99079.4
-100376.9
-99804.5
-99639.1
-99965.6
-99897.8
-99681.5
-99584.0
-100037.7
-99808.7
-98914.0
-99791.7
-99944.4
-98880.1
-99702.7
-99571.2
-99181.1
-98973.4
-99821.4
-99524.6
-98922.5
-99490.7
-99469.5
-98816.5
-99236.3
-99550.0
-99282.9
-98943.7
-99490.7
-99240.5
-98443.3
-99575.5
-98880.1
-98617.2
-98977.6
-99410.1
-98880.1
-98672.3
-99524.6
-98922.5
-98447.6
-99189.6
-99096.3
-98350.0
-98786.8
-99092.1
-97798.8
-98409.4
-99062.4
-98583.3
-98311.9
-99079.4
-98600.2
-98456.0
-98676.5
-98642.6
-98095.6
-98354.3
-98634.1
-98320.4
-98333.1
-98591.7
-98460.3
-97747.9
-98010.8
-98875.8
-97794.6
-98099.9
-98409.4
-97798.8
-97820.0
-98591.7
-98299.1
-97841.2
-98070.2
-98396.7
-97790.3
-97764.9
-98350.0
-97866.6
-97595.3
-97798.8
-98091.4
-97684.3
-97892.1
-98150.7
-97497.7
-97701.3
-98091.4
-97357.8
-97705.5
-98388.2
-97773.3
-97493.5
-97688.5
-97832.7
-97781.8
-97077.9
-98082.9
-97557.1
-97353.6
-97396.0
-97489.2
-97014.3
-97387.5
-97535.9
-97493.5
-97141.5
-97663.1
-97463.8
-96514.0
-97989.6
-97417.2
-96721.7
-97196.7
-97357.8
-96793.8
-96458.8
-97510.4
-96793.8
-97162.7
-96997.4
-97014.3
-96743.0
-97103.4
-97535.9
-96403.7
-96865.9
-97374.8
-96649.7
-96861.7
-97387.5
-96641.2
-96798.1
-97103.4
-97137.3
-96403.7
-96441.9
-96802.3
-96670.9
-96157.8
-96408.0
-97044.0
-95899.1
-96636.9
-97374.8
-96000.9
-96340.1
-96700.5
-96632.7
-95996.7
-96403.7
-96658.1
-96259.6
-96327.4
-96518.2
-96000.9
-95882.2
-96323.2
-96365.6
-95979.7
-96692.1
-96128.1
-96115.4
-96013.6
-96318.9
-95008.7
-95784.6
-96022.1
-95844.0
-95640.5
-95513.3
-96374.0
-95665.9
-95844.0
-96361.3
-95797.4
-95568.4
-95882.2
-95526.0
-95203.7
-95903.4
-95920.3
-95483.6
-95729.5
-96081.5
-95208.0
-95627.7
-96179.0
-95458.1
-95386.0
-95403.0
-95542.9
-95025.6
-95152.8
-95585.3
-95403.0
-95029.9
-95305.5
-95309.7
-94949.3
-95504.8
-95322.4
-94771.2
-95369.1
-95288.5
-95008.7
-95186.8
-95462.4
-94737.3
-95110.4
-96000.9
-95360.6
-94809.4
-94928.1
-95085.0
-94805.1
-94398.1
-95224.9
-94567.7
-94571.9
-94809.4
-94724.6
-94448.9
-94330.2
-95004.4
-94309.0
-94215.7
-94885.7
-94648.2
-94767.0
-94211.5
-94508.3
-94270.8
-94270.8
-94508.3
-94109.7
-93897.7
-94809.4
-94211.5
-93694.2
-94610.1
-94287.8
-94050.3
-94232.7
-94665.2
-94211.5
-94410.8
-94448.9
-94092.8
