IEC 61083-2 TDG Version 2.1.0
Data File Version  2.1.0
29 LI-M17
16 bits, 8493 samples at 10ns
1.000000e-008
54.2
136.2
164.0
82.0
108.3
190.3
108.3
82.0
164.0
136.2
54.2
136.2
164.0
82.0
108.3
190.3
108.3
82.0
164.0
136.2
54.2
136.2
164.0
82.0
108.3
190.3
108.3
82.0
164.0
136.2
54.2
136.2
164.0
82.0
108.3
190.3
108.3
82.0
164.0
136.2
54.2
136.2
164.0
82.0
108.3
190.3
108.3
82.0
164.0
136.2
54.2
136.2
164.0
82.0
108.3
190.3
108.3
82.0
164.0
136.2
54.2
136.2
164.0
82.0
108.3
190.3
108.3
82.0
164.0
136.2
54.2
136.2
164.0
82.0
108.3
190.3
108.3
82.0
164.0
136.2
54.2
136.2
164.0
82.0
108.3
190.3
108.3
82.0
164.0
136.2
54.2
136.2
164.0
82.0
108.3
190.3
108.3
82.0
164.0
136.2
54.2
136.2
164.0
82.0
108.3
190.3
108.3
82.0
164.0
136.2
54.2
136.2
164.0
82.0
108.3
190.3
108.3
82.0
164.0
136.2
54.2
136.2
164.0
82.0
108.3
190.3
108.3
82.0
164.0
136.2
54.2
136.2
164.0
82.0
108.3
190.3
108.3
82.0
164.0
136.2
54.2
136.2
164.0
82.0
108.3
190.3
108.3
82.0
164.0
136.2
54.2
136.2
164.0
82.0
108.3
190.3
108.3
82.0
164.0
136.2
54.2
136.2
164.0
82.0
108.3
190.3
108.3
82.0
164.0
136.2
54.2
136.2
164.0
82.0
108.3
190.3
108.3
82.0
164.0
136.2
54.2
136.2
164.0
82.0
108.3
190.3
108.3
82.0
164.0
136.2
54.2
136.2
164.0
82.0
108.3
190.3
108.3
82.0
164.0
136.2
54.2
136.2
164.0
82.0
108.3
190.3
108.3
82.0
164.0
136.2
54.2
136.2
164.0
82.0
108.3
190.3
108.3
82.0
164.0
136.2
54.2
136.2
164.0
82.0
108.3
190.3
108.3
82.0
164.0
136.2
54.2
136.2
164.0
82.0
108.3
190.3
108.3
82.0
164.0
136.2
54.2
136.2
164.0
82.0
108.3
190.3
108.3
82.0
164.0
136.2
54.2
136.2
164.0
82.0
108.3
190.3
108.3
82.0
164.0
136.2
54.2
136.2
164.0
82.0
108.3
190.3
108.3
82.0
164.0
136.2
54.2
136.2
164.0
82.0
108.3
190.3
108.3
82.0
164.0
136.2
54.2
136.2
164.0
82.0
108.3
190.3
108.3
82.0
164.0
136.2
54.2
136.2
164.0
82.0
108.3
190.3
108.3
82.0
164.0
136.2
54.2
136.2
164.0
82.0
108.3
190.3
108.3
82.0
164.0
136.2
54.2
136.2
164.0
82.0
108.3
190.3
108.3
82.0
164.0
136.2
54.2
136.2
164.0
82.0
108.3
190.3
108.3
82.0
164.0
136.2
54.2
136.2
164.0
82.0
108.3
190.3
108.3
82.0
164.0
136.2
54.2
136.2
164.0
82.0
108.3
190.3
108.3
82.0
164.0
136.2
54.2
136.2
164.0
82.0
108.3
190.3
108.3
82.0
162.5
136.2
54.2
136.2
164.0
82.0
108.3
190.3
108.3
82.0
162.5
136.2
54.2
136.2
164.0
82.0
108.3
190.3
108.3
82.0
162.5
136.2
54.2
136.2
164.0
82.0
108.3
190.3
108.3
82.0
162.5
136.2
54.2
136.2
164.0
82.0
108.3
190.3
108.3
82.0
162.5
136.2
54.2
136.2
164.0
82.0
108.3
190.3
108.3
82.0
162.5
136.2
54.2
136.2
164.0
82.0
108.3
190.3
108.3
82.0
162.5
136.2
54.2
136.2
164.0
82.0
108.3
190.3
108.3
82.0
162.5
136.2
54.2
136.2
164.0
82.0
108.3
190.3
108.3
82.0
162.5
136.2
54.2
136.2
164.0
82.0
108.3
190.3
108.3
82.0
162.5
136.2
54.2
136.2
164.0
82.0
108.3
190.3
108.3
82.0
162.5
136.2
54.2
136.2
164.0
82.0
108.3
190.3
108.3
82.0
162.5
136.2
54.2
136.2
164.0
82.0
108.3
190.3
108.3
82.0
162.5
136.2
54.2
136.2
164.0
82.0
108.3
190.3
108.3
82.0
162.5
136.2
54.2
136.2
164.0
82.0
108.3
190.3
108.3
82.0
162.5
136.2
54.2
136.2
164.0
82.0
108.3
190.3
108.3
82.0
162.5
136.2
54.2
136.2
164.0
82.0
108.3
190.3
108.3
82.0
162.5
136.2
54.2
136.2
164.0
82.0
108.3
190.3
108.3
82.0
162.5
136.2
54.2
136.2
164.0
82.0
108.3
190.3
108.3
82.0
162.5
136.2
54.2
136.2
164.0
82.0
108.3
190.3
108.3
82.0
162.5
136.2
54.2
136.2
164.0
82.0
108.3
190.3
108.3
82.0
162.5
136.2
54.2
136.2
164.0
82.0
108.3
190.3
108.3
82.0
162.5
136.2
54.2
136.2
164.0
82.0
108.3
190.3
108.3
82.0
162.5
136.2
54.2
136.2
164.0
82.0
108.3
190.3
108.3
82.0
162.5
136.2
54.2
136.2
164.0
82.0
108.3
190.3
108.3
82.0
162.5
136.2
54.2
136.2
164.0
82.0
108.3
190.3
108.3
82.0
162.5
136.2
54.2
136.2
164.0
82.0
108.3
190.3
108.3
82.0
162.5
136.2
54.2
136.2
164.0
82.0
108.3
190.3
108.3
82.0
162.5
136.2
54.2
136.2
164.0
82.0
108.3
190.3
108.3
82.0
162.5
136.2
54.2
136.2
164.0
82.0
108.3
190.3
108.3
82.0
162.5
136.2
54.2
136.2
164.0
82.0
108.3
190.3
108.3
82.0
162.5
136.2
54.2
136.2
164.0
82.0
108.3
190.3
108.3
82.0
162.5
136.2
54.2
136.2
164.0
82.0
108.3
190.3
108.3
82.0
162.5
136.2
54.2
136.2
164.0
82.0
108.3
190.3
108.3
82.0
162.5
136.2
54.2
136.2
164.0
82.0
108.3
190.3
108.3
82.0
162.5
136.2
54.2
136.2
164.0
82.0
108.3
190.3
108.3
82.0
162.5
136.2
54.2
136.2
164.0
82.0
108.3
190.3
190.3
190.3
190.3
136.2
54.2
136.2
164.0
82.0
108.3
190.3
108.3
82.0
162.5
136.2
54.2
136.2
164.0
82.0
108.3
190.3
108.3
82.0
162.5
136.2
54.2
136.2
164.0
82.0
108.3
190.3
108.3
82.0
162.5
136.2
54.2
136.2
164.0
82.0
108.3
190.3
108.3
82.0
162.5
136.2
54.2
136.2
164.0
82.0
108.3
190.3
108.3
82.0
162.5
136.2
54.2
136.2
164.0
82.0
108.3
190.3
108.3
82.0
162.5
136.2
54.2
136.2
164.0
82.0
108.3
190.3
108.3
82.0
162.5
136.2
54.2
136.2
164.0
82.0
108.3
190.3
108.3
82.0
162.5
82.0
-82.0
-82.0
-82.0
-82.0
26.3
190.3
-298.6
-734.9
-1062.9
-1171.2
-1171.2
-1660.2
-2583.9
-4380.2
-5362.7
-5933.6
-7157.4
-9141.0
-12653.1
-15676.4
-18452.1
-19434.6
-21551.2
-25960.8
-30969.1
-36276.1
-39709.4
-42786.8
-45155.6
-49371.7
-54516.2
-57132.6
-58067.1
-55617.8
-53710.1
-52076.3
-52563.6
-52214.0
-50171.6
-47098.9
-43504.7
-41867.7
-40967.2
-41539.7
-43088.5
-45129.3
-47823.0
-50436.2
-52885.5
-55282.1
-57650.9
-59773.7
-62004.8
-64454.0
-66415.9
-68130.2
-68459.8
-68407.2
-67591.8
-66991.4
-66501.0
-66174.5
-65767.6
-65195.1
-65329.7
-65820.2
-67451.0
-69002.8
-70390.7
-71561.9
-72623.3
-74011.2
-75725.5
-78092.7
-79265.5
-79838.0
-78860.2
-77880.8
-76901.4
-76410.9
-76164.9
-76653.8
-77034.4
-77198.4
-76873.5
-76301.1
-77034.4
-78040.1
-79590.4
-81034.0
-82421.9
-83240.3
-84111.4
-85090.8
-85635.4
-85963.4
-85719.0
-85420.4
-85011.9
-84603.4
-84195.0
-83460.0
-82346.0
-80467.7
-79024.2
-77800.3
-78939.1
-80162.9
-81552.3
-81635.9
-81064.9
-81471.9
-82502.3
-84789.1
-86532.8
-88002.7
-88168.2
-88358.5
-88603.0
-88794.8
-88957.3
-88061.5
-87569.5
-87895.9
-88982.1
-90451.9
-90292.6
-89803.6
-88660.2
-88765.4
-89501.9
-90317.3
-90917.6
-91080.1
-90917.6
-90592.7
-90182.7
-89747.9
-89259.0
-89149.2
-89229.6
-89800.5
-90507.6
-91487.0
-92141.5
-92630.4
-92714.0
-93066.7
-93964.1
-94808.9
-95624.3
-94974.4
-94375.7
-93886.7
-93885.2
-94128.1
-93314.3
-92308.6
-90920.7
-90617.5
-90863.5
-92003.8
-92958.4
-93530.9
-94047.7
-94536.6
-95598.0
-96416.4
-96742.9
-96690.3
-96444.3
-96524.7
-96634.6
-96798.6
-95929.1
-94541.2
-93071.4
-92115.2
-92197.2
-93093.0
-94398.9
-95461.8
-96442.7
-97258.1
-97804.3
-98212.8
-98539.2
-98783.7
-98865.7
-98785.2
-98621.2
-97723.8
-96609.8
-95058.0
-93940.9
-93042.0
-93284.9
-93747.5
-94644.9
-95435.5
-96170.4
-96741.4
-97286.0
-97776.4
-98375.2
-99028.1
-99599.1
-99928.6
-99764.6
-99275.7
-98622.8
-98214.3
-97886.3
-97723.8
-97343.2
-96854.3
-96526.3
-96578.9
-97394.3
-97832.1
-98076.6
-97587.7
-97313.8
-97477.8
-97966.8
-98619.7
-98539.2
-98214.3
-97397.4
-97069.4
-96987.4
-97476.3
-97778.0
-97696.0
-97668.1
-97668.1
-98321.1
-98946.1
-99518.6
-99656.3
-99574.3
-99247.9
-99110.2
-99356.2
-99492.3
-99574.3
-99003.4
-98404.6
-97751.7
-97696.0
-97940.5
-98837.8
-99492.3
-99656.3
-99548.0
-99302.0
-99139.5
-98893.5
-98485.1
-98132.3
-97805.8
-97886.3
-97886.3
-97723.8
-97234.9
-96582.0
-96498.4
-96876.0
-98183.4
-99489.2
-100796.6
-101042.6
-101072.0
-100663.6
-100471.7
-100391.2
-100389.7
-100309.2
-100063.2
-99818.8
-99574.3
-99085.4
-98486.6
-97669.7
-97179.2
-96852.8
-97748.6
-98565.5
-99218.5
-99654.8
-99981.2
-99738.3
-99357.7
-98703.2
-98322.6
-98078.2
-98974.0
-99708.9
-100117.4
-99603.7
-98622.8
-97887.8
-97584.6
-98157.1
-98619.7
-99028.1
-99518.6
-100089.5
-100824.5
-101017.9
-100935.9
-99794.0
-98975.5
-98811.5
-99462.9
-100524.3
-100771.9
-100476.3
-99086.9
-98078.2
-97261.2
-97504.1
-97804.3
-98211.2
-98619.7
-99028.1
-99518.6
-99710.5
-99302.0
-98514.5
-97535.1
-97776.4
-98373.7
-99679.5
-100335.5
-100662.0
-99930.2
-99275.7
-98785.2
-98837.8
-99164.3
-99654.8
-100117.4
-100525.9
-100553.7
-100391.2
-99657.9
-98949.2
-98296.3
-98076.6
-98076.6
-98483.5
-98865.7
-99192.2
-99139.5
-98893.5
-98404.6
-98050.3
-97968.3
-98375.2
-99028.1
-99436.6
-99710.5
-99710.5
-99439.7
-99031.2
-98540.8
-98186.5
-98104.5
-98457.2
-99028.1
-99599.1
-99954.9
-99872.9
-99520.2
-99031.2
-98947.7
-99056.0
-99546.5
-100035.4
-100525.9
-100038.5
-99467.6
-98731.1
-98158.6
-97669.7
-97750.1
-97886.3
-98130.8
-98375.2
-98619.7
-98457.2
-98294.8
-98132.3
-98132.3
-98212.8
-98701.7
-99192.2
-99681.1
-99845.1
-99845.1
-99193.7
-98675.4
-98430.9
-98782.1
-99436.6
-99682.6
-99656.3
-99085.4
-98731.1
-98485.1
-98485.1
-98511.4
-98593.4
-98567.1
-98485.1
-98810.0
-98975.5
-98811.5
-98432.5
-97942.0
-97940.5
-98076.6
-98483.5
-98512.9
-98348.9
-98104.5
-97968.3
-98050.3
-98184.9
-98347.4
-98348.9
-98457.2
-98783.7
-99110.2
-99438.2
-99356.2
-99193.7
-98867.2
-98703.2
-98621.2
-98621.2
-98675.4
-98837.8
-98839.4
-98757.4
-98512.9
-98212.8
-97805.8
-97668.1
-97668.1
-98075.1
-98348.9
-98348.9
-98132.3
-97805.8
-97559.8
-97450.0
-97614.0
-97668.1
-97668.1
-98157.1
-98619.7
-99028.1
-98895.1
-98485.1
-97833.7
-97532.0
-97940.5
-98511.4
-99164.3
-99003.4
-98731.1
-98242.2
-98076.6
-98076.6
-97914.2
-97804.3
-97804.3
-98020.9
-98347.4
-98429.4
-98268.5
-97615.5
-97125.1
-96718.2
-97041.5
-97448.4
-98020.9
-98266.9
-98347.4
-98022.5
-97750.1
-97587.7
-97477.8
-97395.8
-97477.8
-97640.3
-97966.8
-98239.1
-98483.5
-98240.6
-97969.9
-97641.8
-97586.1
-97668.1
-98157.1
-98539.2
-98701.7
-98432.5
-97942.0
-97371.1
-96933.2
-96770.8
-96824.9
-96987.4
-97313.8
-97559.8
-97641.8
-97505.7
-97261.2
-96934.8
-96770.8
-96933.2
-97258.1
-97668.1
-97832.1
-97914.2
-97832.1
-97587.7
-97261.2
-97177.7
-97177.7
-97341.7
-97614.0
-97940.5
-98104.5
-98051.9
-97561.4
-97125.1
-96718.2
-97041.5
-97313.8
-97477.8
-97532.0
-97532.0
-97369.5
-97205.5
-97041.5
-96824.9
-96580.4
-96580.4
-96687.2
-97013.7
-97069.4
-96987.4
-96824.9
-96716.6
-96716.6
-96824.9
-96987.4
-97149.8
-97287.5
-97368.0
-97450.0
-97532.0
-97369.5
-97151.4
-96826.5
-96770.8
-96852.8
-97177.7
-97369.5
-97287.5
-97097.2
-96852.8
-96770.8
-96716.6
-96716.6
-96662.5
-96580.4
-96580.4
-96606.8
-96688.8
-96554.1
-96308.1
-96308.1
-96334.4
-96416.4
-96606.8
-96851.2
-96770.8
-96716.6
-96716.6
-96716.6
-96716.6
-96798.6
-96824.9
-96744.5
-96716.6
-96716.6
-96634.6
-96606.8
-96688.8
-96608.3
-96444.3
-96524.7
-96526.3
-96362.3
-96362.3
-96444.3
-96444.3
-96444.3
-96444.3
-96336.0
-96172.0
-96172.0
-96172.0
-96172.0
-96172.0
-96172.0
-96172.0
-96198.3
-96280.3
-96254.0
-96172.0
-96252.4
-96334.4
-96416.4
-96552.6
-96716.6
-96472.1
-96280.3
-96198.3
-96172.0
-96172.0
-96252.4
-96280.3
-96198.3
-96172.0
-96172.0
-96008.0
-95899.7
-95899.7
-95899.7
-95899.7
-95899.7
-95899.7
-95899.7
-95789.8
-95627.4
-95625.8
-95680.0
-95844.0
-95953.8
-96034.3
-96035.8
-95981.7
-95817.7
-95762.0
-95762.0
-95844.0
-95926.0
-96008.0
-95980.1
-95899.7
-95817.7
-95762.0
-95762.0
-95817.7
-95898.1
-95735.7
-95653.7
-95735.7
-95762.0
-95762.0
-95599.5
-95437.1
-95274.6
-95327.2
-95489.7
-95489.7
-95489.7
-95489.7
-95489.7
-95489.7
-95489.7
-95437.1
-95274.6
-95273.0
-95355.1
-95517.5
-95653.7
-95735.7
-95653.7
-95491.2
-95409.2
-95382.9
-95463.4
-95543.8
-95625.8
-95625.8
-95573.2
-95410.8
-95192.6
-94948.1
-94864.6
-94890.9
-95136.9
-95273.0
-95355.1
-95274.6
-95192.6
-95110.6
-94974.4
-94810.4
-94810.4
-94864.6
-95028.6
-95191.0
-95355.1
-95192.6
-95028.6
-94866.1
-94918.7
-95082.7
-95246.7
-95355.1
-95355.1
-95246.7
-95082.7
-94920.3
-94810.4
-94810.4
-94756.3
-94674.3
-94836.7
-94946.6
-94946.6
-94946.6
-94946.6
-94784.1
-94674.3
-94674.3
-94620.1
-94538.1
-94620.1
-94674.3
-94674.3
-94620.1
-94538.1
-94538.1
-94538.1
-94538.1
-94592.3
-94674.3
-94836.7
-94920.3
-94838.3
-94756.3
-94674.3
-94511.8
-94428.3
-94510.3
-94538.1
-94538.1
-94620.1
-94648.0
-94566.0
-94484.0
-94402.0
-94320.0
-94292.1
-94374.1
-94347.8
-94265.8
-94346.3
-94374.1
-94293.7
-94265.8
-94265.8
-94183.8
-94156.0
-94238.0
-94265.8
-94265.8
-94346.3
-94347.8
-94183.8
-94129.7
-94129.7
-94129.7
-94183.8
-94346.3
-94347.8
-94265.8
-94265.8
-94238.0
-94156.0
-94129.7
-94129.7
-93967.2
-93858.9
-93858.9
-93911.5
-93992.0
-93913.0
-93831.0
-93749.0
-93722.7
-93722.7
-93803.2
-93885.2
-93965.6
-93939.3
-93858.9
-93776.9
-93694.9
-93612.9
-93640.7
-93721.2
-93803.2
-93858.9
-93858.9
-93858.9
-93858.9
-93694.9
-93612.9
-93694.9
-93722.7
-93722.7
-93722.7
-93694.9
-93612.9
-93530.9
-93450.4
-93368.4
-93340.6
-93422.6
-93448.9
-93448.9
-93448.9
-93422.6
-93340.6
-93366.9
-93448.9
-93368.4
-93340.6
-93422.6
-93448.9
-93448.9
-93448.9
-93422.6
-93340.6
-93312.7
-93312.7
-93312.7
-93312.7
-93312.7
-93312.7
-93312.7
-93312.7
-93312.7
-93312.7
-93258.6
-93176.6
-93096.1
-93068.3
-93150.3
-93122.4
-93040.4
-93040.4
-93014.1
-92932.1
-92958.4
-93040.4
-93040.4
-93040.4
-93040.4
-92986.3
-92904.3
-92904.3
-92904.3
-92904.3
-92958.4
-93040.4
-92960.0
-92904.3
-92904.3
-92904.3
-92904.3
-92904.3
-92904.3
-92904.3
-92904.3
-92904.3
-92823.8
-92741.8
-92659.8
-92686.1
-92768.1
-92686.1
-92658.3
-92740.3
-92659.8
-92497.3
-92577.8
-92605.6
-92525.2
-92551.5
-92631.9
-92551.5
-92497.3
-92497.3
-92443.2
-92361.2
-92523.6
-92631.9
-92631.9
-92631.9
-92631.9
-92469.5
-92361.2
-92361.2
-92361.2
-92361.2
-92361.2
-92361.2
-92361.2
-92361.2
-92361.2
-92361.2
-92361.2
-92361.2
-92307.0
-92225.0
-92307.0
-92307.0
-92143.0
-92143.0
-92225.0
-92143.0
-92115.2
-92197.2
-92225.0
-92225.0
-92225.0
-92197.2
-92116.7
-92143.0
-92225.0
-92143.0
-92088.9
-92088.9
-92034.7
-91952.7
-92033.2
-92061.0
-91980.6
-92006.9
-92088.9
-92006.9
-91952.7
-91952.7
-91898.6
-91816.6
-91816.6
-91788.7
-91706.7
-91734.6
-91816.6
-91816.6
-91816.6
-91816.6
-91762.4
-91680.4
-91760.9
-91788.7
-91706.7
-91734.6
-91816.6
-91734.6
-91680.4
-91680.4
-91626.3
-91544.3
-91624.7
-91680.4
-91680.4
-91680.4
-91680.4
-91598.4
-91544.3
-91544.3
-91490.1
-91408.1
-91488.6
-91516.4
-91434.4
-91408.1
-91408.1
-91326.1
-91298.2
-91380.2
-91408.1
-91408.1
-91408.1
-91380.2
-91298.2
-91270.4
-91270.4
-91270.4
-91270.4
-91270.4
-91270.4
-91270.4
-91352.4
-91380.2
-91298.2
-91270.4
-91270.4
-91189.9
-91134.2
-91134.2
-91134.2
-91134.2
-91134.2
-91107.9
-91027.5
-90999.6
-90999.6
-90999.6
-90999.6
-90999.6
-90945.5
-90863.5
-90863.5
-90863.5
-90863.5
-90863.5
-90863.5
-90863.5
-90863.5
-90863.5
-90863.5
-90863.5
-90863.5
-90863.5
-90863.5
-90863.5
-90863.5
-90783.0
-90727.3
-90727.3
-90727.3
-90727.3
-90727.3
-90727.3
-90727.3
-90673.2
-90591.2
-90591.2
-90591.2
-90591.2
-90537.0
-90455.0
-90537.0
-90564.9
-90482.9
-90455.0
-90455.0
-90455.0
-90455.0
-90455.0
-90455.0
-90455.0
-90455.0
-90455.0
-90455.0
-90455.0
-90455.0
-90373.0
-90345.2
-90427.2
-90400.9
-90318.9
-90318.9
-90292.6
-90210.6
-90182.7
-90182.7
-90182.7
-90209.0
-90291.0
-90264.7
-90182.7
-90182.7
-90156.4
-90074.4
-90100.7
-90182.7
-90100.7
-90072.8
-90154.9
-90074.4
-89910.4
-89990.8
-90018.7
-89938.2
-90018.7
-90182.7
-90100.7
-90046.5
-90046.5
-89992.4
-89910.4
-89910.4
-89910.4
-89910.4
-89964.5
-90046.5
-89884.1
-89774.2
-89774.2
-89774.2
-89774.2
-89854.7
-89882.5
-89802.1
-89774.2
-89774.2
-89692.2
-89664.4
-89746.4
-89720.1
-89638.1
-89718.5
-89746.4
-89665.9
-89692.2
-89774.2
-89692.2
-89638.1
-89638.1
-89583.9
-89503.5
-89583.9
-89611.8
-89529.8
-89556.1
-89638.1
-89557.6
-89529.8
-89610.2
-89583.9
-89503.5
-89421.5
-89367.3
-89367.3
-89313.2
-89231.2
-89231.2
-89231.2
-89231.2
-89231.2
-89231.2
-89231.2
-89231.2
-89231.2
-89231.2
-89231.2
-89231.2
-89231.2
-89231.2
-89231.2
-89231.2
-89149.2
-89093.5
-89093.5
-89149.2
-89229.6
-89231.2
-89203.3
-89121.3
-89093.5
-89093.5
-89013.0
-88957.3
-88957.3
-88957.3
-88957.3
-88957.3
-88957.3
-88957.3
-88903.2
-88822.7
-88903.2
-88957.3
-88957.3
-88903.2
-88822.7
-88821.1
-88821.1
-88821.1
-88821.1
-88821.1
-88821.1
-88821.1
-88821.1
-88821.1
-88821.1
-88821.1
-88794.8
-88712.8
-88685.0
-88685.0
-88685.0
-88685.0
-88685.0
-88630.8
-88548.8
-88548.8
-88548.8
-88548.8
-88548.8
-88548.8
-88548.8
-88548.8
-88548.8
-88494.7
-88412.7
-88412.7
-88412.7
-88412.7
-88358.5
-88276.5
-88358.5
-88412.7
-88412.7
-88412.7
-88412.7
-88332.2
-88276.5
-88276.5
-88276.5
-88276.5
-88276.5
-88276.5
-88276.5
-88276.5
-88276.5
-88196.1
-88168.2
-88248.7
-88223.9
-88141.9
-88141.9
-88115.6
-88033.6
-88059.9
-88141.9
-88059.9
-88032.1
-88114.1
-88087.8
-88005.8
-88087.8
-88115.6
-88033.6
-88005.8
-88005.8
-87923.8
-87895.9
-87977.9
-87951.6
-87869.6
-87951.6
-87979.5
-87897.5
-87869.6
-87869.6
-87787.6
-87759.8
-87841.8
-87815.5
-87733.5
-87815.5
-87843.3
-87761.3
-87733.5
-87733.5
-87651.5
-87623.6
-87705.6
-87679.3
-87597.3
-87677.8
-87705.6
-87625.2
-87597.3
-87597.3
-87597.3
-87623.6
-87705.6
-87679.3
-87597.3
-87597.3
-87569.5
-87489.0
-87515.3
-87597.3
-87515.3
-87461.1
-87461.1
-87407.0
-87325.0
-87405.4
-87433.3
-87352.8
-87379.1
-87461.1
-87379.1
-87325.0
-87325.0
-87325.0
-87325.0
-87325.0
-87297.1
-87215.1
-87243.0
-87323.4
-87243.0
-87188.8
-87188.8
-87134.7
-87052.7
-87133.1
-87161.0
-87079.0
-87106.8
-87187.3
-87106.8
-87052.7
-87052.7
-87052.7
-87052.7
-87052.7
-87024.8
-86942.8
-86970.7
-87051.1
-86970.7
-86916.5
-86916.5
-86862.4
-86780.4
-86860.8
-86916.5
-86916.5
-86916.5
-86916.5
-86834.5
-86778.8
-86778.8
-86778.8
-86778.8
-86778.8
-86778.8
-86778.8
-86778.8
-86778.8
-86698.4
-86672.1
-86752.5
-86726.2
-86645.8
-86644.2
-86644.2
-86644.2
-86644.2
-86644.2
-86563.8
-86508.1
-86508.1
-86508.1
-86508.1
-86508.1
-86508.1
-86508.1
-86508.1
-86508.1
-86427.6
-86371.9
-86371.9
-86371.9
-86371.9
-86371.9
-86371.9
-86371.9
-86371.9
-86371.9
-86371.9
-86371.9
-86371.9
-86317.8
-86235.7
-86235.7
-86235.7
-86235.7
-86235.7
-86235.7
-86155.3
-86127.4
-86207.9
-86181.6
-86099.6
-86099.6
-86099.6
-86099.6
-86099.6
-86099.6
-86019.1
-85989.7
-86071.7
-86045.4
-85963.4
-86045.4
-86073.3
-85991.3
-85963.4
-85963.4
-85963.4
-85963.4
-85963.4
-85909.3
-85827.3
-85909.3
-85937.1
-85855.1
-85827.3
-85827.3
-85827.3
-85827.3
-85827.3
-85827.3
-85827.3
-85827.3
-85801.0
-85719.0
-85691.1
-85691.1
-85691.1
-85717.4
-85799.4
-85719.0
-85555.0
-85637.0
-85664.8
-85582.8
-85609.1
-85691.1
-85609.1
-85555.0
-85555.0
-85555.0
-85555.0
-85555.0
-85528.7
-85446.7
-85473.0
-85555.0
-85473.0
-85445.1
-85527.1
-85500.8
-85418.8
-85336.8
-85282.7
-85282.7
-85282.7
-85282.7
-85282.7
-85282.7
-85282.7
-85282.7
-85282.7
-85282.7
-85282.7
-85282.7
-85228.5
-85148.1
-85148.1
-85148.1
-85148.1
-85148.1
-85148.1
-85148.1
-85148.1
-85148.1
-85148.1
-85148.1
-85148.1
-85120.2
-85039.7
-85011.9
-85011.9
-85011.9
-85011.9
-85011.9
-84957.7
-84875.7
-84956.2
-84984.0
-84902.0
-84875.7
-84875.7
-84875.7
-84875.7
-84875.7
-84875.7
-84875.7
-84875.7
-84875.7
-84875.7
-84821.6
-84739.6
-84739.6
-84739.6
-84739.6
-84739.6
-84739.6
-84739.6
-84739.6
-84739.6
-84739.6
-84739.6
-84657.6
-84601.9
-84601.9
-84601.9
-84601.9
-84601.9
-84601.9
-84601.9
-84601.9
-84601.9
-84521.4
-84465.7
-84465.7
-84465.7
-84465.7
-84465.7
-84465.7
-84465.7
-84465.7
-84465.7
-84465.7
-84465.7
-84465.7
-84411.6
-84331.1
-84329.6
-84329.6
-84329.6
-84329.6
-84329.6
-84329.6
-84329.6
-84329.6
-84275.4
-84195.0
-84275.4
-84303.3
-84221.3
-84193.4
-84193.4
-84113.0
-84085.1
-84165.6
-84193.4
-84193.4
-84193.4
-84167.1
-84085.1
-84111.4
-84193.4
-84113.0
-84057.3
-84057.3
-84057.3
-84057.3
-83976.8
-83949.0
-84029.4
-84003.1
-83921.1
-83921.1
-83921.1
-83921.1
-83921.1
-83921.1
-83840.7
-83786.5
-83786.5
-83786.5
-83786.5
-83786.5
-83786.5
-83786.5
-83786.5
-83786.5
-83706.0
-83676.6
-83758.7
-83732.3
-83650.3
-83650.3
-83650.3
-83650.3
-83650.3
-83650.3
-83568.3
-83540.5
-83622.5
-83596.2
-83514.2
-83596.2
-83624.0
-83542.0
-83514.2
-83514.2
-83514.2
-83514.2
-83514.2
-83514.2
-83514.2
-83514.2
-83487.9
-83405.9
-83378.0
-83378.0
-83378.0
-83378.0
-83378.0
-83323.9
-83241.9
-83241.9
-83241.9
-83241.9
-83296.0
-83378.0
-83296.0
-83241.9
-83241.9
-83241.9
-83241.9
-83241.9
-83215.6
-83133.6
-83159.9
-83241.9
-83159.9
-83105.7
-83105.7
-83105.7
-83105.7
-83105.7
-83105.7
-83105.7
-83105.7
-83105.7
-83023.7
-82995.9
-83077.9
-83051.6
-82969.6
-82969.6
-82969.6
-82969.6
-82969.6
-82969.6
-82887.6
-82833.4
-82833.4
-82833.4
-82833.4
-82833.4
-82833.4
-82833.4
-82833.4
-82833.4
-82833.4
-82833.4
-82833.4
-82779.3
-82697.3
-82777.7
-82805.6
-82725.1
-82697.3
-82697.3
-82697.3
-82697.3
-82697.3
-82643.1
-82561.1
-82641.6
-82669.4
-82587.4
-82561.1
-82561.1
-82561.1
-82561.1
-82561.1
-82507.0
-82425.0
-82505.4
-82533.3
-82451.3
-82477.6
-82559.6
-82479.1
-82425.0
-82425.0
-82425.0
-82425.0
-82425.0
-82397.1
-82316.6
-82342.9
-82423.4
-82344.5
-82316.6
-82397.1
-82370.8
-82290.3
-82288.8
-82262.5
-82180.5
-82206.8
-82288.8
-82208.3
-82180.5
-82262.5
-82236.2
-82154.2
-82152.6
-82152.6
-82152.6
-82152.6
-82152.6
-82152.6
-82152.6
-82152.6
-82098.5
-82018.0
-82016.5
-82016.5
-82016.5
-82016.5
-82016.5
-81936.0
-81908.2
-81988.6
-81962.3
-81881.9
-81880.3
-81880.3
-81880.3
-81880.3
-81880.3
-81799.9
-81772.0
-81852.5
-81826.2
-81744.2
-81744.2
-81744.2
-81744.2
-81744.2
-81744.2
-81663.7
-81635.9
-81716.3
-81690.0
-81608.0
-81690.0
-81717.9
-81635.9
-81608.0
-81608.0
-81608.0
-81608.0
-81608.0
-81553.9
-81471.9
-81553.9
-81581.7
-81499.7
-81526.0
-81608.0
-81527.6
-81471.9
-81471.9
-81417.7
-81335.7
-81417.7
-81445.6
-81363.6
-81389.9
-81471.9
-81391.4
-81362.0
-81444.0
-81363.6
-81201.1
-81281.6
-81309.4
-81227.4
-81253.7
-81335.7
-81253.7
-81199.6
-81199.6
-81145.4
-81063.4
-81225.9
-81281.6
-81119.1
-81117.6
-81199.6
-81117.6
-81089.7
-81171.7
-81145.4
-81063.4
-81063.4
-81063.4
-81063.4
-81063.4
-81063.4
-80981.4
-80953.5
-81035.5
-81009.2
-80927.2
-81007.7
-81037.1
-80955.1
-80981.4
-81063.4
-80981.4
-80927.2
-80927.2
-80873.1
-80792.6
-80873.1
-80900.9
-80818.9
-80845.2
-80927.2
-80846.8
-80764.8
-80684.3
-80710.6
-80792.6
-80710.6
-80656.5
-80656.5
-80656.5
-80656.5
-80656.5
-80656.5
-80656.5
-80602.3
-80520.3
-80520.3
-80520.3
-80520.3
-80520.3
-80520.3
-80520.3
-80520.3
-80520.3
-80520.3
-80520.3
-80438.3
-80410.5
-80492.5
-80466.2
-80384.2
-80384.2
-80384.2
-80384.2
-80384.2
-80384.2
-80384.2
-80384.2
-80384.2
-80384.2
-80384.2
-80384.2
-80356.3
-80274.3
-80248.0
-80248.0
-80248.0
-80248.0
-80248.0
-80248.0
-80248.0
-80248.0
-80220.2
-80138.2
-80164.5
-80246.5
-80166.0
-80110.3
-80110.3
-80057.7
-79975.7
-80056.2
-80084.0
-80002.0
-80028.3
-80110.3
-80029.9
-80002.0
-80084.0
-80057.7
-79975.7
-79974.2
-79974.2
-79974.2
-79974.2
-79974.2
-79893.7
-79865.9
-79947.9
-79920.0
-79839.5
-79838.0
-79838.0
-79838.0
-79838.0
-79838.0
-79757.5
-79729.7
-79810.2
-79783.8
-79703.4
-79783.8
-79811.7
-79729.7
-79701.8
-79701.8
-79701.8
-79701.8
-79701.8
-79701.8
-79701.8
-79621.4
-79565.7
-79565.7
-79565.7
-79565.7
-79565.7
-79565.7
-79565.7
-79565.7
-79565.7
-79565.7
-79565.7
-79565.7
-79513.1
-79431.1
-79511.5
-79539.4
-79458.9
-79431.1
-79431.1
-79350.6
-79321.2
-79403.2
-79376.9
-79294.9
-79376.9
-79404.8
-79322.8
-79349.1
-79431.1
-79350.6
-79294.9
-79294.9
-79240.8
-79158.8
-79240.8
-79268.6
-79186.6
-79212.9
-79294.9
-79214.5
-79158.8
-79158.8
-79158.8
-79158.8
-79158.8
-79158.8
-79158.8
-79158.8
-79158.8
-79078.3
-79022.6
-79022.6
-79022.6
-79022.6
-79022.6
-79022.6
-79022.6
-79022.6
-79022.6
-78940.6
-78886.5
-78886.5
-78886.5
-78886.5
-78886.5
-78886.5
-78886.5
-78886.5
-78886.5
-78804.5
-78776.6
-78858.6
-78832.3
-78750.3
-78750.3
-78750.3
-78750.3
-78750.3
-78750.3
-78750.3
-78750.3
-78750.3
-78696.2
-78614.2
-78694.6
-78724.0
-78642.0
-78614.2
-78614.2
-78614.2
-78614.2
-78614.2
-78614.2
-78614.2
-78614.2
-78587.8
-78505.8
-78532.1
-78614.2
-78532.1
-78478.0
-78478.0
-78478.0
-78478.0
-78478.0
-78478.0
-78478.0
-78478.0
-78478.0
-78396.0
-78368.1
-78450.1
-78423.8
-78341.8
-78341.8
-78341.8
-78341.8
-78341.8
-78341.8
-78259.8
-78232.0
-78314.0
-78287.7
-78205.7
-78205.7
-78205.7
-78205.7
-78205.7
-78205.7
-78205.7
-78205.7
-78205.7
-78151.5
-78069.5
-78150.0
-78177.8
-78097.4
-78069.5
-78069.5
-78069.5
-78069.5
-78069.5
-78069.5
-78069.5
-78069.5
-78041.7
-77961.2
-77987.5
-78068.0
-77989.1
-77934.9
-77934.9
-77934.9
-77934.9
-77934.9
-77934.9
-77934.9
-77880.8
-77798.8
-77797.2
-77797.2
-77797.2
-77797.2
-77797.2
-77797.2
-77797.2
-77797.2
-77797.2
-77797.2
-77716.8
-77688.9
-77770.9
-77744.6
-77662.6
-77661.1
-77661.1
-77661.1
-77608.5
-77526.5
-77606.9
-77634.8
-77552.8
-77524.9
-77524.9
-77606.9
-77634.8
-77552.8
-77524.9
-77524.9
-77524.9
-77524.9
-77524.9
-77470.8
-77390.3
-77470.8
-77498.6
-77416.6
-77388.8
-77388.8
-77388.8
-77388.8
-77388.8
-77388.8
-77388.8
-77388.8
-77362.5
-77280.4
-77306.8
-77388.8
-77308.3
-77252.6
-77252.6
-77252.6
-77252.6
-77252.6
-77252.6
-77252.6
-77252.6
-77252.6
-77172.1
-77142.7
-77224.7
-77198.4
-77116.4
-77116.4
-77116.4
-77116.4
-77116.4
-77116.4
-77036.0
-77006.6
-77088.6
-77062.3
-76980.3
-77062.3
-77090.1
-77008.1
-77034.4
-77116.4
-77036.0
-76980.3
-76980.3
-76980.3
-76980.3
-76980.3
-76954.0
-76872.0
-76898.3
-76980.3
-76899.8
-76844.1
-76844.1
-76790.0
-76708.0
-76788.4
-76817.8
-76735.8
-76762.1
-76844.1
-76763.7
-76734.3
-76816.3
-76790.0
-76708.0
-76708.0
-76708.0
-76708.0
-76708.0
-76708.0
-76627.5
-76599.7
-76680.1
-76601.2
-76438.8
-76598.1
-76681.7
-76601.2
-76519.2
-76437.2
-76437.2
-76437.2
-76437.2
-76437.2
-76437.2
-76437.2
-76437.2
-76437.2
-76437.2
-76437.2
-76437.2
-76410.9
-76328.9
-76355.2
-76437.2
-76355.2
-76301.1
-76301.1
-76301.1
-76301.1
-76301.1
-76274.8
-76192.8
-76219.1
-76299.5
-76301.1
-76301.1
-76301.1
-76246.9
-76164.9
-76164.9
-76164.9
-76164.9
-76164.9
-76164.9
-76164.9
-76164.9
-76164.9
-76164.9
-76164.9
-76082.9
-76028.8
-76028.8
-76028.8
-76028.8
-76028.8
-76028.8
-76028.8
-76028.8
-76028.8
-76028.8
-76000.9
-75920.4
-75892.6
-75892.6
-75892.6
-75892.6
-75892.6
-75892.6
-75892.6
-75892.6
-75864.7
-75784.3
-75809.0
-75891.0
-75810.6
-75756.4
-75756.4
-75756.4
-75756.4
-75756.4
-75756.4
-75756.4
-75756.4
-75756.4
-75674.4
-75646.6
-75728.6
-75702.3
-75620.3
-75620.3
-75620.3
-75620.3
-75620.3
-75620.3
-75620.3
-75620.3
-75620.3
-75566.1
-75484.1
-75564.6
-75592.4
-75510.4
-75482.6
-75482.6
-75402.1
-75374.3
-75454.7
-75482.6
-75482.6
-75482.6
-75456.3
-75374.3
-75400.6
-75482.6
-75402.1
-75346.4
-75346.4
-75346.4
-75346.4
-75266.0
-75238.1
-75318.6
-75292.3
-75211.8
-75210.3
-75210.3
-75210.3
-75210.3
-75210.3
-75210.3
-75210.3
-75210.3
-75157.7
-75077.2
-75156.1
-75184.0
-75103.5
-75075.7
-75075.7
-75075.7
-75075.7
-75075.7
-75075.7
-75075.7
-75075.7
-75049.4
-74967.4
-74993.7
-75075.7
-74995.2
-74939.5
-74939.5
-74939.5
-74939.5
-74939.5
-74939.5
-74939.5
-74939.5
-74939.5
-74859.1
-74829.7
-74911.7
-74885.4
-74803.4
-74885.4
-74913.2
-74831.2
-74857.5
-74939.5
-74859.1
-74803.4
-74803.4
-74803.4
-74803.4
-74803.4
-74777.1
-74695.0
-74721.4
-74803.4
-74722.9
-74667.2
-74667.2
-74667.2
-74667.2
-74667.2
-74640.9
-74558.9
-74585.2
-74667.2
-74586.7
-74531.0
-74531.0
-74531.0
-74531.0
-74531.0
-74531.0
-74531.0
-74531.0
-74531.0
-74450.6
-74421.2
-74503.2
-74476.9
-74394.9
-74394.9
-74394.9
-74394.9
-74394.9
-74394.9
-74394.9
-74394.9
-74394.9
-74340.7
-74258.7
-74339.2
-74368.6
-74286.6
-74258.7
-74258.7
-74258.7
-74258.7
-74258.7
-74204.6
-74122.6
-74203.0
-74258.7
-74258.7
-74204.6
-74122.6
-74122.6
-74122.6
-74122.6
-74122.6
-74122.6
-74122.6
-74096.3
-74014.3
-74040.6
-74121.0
-74040.6
-74012.7
-74094.7
-74068.4
-73986.4
-73986.4
-73986.4
-73986.4
-73986.4
-73986.4
-73904.4
-73876.6
-73958.6
-73932.3
-73850.3
-73850.3
-73850.3
-73850.3
-73850.3
-73850.3
-73850.3
-73850.3
-73850.3
-73796.1
-73714.1
-73794.6
-73822.4
-73742.0
-73768.3
-73848.7
-73768.3
-73714.1
-73714.1
-73714.1
-73714.1
-73714.1
-73687.8
-73605.8
-73632.1
-73712.6
-73633.7
-73579.5
-73579.5
-73579.5
-73579.5
-73579.5
-73579.5
-73579.5
-73579.5
-73579.5
-73497.5
-73443.3
-73443.3
-73443.3
-73443.3
-73443.3
-73443.3
-73443.3
-73443.3
-73443.3
-73443.3
-73443.3
-73443.3
-73389.2
-73307.2
-73305.6
-73305.6
-73305.6
-73305.6
-73305.6
-73305.6
-73305.6
-73305.6
-73305.6
-73305.6
-73305.6
-73279.3
-73197.3
-73169.5
-73169.5
-73169.5
-73169.5
-73169.5
-73169.5
-73169.5
-73169.5
-73169.5
-73169.5
-73116.9
-73034.9
-73033.3
-73033.3
-73033.3
-73033.3
-73033.3
-73033.3
-73007.0
-72925.0
-72951.3
-73033.3
-72952.9
-72925.0
-73005.5
-72979.2
-72898.7
-72897.2
-72897.2
-72897.2
-72897.2
-72897.2
-72816.7
-72787.3
-72869.3
-72843.0
-72762.6
-72843.0
-72870.9
-72788.9
-72761.0
-72761.0
-72761.0
-72761.0
-72761.0
-72761.0
-72761.0
-72761.0
-72734.7
-72652.7
-72679.0
-72761.0
-72680.6
-72651.2
-72733.2
-72706.9
-72626.4
-72706.9
-72734.7
-72652.7
-72624.9
-72624.9
-72544.4
-72515.0
-72597.0
-72570.7
-72488.7
-72488.7
-72488.7
-72488.7
-72488.7
-72488.7
-72408.3
-72378.9
-72460.9
-72434.6
-72352.6
-72434.6
-72462.4
-72380.4
-72406.7
-72488.7
-72408.3
-72378.9
-72460.9
-72434.6
-72352.6
-72352.6
-72352.6
-72352.6
-72352.6
-72352.6
-72272.1
-72244.3
-72324.7
-72300.0
-72218.0
-72298.4
-72300.0
-72137.5
-72135.9
-72218.0
-72137.5
-72108.1
-72190.1
-72163.8
-72081.8
-71999.8
-71971.9
-72053.9
-72135.9
-72218.0
-72137.5
-72055.5
-71973.5
-71945.6
-71945.6
-72026.1
-72055.5
-71973.5
-71945.6
-71945.6
-71945.6
-71919.3
-71837.3
-71863.6
-71945.6
-71863.6
-71809.5
-71809.5
-71809.5
-71809.5
-71809.5
-71809.5
-71809.5
-71809.5
-71809.5
-71809.5
-71809.5
-71809.5
-71755.3
-71673.3
-71673.3
-71673.3
-71673.3
-71673.3
-71673.3
-71673.3
-71673.3
-71673.3
-71673.3
-71673.3
-71673.3
-71647.0
-71565.0
-71591.3
-71671.8
-71591.3
-71537.2
-71537.2
-71537.2
-71537.2
-71537.2
-71537.2
-71537.2
-71537.2
-71537.2
-71455.2
-71427.3
-71509.3
-71483.0
-71401.0
-71401.0
-71401.0
-71401.0
-71401.0
-71401.0
-71401.0
-71401.0
-71401.0
-71346.9
-71264.9
-71345.3
-71373.2
-71292.7
-71264.9
-71264.9
-71264.9
-71264.9
-71264.9
-71264.9
-71264.9
-71264.9
-71237.0
-71155.0
-71181.3
-71263.3
-71182.9
-71128.7
-71128.7
-71128.7
-71128.7
-71128.7
-71100.9
-71018.9
-71045.2
-71127.2
-71128.7
-71128.7
-71128.7
-71074.6
-70992.6
-70991.0
-70991.0
-70991.0
-70991.0
-70991.0
-70991.0
-70964.7
-70882.7
-70909.0
-70991.0
-70910.6
-70882.7
-70963.2
-70938.4
-70856.4
-70854.9
-70854.9
-70854.9
-70854.9
-70854.9
-70775.9
-70746.5
-70828.6
-70802.2
-70721.8
-70800.7
-70828.6
-70748.1
-70720.2
-70720.2
-70720.2
-70720.2
-70720.2
-70666.1
-70585.6
-70666.1
-70693.9
-70611.9
-70638.2
-70720.2
-70639.8
-70584.1
-70584.1
-70584.1
-70584.1
-70584.1
-70557.8
-70475.8
-70502.1
-70584.1
-70503.6
-70474.2
-70556.2
-70529.9
-70449.5
-70529.9
-70557.8
-70475.8
-70447.9
-70447.9
-70367.5
-70338.1
-70420.1
-70393.8
-70313.3
-70393.8
-70421.6
-70339.6
-70311.8
-70311.8
-70311.8
-70311.8
-70311.8
-70257.6
-70175.6
-70257.6
-70285.5
-70203.5
-70229.8
-70311.8
-70231.3
-70175.6
-70175.6
-70175.6
-70175.6
-70175.6
-70175.6
-70175.6
-70175.6
-70175.6
-70095.2
-70065.8
-70147.8
-70121.5
-70039.5
-70039.5
-70039.5
-70039.5
-70039.5
-70039.5
-70039.5
-70039.5
-70039.5
-69985.3
-69903.3
-69983.8
-70013.2
-69931.2
-69903.3
-69903.3
-69903.3
-69903.3
-69903.3
-69903.3
-69903.3
-69903.3
-69877.0
-69795.0
-69821.3
-69903.3
-69822.9
-69767.2
-69767.2
-69767.2
-69767.2
-69767.2
-69767.2
-69767.2
-69767.2
-69767.2
-69767.2
-69767.2
-69767.2
-69713.0
-69631.0
-69631.0
-69631.0
-69631.0
-69631.0
-69631.0
-69631.0
-69631.0
-69631.0
-69631.0
-69631.0
-69631.0
-69604.7
-69522.7
-69494.8
-69494.8
-69494.8
-69494.8
-69494.8
-69494.8
-69494.8
-69494.8
-69494.8
-69494.8
-69494.8
-69494.8
-69412.8
-69358.7
-69358.7
-69358.7
-69358.7
-69358.7
-69358.7
-69358.7
-69358.7
-69358.7
-69358.7
-69358.7
-69358.7
-69304.5
-69224.1
-69224.1
-69224.1
-69224.1
-69224.1
-69224.1
-69224.1
-69224.1
-69224.1
-69224.1
-69224.1
-69224.1
-69196.2
-69115.8
-69140.5
-69222.5
-69142.1
-69087.9
-69087.9
-69087.9
-69087.9
-69087.9
-69087.9
-69087.9
-69087.9
-69087.9
-69005.9
-68951.8
-68951.8
-68951.8
-68951.8
-68951.8
-68951.8
-68951.8
-68951.8
-68951.8
-68951.8
-68951.8
-68951.8
-68897.6
-68815.6
-68896.1
-68923.9
-68843.5
-68868.2
-68950.2
-68869.8
-68814.1
-68814.1
-68814.1
-68814.1
-68814.1
-68787.8
-68705.8
-68732.1
-68814.1
-68733.6
-68705.8
-68786.2
-68761.5
-68679.5
-68677.9
-68677.9
-68677.9
-68677.9
-68677.9
-68597.5
-68541.8
-68541.8
-68541.8
-68541.8
-68623.8
-68651.6
-68569.6
-68541.8
-68541.8
-68541.8
-68541.8
-68541.8
-68489.2
-68407.2
-68487.6
-68515.5
-68433.5
-68459.8
-68541.8
-68461.3
-68433.5
-68513.9
-68489.2
-68407.2
-68405.6
-68379.3
-68297.3
-68323.6
-68405.6
-68325.2
-68295.8
-68377.8
-68351.5
-68271.0
-68351.5
-68379.3
-68297.3
-68323.6
-68405.6
-68325.2
-68269.5
-68269.5
-68215.3
-68134.8
-68215.3
-68243.1
-68161.1
-68187.4
-68269.5
-68189.0
-68133.3
-68133.3
-68079.1
-67998.7
-68079.1
-68133.3
-68133.3
-68133.3
-68133.3
-68052.8
-68023.4
-68105.4
-68079.1
-67998.7
-68079.1
-68080.7
-67918.2
-67862.5
-67862.5
-67943.0
-68023.4
-68105.4
-68026.5
-67864.1
-67862.5
-67862.5
-67862.5
-67862.5
-67862.5
-67862.5
-67862.5
-67862.5
-67862.5
-67862.5
-67862.5
-67836.2
-67754.2
-67726.4
-67726.4
-67726.4
-67726.4
-67726.4
-67726.4
-67726.4
-67726.4
-67726.4
-67726.4
-67726.4
-67726.4
-67645.9
-67590.2
-67590.2
-67644.4
-67726.4
-67645.9
-67590.2
-67590.2
-67590.2
-67590.2
-67590.2
-67590.2
-67590.2
-67590.2
-67590.2
-67509.8
-67480.4
-67562.4
-67536.1
-67454.1
-67454.1
-67454.1
-67454.1
-67454.1
-67454.1
-67454.1
-67454.1
-67454.1
-67399.9
-67317.9
-67317.9
-67317.9
-67317.9
-67317.9
-67317.9
-67317.9
-67317.9
-67317.9
-67317.9
-67317.9
-67317.9
-67291.6
-67209.6
-67235.9
-67316.4
-67317.9
-67317.9
-67317.9
-67263.8
-67181.8
-67181.8
-67181.8
-67181.8
-67181.8
-67181.8
-67181.8
-67181.8
-67181.8
-67127.6
-67045.6
-67045.6
-67045.6
-67045.6
-67045.6
-67045.6
-67045.6
-67045.6
-67045.6
-67045.6
-67045.6
-67045.6
-67045.6
-67045.6
-67045.6
-67045.6
-66963.6
-66935.7
-67017.8
-66991.4
-66909.4
-66909.4
-66909.4
-66909.4
-66909.4
-66909.4
-66827.4
-66799.6
-66881.6
-66855.3
-66773.3
-66853.7
-66881.6
-66801.1
-66773.3
-66773.3
-66691.3
-66663.4
-66745.4
-66773.3
-66773.3
-66773.3
-66745.4
-66665.0
-66689.7
-66771.7
-66691.3
-66637.1
-66637.1
-66637.1
-66637.1
-66637.1
-66637.1
-66637.1
-66583.0
-66501.0
-66581.4
-66609.3
-66527.3
-66499.4
-66499.4
-66499.4
-66499.4
-66499.4
-66499.4
-66499.4
-66499.4
-66473.1
-66392.7
-66419.0
-66499.4
-66420.5
-66391.1
-66473.1
-66446.8
-66366.4
-66364.8
-66364.8
-66364.8
-66364.8
-66364.8
-66284.4
-66256.5
-66337.0
-66312.2
-66230.2
-66310.7
-66338.5
-66256.5
-66282.8
-66364.8
-66284.4
-66228.7
-66228.7
-66228.7
-66228.7
-66228.7
-66202.4
-66120.4
-66146.7
-66228.7
-66148.2
-66092.5
-66092.5
-66092.5
-66092.5
-66092.5
-66092.5
-66092.5
-66092.5
-66092.5
-66092.5
-66092.5
-66092.5
-66038.4
-65957.9
-66038.4
-66066.2
-65984.2
-65956.4
-65956.4
-65956.4
-65956.4
-65956.4
-65902.2
-65821.8
-65902.2
-65930.1
-65848.1
-65874.4
-65956.4
-65875.9
-65846.5
-65928.5
-65902.2
-65821.8
-65820.2
-65820.2
-65820.2
-65820.2
-65820.2
-65739.8
-65710.4
-65792.4
-65766.1
-65685.6
-65764.5
-65793.9
-65711.9
-65684.1
-65684.1
-65684.1
-65684.1
-65684.1
-65629.9
-65547.9
-65628.4
-65657.7
-65575.7
-65602.0
-65684.1
-65603.6
-65547.9
-65547.9
-65547.9
-65547.9
-65547.9
-65547.9
-65547.9
-65547.9
-65547.9
-65547.9
-65547.9
-65547.9
-65493.7
-65411.7
-65411.7
-65411.7
-65411.7
-65411.7
-65411.7
-65411.7
-65411.7
-65411.7
-65411.7
-65411.7
-65411.7
-65385.4
-65303.4
-65329.7
-65411.7
-65331.3
-65301.9
-65383.9
-65357.6
-65275.6
-65275.6
-65275.6
-65275.6
-65275.6
-65275.6
-65195.1
-65165.7
-65247.7
-65221.4
-65139.4
-65219.9
-65249.3
-65167.3
-65139.4
-65139.4
-65139.4
-65139.4
-65139.4
-65139.4
-65139.4
-65139.4
-65113.1
-65031.1
-65057.4
-65137.9
-65057.4
-65003.3
-65003.3
-65003.3
-65003.3
-65003.3
-65003.3
-65003.3
-65003.3
-65003.3
-64922.8
-64895.0
-64975.4
-64949.1
-64868.7
-64868.7
-64868.7
-64868.7
-64868.7
-64868.7
-64868.7
-64868.7
-64868.7
-64814.5
-64732.5
-64813.0
-64842.4
-64760.4
-64732.5
-64732.5
-64732.5
-64732.5
-64732.5
-64732.5
-64732.5
-64732.5
-64732.5
-64732.5
-64732.5
-64732.5
-64650.5
-64622.7
-64704.7
-64678.4
-64596.4
-64676.8
-64706.2
-64624.2
-64596.4
-64596.4
-64596.4
-64596.4
-64596.4
-64596.4
-64596.4
-64514.4
-64486.5
-64568.5
-64596.4
-64596.4
-64514.4
-64460.2
-64460.2
-64460.2
-64460.2
-64460.2
-64432.4
-64351.9
-64376.7
-64458.7
-64378.2
-64322.5
-64322.5
-64322.5
-64322.5
-64322.5
-64322.5
-64322.5
-64322.5
-64322.5
-64242.0
-64214.2
-64294.6
-64269.9
-64187.9
-64268.3
-64296.2
-64214.2
-64186.3
-64186.3
-64186.3
-64186.3
-64186.3
-64133.7
-64051.7
-64132.2
-64160.0
-64078.0
-64104.3
-64186.3
-64105.9
-64078.0
-64158.5
-64133.7
-64051.7
-64050.2
-64050.2
-64050.2
-64050.2
-64050.2
-63969.7
-63940.3
-64022.3
-63997.6
-63915.6
-63996.0
-64023.9
-63941.9
-63968.2
-64050.2
-63969.7
-63940.3
-64022.3
-63997.6
-63915.6
-63914.0
-63887.7
-63805.7
-63832.0
-63914.0
-63833.6
-63804.2
-63886.2
-63861.4
-63779.4
-63777.9
-63777.9
-63777.9
-63777.9
-63777.9
-63697.4
-63668.0
-63750.0
-63723.7
-63643.3
-63723.7
-63751.6
-63669.6
-63695.9
-63777.9
-63697.4
-63668.0
-63750.0
-63671.1
-63508.7
-63587.6
-63615.4
-63535.0
-63561.3
-63641.7
-63561.3
-63533.4
-63613.9
-63589.1
-63508.7
-63587.6
-63615.4
-63535.0
-63561.3
-63641.7
-63561.3
-63507.1
-63507.1
-63453.0
-63372.5
-63451.4
-63480.8
-63398.8
-63371.0
-63371.0
-63371.0
-63371.0
-63371.0
-63371.0
-63371.0
-63371.0
-63371.0
-63371.0
-63316.8
-63234.8
-63315.3
-63344.7
-63262.7
-63234.8
-63234.8
-63234.8
-63234.8
-63234.8
-63234.8
-63234.8
-63234.8
-63208.5
-63126.5
-63152.8
-63234.8
-63154.3
-63098.6
-63098.6
-63098.6
-63098.6
-63098.6
-63098.6
-63098.6
-63098.6
-63098.6
-63098.6
-63098.6
-63098.6
-63098.6
-63098.6
-63018.2
-62962.5
-62962.5
-62962.5
-62962.5
-62962.5
-62962.5
-62962.5
-62962.5
-62962.5
-62962.5
-62962.5
-62962.5
-62962.5
-62962.5
-62882.0
-62852.6
-62934.6
-62908.3
-62826.3
-62826.3
-62826.3
-62826.3
-62826.3
-62826.3
-62826.3
-62826.3
-62826.3
-62826.3
-62826.3
-62826.3
-62800.0
-62718.0
-62690.2
-62690.2
-62690.2
-62690.2
-62690.2
-62690.2
-62690.2
-62690.2
-62690.2
-62690.2
-62690.2
-62690.2
-62608.2
-62580.3
-62662.3
-62636.0
-62554.0
-62634.5
-62663.9
-62581.9
-62554.0
-62554.0
-62554.0
-62554.0
-62554.0
-62554.0
-62554.0
-62554.0
-62527.7
-62445.7
-62470.5
-62552.5
-62472.0
-62417.9
-62417.9
-62417.9
-62417.9
-62417.9
-62417.9
-62417.9
-62417.9
-62417.9
-62335.9
-62308.0
-62390.0
-62363.7
-62281.7
-62362.2
-62391.6
-62309.6
-62281.7
-62281.7
-62281.7
-62281.7
-62281.7
-62281.7
-62281.7
-62199.7
-62171.9
-62252.3
-62227.6
-62145.6
-62145.6
-62145.6
-62145.6
-62198.2
-62280.2
-62199.7
-62145.6
-62145.6
-62145.6
-62145.6
-62145.6
-62119.3
-62037.3
-62063.6
-62144.0
-62065.1
-62009.4
-62009.4
-62009.4
-62009.4
-62009.4
-62009.4
-62009.4
-62009.4
-62009.4
-61929.0
-61901.1
-61981.6
-61956.8
-61874.8
-61955.3
-61983.1
-61902.6
-61873.3
-61873.3
-61873.3
-61873.3
-61873.3
-61820.6
-61738.6
-61819.1
-61846.9
-61764.9
-61791.2
-61873.3
-61792.8
-61763.4
-61845.4
-61820.6
-61738.6
-61819.1
-61846.9
-61764.9
-61737.1
-61737.1
-61656.6
-61627.2
-61709.2
-61684.5
-61602.5
-61682.9
-61710.8
-61628.8
-61600.9
-61600.9
-61600.9
-61600.9
-61600.9
-61548.3
-61466.3
-61546.8
-61574.6
-61492.6
-61518.9
-61600.9
-61520.5
-61491.1
-61573.1
-61548.3
-61466.3
-61546.8
-61574.6
-61492.6
-61464.8
-61464.8
-61384.3
-61354.9
-61436.9
-61410.6
-61330.2
-61410.6
-61438.5
-61356.5
-61328.6
-61328.6
-61328.6
-61328.6
-61328.6
-61328.6
-61328.6
-61328.6
-61328.6
-61328.6
-61328.6
-61328.6
-61248.2
-61218.8
-61300.8
-61274.5
-61194.0
-61272.9
-61302.3
-61220.3
-61192.5
-61192.5
-61192.5
-61192.5
-61192.5
-61192.5
-61192.5
-61192.5
-61166.2
-61084.2
-61056.3
-61056.3
-61056.3
-61056.3
-61056.3
-61056.3
-61056.3
-61056.3
-61056.3
-61056.3
-61056.3
-61056.3
-60975.9
-60946.5
-61028.5
-61002.2
-60920.2
-61000.6
-61030.0
-60948.0
-60974.3
-61056.3
-60975.9
-60920.2
-60920.2
-60920.2
-60920.2
-60920.2
-60893.9
-60811.9
-60838.2
-60918.6
-60839.7
-60784.0
-60784.0
-60784.0
-60784.0
-60784.0
-60784.0
-60784.0
-60784.0
-60784.0
-60784.0
-60784.0
-60784.0
-60729.9
-60647.9
-60728.3
-60757.7
-60675.7
-60702.0
-60782.5
-60703.6
-60647.9
-60647.9
-60647.9
-60647.9
-60647.9
-60647.9
-60647.9
-60647.9
-60647.9
-60567.4
-60539.5
-60620.0
-60595.2
-60513.2
-60593.7
-60621.6
-60541.1
-60513.2
-60513.2
-60513.2
-60513.2
-60513.2
-60459.1
-60377.1
-60457.5
-60486.9
-60404.9
-60429.7
-60511.7
-60431.2
-60377.1
-60377.1
-60377.1
-60377.1
-60377.1
-60350.8
-60268.8
-60293.5
-60375.5
-60377.1
-60377.1
-60377.1
-60322.9
-60240.9
-60240.9
-60240.9
-60240.9
-60240.9
-60240.9
-60240.9
-60240.9
-60240.9
-60240.9
-60240.9
-60240.9
-60214.6
-60132.6
-60157.4
-60239.4
-60158.9
-60131.1
-60213.1
-60186.8
-60104.8
-60104.8
-60104.8
-60104.8
-60104.8
-60104.8
-60022.8
-59994.9
-60076.9
-60050.6
-59968.6
-59968.6
-59968.6
-59968.6
-59968.6
-59968.6
-59968.6
-59968.6
-59968.6
-59914.5
-59832.5
-59912.9
-59940.8
-59860.3
-59885.1
-59967.1
-59886.6
-59858.8
-59939.2
-59914.5
-59832.5
-59830.9
-59830.9
-59830.9
-59830.9
-59830.9
-59830.9
-59830.9
-59830.9
-59778.3
-59696.3
-59776.8
-59804.6
-59724.2
-59694.8
-59694.8
-59694.8
-59694.8
-59694.8
-59694.8
-59694.8
-59694.8
-59668.5
-59586.5
-59612.8
-59694.8
-59614.3
-59584.9
-59666.9
-59642.2
-59560.2
-59640.6
-59668.5
-59586.5
-59612.8
-59694.8
-59614.3
-59558.6
-59558.6
-59558.6
-59558.6
-59558.6
-59532.3
-59450.3
-59476.6
-59558.6
-59478.2
-59422.5
-59422.5
-59422.5
-59422.5
-59422.5
-59422.5
-59422.5
-59422.5
-59422.5
-59342.0
-59312.6
-59394.6
-59369.9
-59287.9
-59368.3
-59396.2
-59314.2
-59340.5
-59422.5
-59342.0
-59312.6
-59394.6
-59369.9
-59287.9
-59286.3
-59286.3
-59286.3
-59286.3
-59286.3
-59207.4
-59178.0
-59258.5
-59233.7
-59153.2
-59232.2
-59233.7
-59071.2
-59015.5
-59015.5
-59096.0
-59151.7
-59151.7
-59151.7
-59151.7
-59071.2
-59015.5
-59015.5
-59015.5
-59015.5
-59015.5
-59015.5
-59015.5
-59015.5
-59015.5
-59015.5
-59015.5
-59015.5
-58961.4
-58880.9
-58959.8
-58989.2
-58907.2
-58879.4
-58879.4
-58879.4
-58879.4
-58879.4
-58879.4
-58879.4
-58879.4
-58879.4
-58879.4
-58879.4
-58879.4
-58879.4
-58853.1
-58771.1
-58743.2
-58743.2
-58743.2
-58743.2
-58743.2
-58743.2
-58743.2
-58743.2
-58743.2
-58743.2
-58743.2
-58743.2
-58743.2
-58743.2
-58743.2
-58743.2
-58743.2
-58743.2
-58716.9
-58634.9
-58607.1
-58607.1
-58607.1
-58607.1
-58607.1
-58607.1
-58607.1
-58607.1
-58607.1
-58607.1
-58607.1
-58607.1
-58607.1
-58580.8
-58498.8
-58525.1
-58605.5
-58526.6
-58470.9
-58470.9
-58470.9
-58470.9
-58470.9
-58470.9
-58470.9
-58470.9
-58470.9
-58470.9
-58470.9
-58470.9
-58470.9
-58470.9
-58390.5
-58334.8
-58334.8
-58334.8
-58334.8
-58334.8
-58334.8
-58334.8
-58334.8
-58334.8
-58334.8
-58334.8
-58334.8
-58334.8
-58334.8
-58334.8
-58308.5
-58226.5
-58198.6
-58198.6
-58198.6
-58198.6
-58198.6
-58198.6
-58198.6
-58198.6
-58198.6
-58198.6
-58144.5
-58062.5
-58142.9
-58172.3
-58090.3
-58115.1
-58197.1
-58116.6
-58062.5
-58062.5
-58062.5
-58062.5
-58062.5
-58036.2
-57954.1
-57978.9
-58060.9
-58062.5
-58062.5
-58062.5
-58008.3
-57926.3
-58006.8
-58036.2
-57954.1
-57978.9
-58060.9
-57980.5
-57952.6
-58034.6
-58008.3
-57926.3
-57926.3
-57926.3
-57926.3
-57872.1
-57790.1
-57870.6
-57900.0
-57818.0
-57790.1
-57790.1
-57790.1
-57790.1
-57790.1
-57790.1
-57790.1
-57790.1
-57790.1
-57790.1
-57790.1
-57790.1
-57709.7
-57680.3
-57762.3
-57736.0
-57655.5
-57734.4
-57763.8
-57681.8
-57655.5
-57655.5
-57655.5
-57655.5
-57655.5
-57601.4
-57519.4
-57599.8
-57627.7
-57547.2
-57572.0
-57654.0
-57573.5
-57545.7
-57626.1
-57601.4
-57519.4
-57517.8
-57517.8
-57517.8
-57517.8
-57517.8
-57517.8
-57517.8
-57517.8
-57465.2
-57383.2
-57381.7
-57381.7
-57381.7
-57435.8
-57517.8
-57437.4
-57381.7
-57381.7
-57381.7
-57381.7
-57381.7
-57355.4
-57274.9
-57299.7
-57381.7
-57301.2
-57271.8
-57353.8
-57329.1
-57247.1
-57245.5
-57245.5
-57245.5
-57299.7
-57381.7
-57301.2
-57245.5
-57245.5
-57245.5
-57245.5
-57245.5
-57219.2
-57137.2
-57163.5
-57245.5
-57165.1
-57135.7
-57217.7
-57192.9
-57110.9
-57109.4
-57109.4
-57109.4
-57109.4
-57109.4
-57028.9
-56999.5
-57081.5
-57056.8
-56974.8
-57055.2
-57083.1
-57001.1
-57027.4
-57109.4
-57028.9
-56973.2
-56973.2
-56973.2
-56973.2
-56973.2
-56973.2
-56973.2
-56973.2
-56973.2
-56892.8
-56863.4
-56945.4
-56920.6
-56838.6
-56917.5
-56946.9
-56864.9
-56837.1
-56837.1
-56837.1
-56837.1
-56837.1
-56837.1
-56837.1
-56837.1
-56837.1
-56837.1
-56837.1
-56837.1
-56756.6
-56700.9
-56700.9
-56700.9
-56700.9
-56700.9
-56700.9
-56700.9
-56700.9
-56700.9
-56700.9
-56700.9
-56700.9
-56646.7
-56566.3
-56645.2
-56700.9
-56700.9
-56700.9
-56700.9
-56620.4
-56591.0
-56673.1
-56646.7
-56566.3
-56564.7
-56564.7
-56564.7
-56564.7
-56564.7
-56484.3
-56454.9
-56536.9
-56510.6
-56430.1
-56509.0
-56538.4
-56456.4
-56482.7
-56563.2
-56484.3
-56428.6
-56428.6
-56428.6
-56428.6
-56428.6
-56428.6
-56428.6
-56428.6
-56428.6
-56428.6
-56428.6
-56428.6
-56376.0
-56294.0
-56294.0
-56294.0
-56294.0
-56346.6
-56427.0
-56348.1
-56294.0
-56294.0
-56294.0
-56294.0
-56294.0
-56267.7
-56185.7
-56212.0
-56292.4
-56213.5
-56157.8
-56157.8
-56157.8
-56157.8
-56157.8
-56157.8
-56157.8
-56157.8
-56157.8
-56077.4
-56048.0
-56130.0
-56157.8
-56157.8
-56157.8
-56131.5
-56049.5
-56074.3
-56156.3
-56077.4
-56021.7
-56021.7
-56021.7
-56021.7
-56021.7
-56021.7
-56021.7
-56021.7
-56021.7
-55941.2
-55911.8
-55993.8
-55967.5
-55885.5
-55885.5
-55885.5
-55885.5
-55885.5
-55885.5
-55885.5
-55885.5
-55885.5
-55885.5
-55885.5
-55885.5
-55885.5
-55885.5
-55885.5
-55885.5
-55885.5
-55859.2
-55777.2
-55749.4
-55749.4
-55829.8
-55859.2
-55777.2
-55749.4
-55749.4
-55667.4
-55639.5
-55721.5
-55695.2
-55613.2
-55693.7
-55723.1
-55641.1
-55665.8
-55747.8
-55667.4
-55613.2
-55613.2
-55613.2
-55613.2
-55613.2
-55586.9
-55504.9
-55529.7
-55611.7
-55531.2
-55503.4
-55583.8
-55559.1
-55477.1
-55557.5
-55586.9
-55504.9
-55529.7
-55611.7
-55531.2
-55477.1
-55477.1
-55477.1
-55477.1
-55477.1
-55450.7
-55368.7
-55393.5
-55475.5
-55395.0
-55367.2
-55447.7
-55422.9
-55340.9
-55421.4
-55450.7
-55368.7
-55393.5
-55475.5
-55395.0
-55340.9
-55340.9
-55340.9
-55340.9
-55340.9
-55313.0
-55232.6
-55257.3
-55339.3
-55258.9
-55229.5
-55311.5
-55286.7
-55204.7
-55285.2
-55313.0
-55232.6
-55257.3
-55339.3
-55178.4
-55093.3
-55175.3
-55150.6
-55068.6
-55149.0
-55176.9
-55096.4
-55121.2
-55203.2
-55122.7
-55093.3
-55175.3
-55150.6
-55068.6
-55067.0
-55040.7
-54958.7
-54985.0
-55067.0
-54986.6
-54957.2
-55039.2
-55014.4
-54932.4
-55012.9
-55040.7
-54958.7
-54985.0
-55067.0
-54986.6
-54957.2
-55039.2
-55014.4
-54932.4
-54930.9
-54930.9
-54930.9
-54930.9
-54930.9
-54852.0
-54822.6
-54903.0
-54824.1
-54661.7
-54821.0
-54878.3
-54715.8
-54714.3
-54796.3
-54796.3
-54796.3
-54796.3
-54743.7
-54661.7
-54740.6
-54796.3
-54796.3
-54796.3
-54796.3
-54715.8
-54686.4
-54768.4
-54689.5
-54525.5
-54686.4
-54770.0
-54688.0
-54714.3
-54796.3
-54715.8
-54686.4
-54768.4
-54689.5
-54525.5
-54604.4
-54633.8
-54551.8
-54578.1
-54660.1
-54579.7
-54524.0
-54524.0
-54524.0
-54524.0
-54443.5
-54387.8
-54387.8
-54387.8
-54387.8
-54387.8
-54387.8
-54387.8
-54387.8
-54387.8
-54387.8
-54387.8
-54387.8
-54387.8
-54387.8
-54387.8
-54361.5
-54279.5
-54305.8
-54387.8
-54307.4
-54251.7
-54251.7
-54251.7
-54251.7
-54251.7
-54251.7
-54251.7
-54251.7
-54251.7
-54251.7
-54251.7
-54251.7
-54251.7
-54251.7
-54251.7
-54225.4
-54143.4
-54169.7
-54250.1
-54171.2
-54141.8
-54223.8
-54197.5
-54117.0
-54115.5
-54115.5
-54115.5
-54115.5
-54115.5
-54115.5
-54115.5
-54115.5
-54115.5
-54115.5
-54115.5
-54089.2
-54007.2
-54033.5
-54114.0
-54035.0
-54005.6
-54087.7
-54061.3
-53979.3
-53979.3
-53979.3
-53979.3
-53979.3
-53979.3
-53979.3
-53979.3
-53979.3
-53925.2
-53843.2
-53923.6
-53953.0
-53871.0
-53843.2
-53843.2
-53843.2
-53843.2
-53843.2
-53843.2
-53843.2
-53843.2
-53843.2
-53843.2
-53843.2
-53843.2
-53762.7
-53733.3
-53815.3
-53843.2
-53843.2
-53762.7
-53707.0
-53707.0
-53707.0
-53707.0
-53707.0
-53707.0
-53707.0
-53707.0
-53707.0
-53707.0
-53707.0
-53707.0
-53707.0
-53707.0
-53626.6
-53597.2
-53679.2
-53707.0
-53707.0
-53707.0
-53680.7
-53598.7
-53623.5
-53705.5
-53626.6
-53570.9
-53570.9
-53570.9
-53570.9
-53488.9
-53461.0
-53543.0
-53516.7
-53434.7
-53434.7
-53434.7
-53434.7
-53434.7
-53434.7
-53354.3
-53324.9
-53406.9
-53434.7
-53434.7
-53434.7
-53408.4
-53328.0
-53352.7
-53433.2
-53354.3
-53324.9
-53406.9
-53380.6
-53300.1
-53379.0
-53408.4
-53328.0
-53352.7
-53433.2
-53354.3
-53300.1
-53300.1
-53246.0
-53164.0
-53244.4
-53273.8
-53191.8
-53216.6
-53298.6
-53218.1
-53190.3
-53270.7
-53246.0
-53164.0
-53244.4
-53273.8
-53191.8
-53216.6
-53298.6
-53218.1
-53164.0
-53164.0
-53109.8
-53027.8
-53108.3
-53137.7
-53055.7
-53080.4
-53162.4
-53082.0
-53054.1
-53134.6
-53109.8
-53027.8
-53108.3
-53137.7
-53055.7
-53026.3
-53026.3
-52945.8
-52916.4
-52998.4
-52973.7
-52891.7
-52972.1
-53000.0
-52919.5
-52944.3
-53026.3
-52945.8
-52890.1
-52890.1
-52890.1
-52890.1
-52890.1
-52863.8
-52783.3
-52808.1
-52890.1
-52809.6
-52780.3
-52862.3
-52837.5
-52755.5
-52836.0
-52863.8
-52783.3
-52808.1
-52890.1
-52809.6
-52753.9
-52753.9
-52701.3
-52619.3
-52699.8
-52727.6
-52647.2
-52671.9
-52753.9
-52673.5
-52644.1
-52726.1
-52701.3
-52619.3
-52699.8
-52727.6
-52647.2
-52617.8
-52617.8
-52617.8
-52617.8
-52617.8
-52617.8
-52617.8
-52617.8
-52591.5
-52509.5
-52535.8
-52617.8
-52537.3
-52507.9
-52589.9
-52565.2
-52483.2
-52481.6
-52481.6
-52481.6
-52481.6
-52481.6
-52481.6
-52481.6
-52481.6
-52481.6
-52481.6
-52481.6
-52481.6
-52481.6
-52429.0
-52347.0
-52345.5
-52345.5
-52345.5
-52345.5
-52345.5
-52345.5
-52345.5
-52345.5
-52345.5
-52345.5
-52345.5
-52345.5
-52345.5
-52345.5
-52345.5
-52345.5
-52319.2
-52237.2
-52263.5
-52345.5
-52265.0
-52235.6
-52317.6
-52292.9
-52210.9
-52209.3
-52209.3
-52209.3
-52209.3
-52209.3
-52209.3
-52209.3
-52209.3
-52155.2
-52074.7
-52153.6
-52183.0
-52101.0
-52127.3
-52209.3
-52128.9
-52073.2
-52073.2
-52073.2
-52073.2
-52073.2
-52073.2
-52073.2
-52073.2
-52073.2
-52073.2
-52073.2
-52073.2
-52020.6
-51940.1
-52019.0
-52046.9
-51966.4
-51991.2
-52071.6
-51992.7
-51938.6
-51938.6
-51938.6
-51938.6
-51938.6
-51938.6
-51938.6
-51938.6
-51938.6
-51938.6
-51938.6
-51938.6
-51884.4
-51804.0
-51802.4
-51802.4
-51802.4
-51856.6
-51937.0
-51858.1
-51802.4
-51802.4
-51802.4
-51802.4
-51802.4
-51776.1
-51694.1
-51666.3
-51666.3
-51666.3
-51692.6
-51774.6
-51748.3
-51666.3
-51666.3
-51666.3
-51666.3
-51666.3
-51666.3
-51666.3
-51666.3
-51666.3
-51666.3
-51666.3
-51666.3
-51640.0
-51557.9
-51582.7
-51664.7
-51585.8
-51556.4
-51638.4
-51612.1
-51530.1
-51530.1
-51530.1
-51530.1
-51530.1
-51530.1
-51530.1
-51530.1
-51530.1
-51530.1
-51530.1
-51530.1
-51503.8
-51421.8
-51446.5
-51528.6
-51449.6
-51420.2
-51502.2
-51475.9
-51393.9
-51393.9
-51393.9
-51393.9
-51393.9
-51393.9
-51313.5
-51284.1
-51366.1
-51339.8
-51257.8
-51338.2
-51367.6
-51285.6
-51310.4
-51392.4
-51313.5
-51284.1
-51366.1
-51339.8
-51257.8
-51257.8
-51257.8
-51257.8
-51257.8
-51257.8
-51175.8
-51147.9
-51228.4
-51203.6
-51121.6
-51202.1
-51231.5
-51149.5
-51174.2
-51256.2
-51175.8
-51147.9
-51228.4
-51203.6
-51121.6
-51121.6
-51121.6
-51121.6
-51121.6
-51121.6
-51039.6
-51011.8
-51092.2
-51067.5
-50985.5
-51065.9
-51095.3
-51013.3
-50985.5
-50985.5
-50985.5
-51011.8
-51092.2
-51067.5
-50985.5
-50985.5
-50985.5
-50985.5
-50985.5
-50985.5
-50903.5
-50874.1
-50956.1
-50931.3
-50849.3
-50929.8
-50959.2
-50877.2
-50901.9
-50983.9
-50903.5
-50874.1
-50956.1
-50931.3
-50849.3
-50849.3
-50849.3
-50849.3
-50849.3
-50849.3
-50767.3
-50737.9
-50819.9
-50795.2
-50713.2
-50793.6
-50823.0
-50741.0
-50711.6
-50711.6
-50711.6
-50737.9
-50819.9
-50795.2
-50713.2
-50711.6
-50685.3
-50604.9
-50629.6
-50711.6
-50631.2
-50601.8
-50683.8
-50659.0
-50577.0
-50657.5
-50685.3
-50604.9
-50522.9
-50442.4
-50521.3
-50601.8
-50683.8
-50659.0
-50577.0
-50496.6
-50467.2
-50547.6
-50629.6
-50711.6
-50552.3
-50440.9
-50440.9
-50440.9
-50440.9
-50440.9
-50440.9
-50440.9
-50440.9
-50440.9
-50440.9
-50440.9
-50440.9
-50440.9
-50440.9
-50440.9
-50440.9
-50440.9
-50440.9
-50440.9
-50360.4
-50304.7
-50304.7
-50304.7
-50304.7
-50304.7
-50304.7
-50304.7
-50304.7
-50304.7
-50304.7
-50304.7
-50304.7
-50304.7
-50304.7
-50304.7
-50304.7
-50304.7
-50304.7
-50304.7
-50224.2
-50168.5
-50168.5
-50168.5
-50168.5
-50168.5
-50168.5
-50168.5
-50168.5
-50168.5
-50168.5
-50168.5
-50168.5
-50168.5
-50168.5
-50168.5
-50168.5
-50168.5
-50168.5
-50168.5
-50088.1
-50032.4
-50032.4
-50032.4
-50032.4
-50032.4
-50032.4
-50032.4
-50032.4
-50032.4
-50032.4
-50032.4
-50032.4
-50032.4
-50032.4
-50032.4
-50032.4
-50032.4
-50032.4
-50032.4
-50032.4
-50006.1
-49924.1
-49896.2
-49896.2
-49896.2
-49896.2
-49896.2
-49896.2
-49896.2
-49896.2
-49896.2
-49896.2
-49896.2
-49896.2
-49815.8
-49760.1
-49760.1
-49814.2
-49894.7
-49815.8
-49760.1
-49760.1
-49760.1
-49760.1
-49760.1
-49760.1
-49760.1
-49760.1
-49760.1
-49760.1
-49760.1
-49760.1
-49760.1
-49760.1
-49679.6
-49650.2
-49732.2
-49760.1
-49760.1
-49679.6
-49623.9
-49623.9
-49678.1
-49758.5
-49679.6
-49623.9
-49623.9
-49623.9
-49623.9
-49623.9
-49623.9
-49623.9
-49623.9
-49623.9
-49543.5
-49514.1
-49596.1
-49569.8
-49489.3
-49487.8
-49487.8
-49487.8
-49487.8
-49487.8
-49487.8
-49487.8
-49487.8
-49487.8
-49487.8
-49487.8
-49487.8
-49487.8
-49487.8
-49487.8
-49487.8
-49487.8
-49487.8
-49433.6
-49351.6
-49351.6
-49351.6
-49351.6
-49404.2
-49486.2
-49407.3
-49351.6
-49351.6
-49351.6
-49351.6
-49351.6
-49351.6
-49351.6
-49351.6
-49351.6
-49351.6
-49351.6
-49351.6
-49297.5
-49215.5
-49215.5
-49241.8
-49323.8
-49297.5
-49215.5
-49215.5
-49215.5
-49215.5
-49215.5
-49215.5
-49215.5
-49215.5
-49215.5
-49161.3
-49079.3
-49159.8
-49189.2
-49107.2
-49131.9
-49213.9
-49135.0
-49079.3
-49079.3
-49079.3
-49079.3
-49079.3
-49079.3
-49079.3
-49079.3
-49079.3
-48998.9
-48969.5
-49051.5
-49026.7
-48944.7
-49023.6
-49053.0
-48972.5
-48997.3
-49077.8
-48998.9
-48944.7
-48944.7
-48944.7
-48944.7
-48944.7
-48944.7
-48944.7
-48944.7
-48944.7
-48944.7
-48944.7
-48944.7
-48890.5
-48808.5
-48889.0
-48918.4
-48836.4
-48861.1
-48943.2
-48862.7
-48808.5
-48808.5
-48808.5
-48808.5
-48808.5
-48782.2
-48700.2
-48725.0
-48807.0
-48808.5
-48808.5
-48808.5
-48754.4
-48672.4
-48752.8
-48782.2
-48700.2
-48725.0
-48807.0
-48726.5
-48672.4
-48672.4
-48672.4
-48672.4
-48672.4
-48672.4
-48672.4
-48672.4
-48672.4
-48590.4
-48561.0
-48643.0
-48618.2
-48536.2
-48616.7
-48646.1
-48564.1
-48588.8
-48670.8
-48590.4
-48534.7
-48534.7
-48534.7
-48534.7
-48534.7
-48534.7
-48534.7
-48534.7
-48534.7
-48454.2
-48424.8
-48506.8
-48482.1
-48400.1
-48480.5
-48509.9
-48427.9
-48452.7
-48534.7
-48454.2
-48424.8
-48506.8
-48482.1
-48400.1
-48480.5
-48509.9
-48427.9
-48398.5
-48398.5
-48318.1
-48288.7
-48370.7
-48345.9
-48263.9
-48344.4
-48372.2
-48291.8
-48316.5
-48398.5
-48318.1
-48262.4
-48262.4
-48262.4
-48262.4
-48262.4
-48262.4
-48262.4
-48262.4
-48262.4
-48262.4
-48262.4
-48262.4
-48209.8
-48127.8
-48206.7
-48236.1
-48155.6
-48180.4
-48262.4
-48181.9
-48152.5
-48234.5
-48209.8
-48127.8
-48206.7
-48236.1
-48155.6
-48126.2
-48126.2
-48126.2
-48126.2
-48126.2
-48073.6
-47991.6
-48070.5
-48099.9
-48019.5
-48044.2
-48126.2
-48045.8
-47990.1
-47990.1
-47990.1
-47990.1
-47990.1
-47990.1
-47990.1
-47990.1
-47990.1
-47990.1
-47990.1
-47990.1
-47937.5
-47855.5
-47934.4
-47963.8
-47881.8
-47908.1
-47990.1
-47909.6
-47853.9
-47853.9
-47853.9
-47853.9
-47853.9
-47853.9
-47853.9
-47853.9
-47853.9
-47853.9
-47853.9
-47853.9
-47801.3
-47719.3
-47798.2
-47827.6
-47745.6
-47771.9
-47853.9
-47773.5
-47717.8
-47717.8
-47717.8
-47717.8
-47798.2
-47827.6
-47745.6
-47717.8
-47717.8
-47717.8
-47717.8
-47717.8
-47717.8
-47717.8
-47717.8
-47691.5
-47611.0
-47635.8
-47716.2
-47638.8
-47609.4
-47689.9
-47665.1
-47584.7
-47583.1
-47583.1
-47583.1
-47583.1
-47583.1
-47583.1
-47583.1
-47583.1
-47583.1
-47583.1
-47583.1
-47556.8
-47474.8
-47501.1
-47581.6
-47502.7
-47473.3
-47555.3
-47530.5
-47448.5
-47447.0
-47447.0
-47447.0
-47447.0
-47447.0
-47447.0
-47447.0
-47447.0
-47392.8
-47312.4
-47391.3
-47420.7
-47338.7
-47363.4
-47445.4
-47366.5
-47337.1
-47419.1
-47392.8
-47312.4
-47310.8
-47310.8
-47310.8
-47310.8
-47310.8
-47310.8
-47310.8
-47310.8
-47256.7
-47176.2
-47255.1
-47310.8
-47310.8
-47310.8
-47310.8
-47230.4
-47174.7
-47174.7
-47174.7
-47174.7
-47174.7
-47174.7
-47174.7
-47174.7
-47174.7
-47174.7
-47174.7
-47174.7
-47174.7
-47174.7
-47174.7
-47174.7
-47174.7
-47174.7
-47174.7
-47094.2
-47064.8
-47146.8
-47120.5
-47040.1
-47038.5
-47038.5
-47038.5
-47038.5
-47038.5
-47038.5
-47038.5
-47038.5
-47038.5
-47038.5
-46958.1
-46902.4
-46902.4
-46955.0
-47037.0
-46958.1
-46902.4
-46902.4
-46902.4
-46902.4
-46902.4
-46902.4
-46902.4
-46902.4
-46902.4
-46902.4
-46902.4
-46902.4
-46848.2
-46766.2
-46846.7
-46876.1
-46794.1
-46818.8
-46900.8
-46821.9
-46792.5
-46873.0
-46848.2
-46766.2
-46846.7
-46876.1
-46794.1
-46766.2
-46766.2
-46766.2
-46792.5
-46873.0
-46795.6
-46631.6
-46710.5
-46739.9
-46657.9
-46682.7
-46764.7
-46685.8
-46656.4
-46736.8
-46712.1
-46630.1
-46710.5
-46739.9
-46657.9
-46630.1
-46630.1
-46630.1
-46630.1
-46630.1
-46575.9
-46493.9
-46574.4
-46603.8
-46521.8
-46546.5
-46628.5
-46548.1
-46518.7
-46600.7
-46575.9
-46493.9
-46574.4
-46603.8
-46521.8
-46493.9
-46493.9
-46493.9
-46493.9
-46493.9
-46493.9
-46493.9
-46493.9
-46493.9
-46493.9
-46493.9
-46493.9
-46411.9
-46382.5
-46464.5
-46439.8
-46357.7
-46438.2
-46467.6
-46385.6
-46410.4
-46492.4
-46411.9
-46382.5
-46464.5
-46439.8
-46357.7
-46357.7
-46357.7
-46357.7
-46357.7
-46357.7
-46275.7
-46246.3
-46328.4
-46303.6
-46221.6
-46302.0
-46331.4
-46249.4
-46274.2
-46356.2
-46275.7
-46246.3
-46328.4
-46303.6
-46221.6
-46220.0
-46220.0
-46220.0
-46274.2
-46356.2
-46196.8
-46111.7
-46192.2
-46167.4
-46087.0
-46165.9
-46195.3
-46114.8
-46139.6
-46220.0
-46141.1
-46111.7
-46192.2
-46167.4
-46087.0
-46085.4
-46085.4
-46085.4
-46139.6
-46220.0
-46060.7
-45975.6
-46057.6
-46085.4
-46085.4
-46085.4
-46085.4
-46085.4
-46032.8
-45950.8
-45949.3
-45949.3
-45949.3
-45949.3
-45949.3
-45949.3
-45949.3
-45949.3
-45949.3
-45949.3
-45949.3
-45923.0
-45842.5
-45867.3
-45949.3
-45868.8
-45839.4
-45921.4
-45896.7
-45814.7
-45813.1
-45813.1
-45813.1
-45813.1
-45813.1
-45813.1
-45813.1
-45813.1
-45813.1
-45813.1
-45813.1
-45813.1
-45813.1
-45813.1
-45813.1
-45813.1
-45786.8
-45706.4
-45677.0
-45677.0
-45677.0
-45677.0
-45677.0
-45677.0
-45677.0
-45677.0
-45677.0
-45677.0
-45677.0
-45677.0
-45677.0
-45677.0
-45677.0
-45677.0
-45677.0
-45677.0
-45677.0
-45677.0
-45677.0
-45677.0
-45677.0
-45677.0
-45677.0
-45624.4
-45542.4
-45540.8
-45540.8
-45540.8
-45540.8
-45540.8
-45540.8
-45540.8
-45540.8
-45540.8
-45540.8
-45540.8
-45540.8
-45540.8
-45540.8
-45540.8
-45540.8
-45540.8
-45540.8
-45488.2
-45406.2
-45404.7
-45404.7
-45404.7
-45404.7
-45404.7
-45404.7
-45404.7
-45404.7
-45404.7
-45404.7
-45404.7
-45404.7
-45404.7
-45404.7
-45404.7
-45404.7
-45404.7
-45404.7
-45352.1
-45270.1
-45268.5
-45294.8
-45376.8
-45352.1
-45270.1
-45268.5
-45268.5
-45268.5
-45268.5
-45268.5
-45268.5
-45268.5
-45268.5
-45268.5
-45268.5
-45268.5
-45268.5
-45268.5
-45268.5
-45268.5
-45188.1
-45158.7
-45240.7
-45215.9
-45133.9
-45132.4
-45132.4
-45132.4
-45132.4
-45132.4
-45132.4
-45132.4
-45132.4
-45132.4
-45132.4
-45132.4
-45132.4
-45132.4
-45132.4
-45132.4
-45132.4
-45132.4
-45132.4
-45132.4
-45132.4
-45132.4
-45106.0
-45024.0
-44996.2
-44996.2
-44996.2
-44996.2
-44996.2
-44996.2
-44996.2
-44996.2
-44996.2
-44996.2
-44996.2
-44996.2
-44915.7
-44886.3
-44968.3
-44996.2
-44996.2
-44996.2
-44969.9
-44887.9
-44912.6
-44994.6
-44915.7
-44886.3
-44968.3
-44942.0
-44861.6
-44860.0
-44860.0
-44860.0
-44860.0
-44860.0
-44860.0
-44833.7
-44751.7
-44776.5
-44858.5
-44779.6
-44750.2
-44832.2
-44805.9
-44725.4
-44702.2
-44714.6
-44798.2
-44776.5
-44697.6
-44779.6
-44785.8
-44624.9
-44624.9
-44708.4
-44631.1
-44604.8
-44689.8
-44666.6
-44587.7
-44671.3
-44703.8
-44624.9
-44651.2
-44734.7
-44658.9
-44631.1
-44716.2
-44694.5
-44615.6
-44617.1
-44593.9
-44515.0
-44542.9
-44628.0
-44549.1
-44496.4
-44499.5
-44502.6
-44504.2
-44507.3
-44510.4
-44513.5
-44516.6
-44519.7
-44521.2
-44496.4
-44417.5
-44445.4
-44530.5
-44454.7
-44400.5
-44403.6
-44406.7
-44409.8
-44411.3
-44414.4
-44417.5
-44419.1
-44422.2
-44344.8
-44318.5
-44402.1
-44380.4
-44301.5
-44303.0
-44304.6
-44307.7
-44310.8
-44313.9
-44315.4
-44318.5
-44321.6
-44324.7
-44326.3
-44329.3
-44330.9
-44334.0
-44284.5
-44205.6
-44207.1
-44210.2
-44211.8
-44214.9
-44216.4
-44219.5
-44222.6
-44225.7
-44227.2
-44230.3
-44233.4
-44236.5
-44238.1
-44187.0
-44108.1
-44190.1
-44222.6
-44143.7
-44118.9
-44122.0
-44123.6
-44125.1
-44128.2
-44131.3
-44134.4
-44137.5
-44140.6
-44142.1
-44145.2
-44146.8
-44069.4
-44016.8
-44018.4
-44021.4
-44024.5
-44027.6
-44030.7
-44033.8
-44035.4
-44036.9
-44040.0
-44043.1
-44046.2
-43995.1
-43916.2
-43998.2
-44029.2
-43950.3
-43978.1
-44063.2
-43987.4
-43933.3
-43936.4
-43939.4
-43942.5
-43944.1
-43947.2
-43948.7
-43951.8
-43954.9
-43877.6
-43849.7
-43933.3
-43911.6
-43832.7
-43834.2
-43837.3
-43840.4
-43843.5
-43845.1
-43848.2
-43849.7
-43852.8
-43801.7
-43722.8
-43806.4
-43837.3
-43758.4
-43786.3
-43869.8
-43794.0
-43739.9
-43743.0
-43746.0
-43749.1
-43752.2
-43753.8
-43756.9
-43705.8
-43626.9
-43708.9
-43741.4
-43662.5
-43636.2
-43637.7
-43640.8
-43670.2
-43755.3
-43732.1
-43653.2
-43654.8
-43657.9
-43659.4
-43662.5
-43665.6
-43586.7
-43560.4
-43645.5
-43622.3
-43543.4
-43544.9
-43548.0
-43549.5
-43552.6
-43555.7
-43558.8
-43561.9
-43563.5
-43512.4
-43433.5
-43515.5
-43548.0
-43469.1
-43496.9
-43580.5
-43503.1
-43450.5
-43453.6
-43456.7
-43459.8
-43461.4
-43436.6
-43357.7
-43385.5
-43470.6
-43394.8
-43367.0
-43450.5
-43428.9
-43350.0
-43432.0
-43464.5
-43385.5
-43411.8
-43495.4
-43419.6
-43367.0
-43370.1
-43319.0
-43240.1
-43322.1
-43354.6
-43274.1
-43302.0
-43387.1
-43309.7
-43257.1
-43260.2
-43261.8
-43264.9
-43268.0
-43243.2
-43164.3
-43192.1
-43277.2
-43199.9
-43172.0
-43257.1
-43235.5
-43156.6
-43238.6
-43271.0
-43190.6
-43218.4
-43303.5
-43226.2
-43173.6
-43176.7
-43125.6
-43045.2
-43127.2
-43159.6
-43080.7
-43108.6
-43193.7
-43116.3
-43062.2
-43065.3
-43068.4
-43071.5
-43074.6
-43076.1
-43077.6
-43080.7
-43083.8
-43086.9
-43090.0
-43091.6
-43040.5
-42961.6
-43043.6
-43076.1
-42997.2
-43025.0
-43108.6
-43031.2
-42978.6
-42981.7
-42984.8
-42986.4
-42989.5
-42991.0
-42994.1
-42997.2
-43000.3
-42921.4
-42868.8
-42870.3
-42873.4
-42876.5
-42879.6
-42881.1
-42884.2
-42887.3
-42888.9
-42892.0
-42895.1
-42898.2
-42847.1
-42768.2
-42848.7
-42881.1
-42802.2
-42830.1
-42915.2
-42837.8
-42810.0
-42895.1
-42871.9
-42793.0
-42794.5
-42797.6
-42799.1
-42802.2
-42805.3
-42726.4
-42700.1
-42783.7
-42762.0
-42683.1
-42684.7
-42687.7
-42689.3
-42692.4
-42693.9
-42697.0
-42700.1
-42703.2
-42704.8
-42706.3
-42709.4
-42686.2
-42607.3
-42635.1
-42720.2
-42642.9
-42615.0
-42700.1
-42676.9
-42598.0
-42599.6
-42602.7
-42604.2
-42607.3
-42610.4
-42613.5
-42615.0
-42616.6
-42567.1
-42488.2
-42570.2
-42602.7
-42522.2
-42550.0
-42633.6
-42557.8
-42505.2
-42508.3
-42509.8
-42511.4
-42514.5
-42491.3
-42412.3
-42440.2
-42523.7
-42446.4
-42420.1
-42505.2
-42482.0
-42403.1
-42404.6
-42406.2
-42409.2
-42412.3
-42415.4
-42336.5
-42308.7
-42393.8
-42424.7
-42427.8
-42429.4
-42406.2
-42327.2
-42300.9
-42304.0
-42305.6
-42308.7
-42311.8
-42313.3
-42316.4
-42319.5
-42322.6
-42324.2
-42327.2
-42330.3
-42251.4
-42225.1
-42308.7
-42285.5
-42206.6
-42290.1
-42321.1
-42242.1
-42215.8
-42218.9
-42222.0
-42223.6
-42226.7
-42175.6
-42096.7
-42178.7
-42211.2
-42132.3
-42106.0
-42107.5
-42110.6
-42113.7
-42116.8
-42118.4
-42119.9
-42123.0
-42099.8
-42020.9
-42048.7
-42132.3
-42054.9
-42028.6
-42113.7
-42090.5
-42010.1
-42093.6
-42126.1
-42047.2
-42020.9
-42022.4
-42025.5
-42028.6
-42030.2
-42033.3
-42034.8
-42037.9
-42014.7
-41935.8
-41962.1
-42045.7
-41969.8
-41917.2
-41920.3
-41921.9
-41923.4
-41926.5
-41929.6
-41932.7
-41934.3
-41937.3
-41858.4
-41832.1
-41917.2
-41894.0
-41813.6
-41897.1
-41929.6
-41850.7
-41877.0
-41960.6
-41884.7
-41856.9
-41942.0
-41918.8
-41839.9
-41841.4
-41844.5
-41847.6
-41849.2
-41850.7
-41773.3
-41747.0
-41830.6
-41808.9
-41728.5
-41730.0
-41733.1
-41736.2
-41737.8
-41740.9
-41742.4
-41745.5
-41748.6
-41697.5
-41618.6
-41700.6
-41733.1
-41654.2
-41680.5
-41764.1
-41688.2
-41660.4
-41745.5
-41722.3
-41643.4
-41725.4
-41757.9
-41679.0
-41652.7
-41654.2
-41657.3
-41660.4
-41661.9
-41610.9
-41532.0
-41614.0
-41646.5
-41567.6
-41593.9
-41679.0
-41521.1
-41412.8
-41414.4
-41470.1
-41555.2
-41559.8
-41561.4
-41564.5
-41513.4
-41434.5
-41436.0
-41437.6
-41440.7
-41442.2
-41445.3
-41448.4
-41451.5
-41453.1
-41454.6
-41457.7
-41460.8
-41436.0
-41357.1
-41385.0
-41470.1
-41392.7
-41338.6
-41341.7
-41344.8
-41347.9
-41349.4
-41351.0
-41354.0
-41357.1
-41360.2
-41361.8
-41363.3
-41366.4
-41369.5
-41371.1
-41293.7
-41241.1
-41242.6
-41245.7
-41247.3
-41250.4
-41253.5
-41256.6
-41258.1
-41259.7
-41262.8
-41265.9
-41267.4
-41270.5
-41273.6
-41275.1
-41278.2
-41279.8
-41282.9
-41286.0
-41207.1
-41154.5
-41156.0
-41159.1
-41162.2
-41163.7
-41166.8
-41168.4
-41171.5
-41174.6
-41176.1
-41179.2
-41182.3
-41183.9
-41185.4
-41108.0
-41081.7
-41165.3
-41143.6
-41063.2
-41064.7
-41067.8
-41070.9
-41072.5
-41075.5
-41077.1
-41080.2
-41081.7
-41084.8
-41087.9
-41091.0
-41092.6
-41094.1
-41044.6
-40965.7
-40967.2
-40968.8
-40971.9
-40973.4
-40976.5
-40978.1
-40981.2
-40984.3
-40985.8
-40988.9
-40990.4
-40993.5
-40996.6
-40998.2
-40999.7
-40922.4
-40869.8
-40872.9
-40874.4
-40877.5
-40879.0
-40882.1
-40883.7
-40886.8
-40889.9
-40893.0
-40868.2
-40789.3
-40815.6
-40900.7
-40823.3
-40795.5
-40880.6
-40858.9
-40780.0
-40780.0
-40783.1
-40786.2
-40787.8
-40789.3
-40711.9
-40685.6
-40769.2
-40800.1
-40801.7
-40804.8
-40781.6
-40701.1
-40729.0
-40814.1
-40736.7
-40710.4
-40794.0
-40772.3
-40693.4
-40773.8
-40806.3
-40727.4
-40701.1
-40702.7
-40705.8
-40682.6
-40603.6
-40629.9
-40713.5
-40637.7
-40585.1
-40586.6
-40588.2
-40591.3
-40594.4
-40597.5
-40599.0
-40602.1
-40603.6
-40606.7
-40608.3
-40611.4
-40560.3
-40481.4
-40563.4
-40594.4
-40515.5
-40543.3
-40626.9
-40551.0
-40496.9
-40498.4
-40501.5
-40504.6
-40507.7
-40484.5
-40404.1
-40431.9
-40515.5
-40438.1
-40410.2
-40495.3
-40473.7
-40393.2
-40475.2
-40507.7
-40428.8
-40402.5
-40404.1
-40407.1
-40410.2
-40411.8
-40414.9
-40418.0
-40419.5
-40394.8
-40315.9
-40291.1
-40294.2
-40295.7
-40323.6
-40408.7
-40385.5
-40306.6
-40308.1
-40309.7
-40312.8
-40314.3
-40317.4
-40240.0
-40212.2
-40295.7
-40274.1
-40195.2
-40275.6
-40308.1
-40229.2
-40202.9
-40204.5
-40207.6
-40237.0
-40320.5
-40297.3
-40218.4
-40219.9
-40223.0
-40224.6
-40227.7
-40230.8
-40151.9
-40124.0
-40209.1
-40185.9
-40107.0
-40189.0
-40221.5
-40141.0
-40114.7
-40117.8
-40120.9
-40124.0
-40125.6
-40074.5
-39995.6
-40076.0
-40108.5
-40029.6
-40057.5
-40141.0
-40063.7
-40037.4
-40120.9
-40097.7
-40018.8
-40020.3
-40023.4
-40025.0
-40028.1
-40031.2
-40032.7
-40034.3
-40037.4
-39986.3
-39907.4
-39989.4
-40021.9
-39941.4
-39969.3
-40052.8
-39975.5
-39922.9
-39926.0
-39927.5
-39930.6
-39932.2
-39935.2
-39938.3
-39939.9
-39941.4
-39944.5
-39947.6
-39949.2
-39898.1
-39819.2
-39820.8
-39822.3
-39825.4
-39826.9
-39830.0
-39833.1
-39834.7
-39836.2
-39839.3
-39842.4
-39844.0
-39820.8
-39741.8
-39769.7
-39853.2
-39856.3
-39859.4
-39862.5
-39811.5
-39731.0
-39813.0
-39845.5
-39765.1
-39740.3
-39741.8
-39744.9
-39746.5
-39749.6
-39698.5
-39618.1
-39700.1
-39732.6
-39653.7
-39680.0
-39765.1
-39687.7
-39659.8
-39744.9
-39721.7
-39642.8
-39644.4
-39645.9
-39649.0
-39652.1
-39653.7
-39656.7
-39658.3
-39661.4
-39662.9
-39666.0
-39667.6
-39644.4
-39565.5
-39539.2
-39540.7
-39543.8
-39573.2
-39656.7
-39633.5
-39554.6
-39556.2
-39557.7
-39560.8
-39562.4
-39565.5
-39486.6
-39460.3
-39543.8
-39522.1
-39443.2
-39443.2
-39444.8
-39447.9
-39451.0
-39452.5
-39455.6
-39457.2
-39460.3
-39409.2
-39330.3
-39410.7
-39469.5
-39472.6
-39474.2
-39475.7
-39398.4
-39372.1
-39455.6
-39432.4
-39353.5
-39355.0
-39356.6
-39359.7
-39361.2
-39364.3
-39365.9
-39369.0
-39370.5
-39321.0
-39242.1
-39322.5
-39355.0
-39276.1
-39249.8
-39251.4
-39254.5
-39256.0
-39259.1
-39260.7
-39263.8
-39265.3
-39268.4
-39271.5
-39273.0
-39274.6
-39277.7
-39280.8
-39282.3
-39285.4
-39287.0
-39209.6
-39155.4
-39158.5
-39214.2
-39297.8
-39220.4
-39167.8
-39169.4
-39119.9
-39041.0
-39121.4
-39153.9
-39075.0
-39101.3
-39184.8
-39109.0
-39081.2
-39164.7
-39143.1
-39064.2
-39064.2
-39067.3
-39070.4
-39071.9
-39073.4
-38996.1
-38968.2
-39053.3
-39030.1
-38951.2
-39033.2
-39064.2
-38985.3
-39013.1
-39096.7
-39019.3
-38993.0
-39076.5
-39054.9
-38976.0
-38976.0
-38977.5
-38980.6
-38983.7
-38985.3
-38907.9
-38880.0
-38963.6
-38941.9
-38863.0
-38943.5
-38976.0
-38895.5
-38923.4
-39006.9
-38929.6
-38903.3
-38986.8
-38965.1
-38884.7
-38886.2
-38889.3
-38890.9
-38894.0
-38897.1
-38818.2
-38790.3
-38875.4
-38852.2
-38771.7
-38853.7
-38886.2
-38807.3
-38833.6
-38917.2
-38841.4
-38813.5
-38897.1
-38821.2
-38661.9
-38740.8
-38773.3
-38694.4
-38720.7
-38804.2
-38728.4
-38700.6
-38784.1
-38762.5
-38683.5
-38765.5
-38796.5
-38717.6
-38691.3
-38692.8
-38615.5
-38589.2
-38672.7
-38649.5
-38570.6
-38652.6
-38683.5
-38604.6
-38630.9
-38716.0
-38638.7
-38610.8
-38695.9
-38672.7
-38593.8
-38675.8
-38708.3
-38627.8
-38601.5
-38604.6
-38606.2
-38609.3
-38612.4
-38561.3
-38480.9
-38561.3
-38567.5
-38408.1
-38459.2
-38624.8
-38468.5
-38386.5
-38470.0
-38501.0
-38504.1
-38505.6
-38480.9
-38402.0
-38429.8
-38513.4
-38516.4
-38518.0
-38521.1
-38470.0
-38391.1
-38473.1
-38479.3
-38316.9
-38369.5
-38535.0
-38459.2
-38431.4
-38516.4
-38494.8
-38414.3
-38494.8
-38501.0
-38341.6
-38338.5
-38423.6
-38346.3
-38320.0
-38403.5
-38380.3
-38301.4
-38302.9
-38304.5
-38307.6
-38256.5
-38176.1
-38177.6
-38180.7
-38182.2
-38185.3
-38186.9
-38190.0
-38191.5
-38194.6
-38196.2
-38199.3
-38200.8
-38203.9
-38205.5
-38208.6
-38210.1
-38131.2
-38104.9
-38188.4
-38166.8
-38086.3
-38087.9
-38091.0
-38092.5
-38095.6
-38097.2
-38100.2
-38101.8
-38103.3
-38106.4
-38109.5
-38111.1
-38112.6
-38115.7
-38118.8
-38120.4
-38043.0
-38015.1
-38098.7
-38075.5
-37996.6
-38078.6
-38111.1
-38030.6
-38004.3
-38007.4
-38009.0
-38012.1
-38013.6
-38015.1
-38018.2
-38019.8
-38022.9
-38026.0
-38027.5
-38029.1
-37951.7
-37925.4
-38009.0
-37985.8
-37905.3
-37987.3
-38019.8
-37940.9
-37914.6
-37917.7
-37919.2
-37920.8
-37922.3
-37925.4
-37928.5
-37930.1
-37906.8
-37827.9
-37854.2
-37937.8
-37862.0
-37807.8
-37810.9
-37812.5
-37814.0
-37817.1
-37820.2
-37821.7
-37824.8
-37826.4
-37829.5
-37831.0
-37832.6
-37781.5
-37702.6
-37784.6
-37841.9
-37845.0
-37793.9
-37713.4
-37715.0
-37716.5
-37719.6
-37722.7
-37724.3
-37727.4
-37728.9
-37732.0
-37733.6
-37735.1
-37738.2
-37739.7
-37742.8
-37691.8
-37612.9
-37693.3
-37752.1
-37753.7
-37755.2
-37758.3
-37680.9
-37653.1
-37736.6
-37715.0
-37634.5
-37636.1
-37637.6
-37640.7
-37589.7
-37509.2
-37591.2
-37623.7
-37544.8
-37516.9
-37520.0
-37523.1
-37524.7
-37526.2
-37476.7
-37397.8
-37478.3
-37535.5
-37538.6
-37540.2
-37543.2
-37464.3
-37436.5
-37520.0
-37498.4
-37419.5
-37499.9
-37532.4
-37453.5
-37479.8
-37564.9
-37487.5
-37459.7
-37543.2
-37521.6
-37441.1
-37442.7
-37419.5
-37340.6
-37366.9
-37450.4
-37374.6
-37346.8
-37430.3
-37408.6
-37329.7
-37410.2
-37442.7
-37362.2
-37388.5
-37473.6
-37396.3
-37368.4
-37452.0
-37430.3
-37351.4
-37351.4
-37328.2
-37249.3
-37275.6
-37359.1
-37283.3
-37255.5
-37339.0
-37317.4
-37236.9
-37318.9
-37349.8
-37270.9
-37298.8
-37382.3
-37305.0
-37252.4
-37253.9
-37202.9
-37124.0
-37204.4
-37236.9
-37158.0
-37184.3
-37267.8
-37192.0
-37164.2
-37247.7
-37226.1
-37147.2
-37147.2
-37150.3
-37151.8
-37153.3
-37156.4
-37077.5
-37049.7
-37133.2
-37111.6
-37032.7
-37114.7
-37145.6
-37065.2
-37093.0
-37178.1
-37100.7
-37072.9
-37156.4
-37134.8
-37055.9
-37055.9
-37032.7
-36953.8
-36980.1
-37063.6
-36986.2
-36958.4
-37043.5
-37020.3
-36941.4
-37021.8
-37054.3
-36975.4
-37001.7
-37085.3
-37007.9
-36955.3
-36958.4
-36959.9
-36961.5
-36964.6
-36967.7
-36969.2
-36970.8
-36972.3
-36895.0
-36868.7
-36952.2
-36929.0
-36848.5
-36930.5
-36963.0
-36884.1
-36856.3
-36859.4
-36862.5
-36864.0
-36865.6
-36868.7
-36870.2
-36873.3
-36874.8
-36877.9
-36879.5
-36881.0
-36884.1
-36860.9
-36780.5
-36754.2
-36755.7
-36758.8
-36761.9
-36763.4
-36765.0
-36766.5
-36769.6
-36772.7
-36774.3
-36775.8
-36777.4
-36780.5
-36783.6
-36785.1
-36786.7
-36789.8
-36712.4
-36684.5
-36768.1
-36746.4
-36667.5
-36748.0
-36780.5
-36700.0
-36673.7
-36676.8
-36678.4
-36679.9
-36683.0
-36684.5
-36687.6
-36689.2
-36666.0
-36585.5
-36611.8
-36695.4
-36619.6
-36591.7
-36675.3
-36653.6
-36574.7
-36576.2
-36577.8
-36579.3
-36582.4
-36585.5
-36587.1
-36588.6
-36590.2
-36591.7
-36594.8
-36597.9
-36573.1
-36494.2
-36520.5
-36604.1
-36528.3
-36500.4
-36584.0
-36560.8
-36481.9
-36483.4
-36485.0
-36488.0
-36489.6
-36491.1
-36494.2
-36497.3
-36498.9
-36500.4
-36502.0
-36505.1
-36481.9
-36401.4
-36375.1
-36376.6
-36379.7
-36409.1
-36492.7
-36469.5
-36389.0
-36390.6
-36393.7
-36395.2
-36398.3
-36399.9
-36322.5
-36268.3
-36269.9
-36273.0
-36274.5
-36356.5
-36389.0
-36310.1
-36283.8
-36285.4
-36286.9
-36290.0
-36293.1
-36294.6
-36296.2
-36297.7
-36300.8
-36303.9
-36305.5
-36307.0
-36229.7
-36201.8
-36285.4
-36263.7
-36183.2
-36265.2
-36296.2
-36217.3
-36191.0
-36194.1
-36195.6
-36197.2
-36198.7
-36201.8
-36204.9
-36206.5
-36208.0
-36209.5
-36212.6
-36215.7
-36136.8
-36109.0
-36192.5
-36170.9
-36092.0
-36172.4
-36204.9
-36124.4
-36098.1
-36101.2
-36102.8
-36105.9
-36107.4
-36056.4
-35975.9
-36057.9
-36090.4
-36011.5
-36037.8
-36121.4
-36044.0
-36017.7
-36101.2
-36078.0
-35999.1
-36079.6
-36112.1
-36033.2
-36006.9
-36008.4
-36010.0
-36011.5
-36014.6
-35963.5
-35884.6
-35965.1
-35997.6
-35918.7
-35945.0
-36028.5
-35951.2
-35923.3
-36006.9
-35985.2
-35906.3
-35986.7
-36019.2
-35938.8
-35914.0
-35915.6
-35918.7
-35920.2
-35921.8
-35870.7
-35790.2
-35872.3
-35904.7
-35825.8
-35852.1
-35935.7
-35859.9
-35805.7
-35807.3
-35810.4
-35811.9
-35893.9
-35926.4
-35847.5
-35821.2
-35822.7
-35824.3
-35825.8
-35828.9
-35777.9
-35699.0
-35779.4
-35811.9
-35731.5
-35759.3
-35842.9
-35767.0
-35737.6
-35822.7
-35799.5
-35719.1
-35801.1
-35833.6
-35754.7
-35726.8
-35729.9
-35731.5
-35734.5
-35736.1
-35685.0
-35606.1
-35686.6
-35719.1
-35640.2
-35666.5
-35750.0
-35672.7
-35618.5
-35621.6
-35623.1
-35626.2
-35708.2
-35740.7
-35660.3
-35634.0
-35635.5
-35558.2
-35530.3
-35613.9
-35592.2
-35511.7
-35593.8
-35626.2
-35547.3
-35573.6
-35657.2
-35579.8
-35499.4
-35420.5
-35448.3
-35531.9
-35615.4
-35646.4
-35567.4
-35488.5
-35409.6
-35490.1
-35573.6
-35657.2
-35581.4
-35420.5
-35420.5
-35422.0
-35425.1
-35426.7
-35428.2
-35429.7
-35432.8
-35435.9
-35437.5
-35439.0
-35440.6
-35443.7
-35445.2
-35448.3
-35449.9
-35453.0
-35454.5
-35456.1
-35405.0
-35326.1
-35327.6
-35329.2
-35330.7
-35332.3
-35335.4
-35336.9
-35340.0
-35341.6
-35344.7
-35346.2
-35347.7
-35349.3
