IEC 61083-2 TDG Version 2.1.0
Data File Version  2.1.0
20 LI-M8
16 bits, 7993 samples at 10ns
1.000000e-008
-82.32
-1.52
25.91
-54.88
-28.96
53.35
-28.96
-54.88
25.91
53.35
53.35
53.35
25.91
-54.88
-28.96
53.35
53.35
53.35
53.35
-1.52
-82.32
-1.52
25.91
-54.88
-28.96
53.35
-28.96
-54.88
25.91
-1.52
-82.32
-1.52
25.91
-54.88
-28.96
53.35
-28.96
-54.88
25.91
-1.52
-82.32
-1.52
25.91
-54.88
-28.96
53.35
-28.96
-54.88
25.91
53.35
53.35
53.35
25.91
-54.88
-28.96
53.35
-28.96
-54.88
25.91
53.35
53.35
53.35
25.91
-54.88
-28.96
53.35
-28.96
-54.88
25.91
-1.52
-82.32
-1.52
25.91
-54.88
-28.96
53.35
53.35
53.35
53.35
-1.52
-82.32
-1.52
25.91
-54.88
-28.96
53.35
-28.96
-54.88
25.91
53.35
53.35
53.35
25.91
-54.88
-28.96
53.35
-28.96
-54.88
25.91
-1.52
-82.32
-1.52
25.91
-54.88
-28.96
53.35
-28.96
-54.88
25.91
-1.52
-82.32
-1.52
25.91
-54.88
-28.96
53.35
53.35
53.35
53.35
-1.52
-82.32
-1.52
25.91
-54.88
-28.96
53.35
-28.96
-54.88
25.91
-1.52
-82.32
-1.52
25.91
-54.88
-28.96
53.35
53.35
53.35
53.35
-1.52
-82.32
-1.52
53.35
53.35
53.35
53.35
-28.96
-54.88
25.91
-1.52
-82.32
-1.52
25.91
-54.88
-28.96
53.35
-28.96
-54.88
25.91
-1.52
-82.32
-1.52
25.91
-54.88
-28.96
53.35
-28.96
-54.88
25.91
-1.52
-82.32
-1.52
25.91
-54.88
-28.96
53.35
53.35
53.35
53.35
-1.52
-82.32
-1.52
25.91
-54.88
-28.96
53.35
-28.96
-54.88
25.91
53.35
53.35
53.35
25.91
-54.88
-28.96
53.35
53.35
53.35
53.35
-1.52
-82.32
-1.52
53.35
53.35
53.35
53.35
-28.96
-54.88
25.91
53.35
53.35
53.35
25.91
-54.88
-28.96
53.35
53.35
53.35
53.35
-1.52
-82.32
-1.52
53.35
53.35
53.35
53.35
53.35
53.35
53.35
-1.52
-82.32
-1.52
25.91
-54.88
-28.96
53.35
-28.96
-54.88
25.91
53.35
53.35
53.35
53.35
53.35
53.35
53.35
53.35
53.35
53.35
53.35
53.35
53.35
25.91
-54.88
-28.96
53.35
-28.96
-54.88
25.91
-1.52
-82.32
-1.52
25.91
-54.88
-28.96
53.35
-28.96
-54.88
25.91
-1.52
-82.32
-1.52
25.91
-54.88
-28.96
53.35
-28.96
-54.88
25.91
53.35
53.35
53.35
53.35
53.35
53.35
53.35
-28.96
-54.88
25.91
-1.52
-82.32
-1.52
25.91
-54.88
-28.96
53.35
-28.96
-54.88
25.91
-1.52
-82.32
-1.52
53.35
53.35
53.35
53.35
-28.96
-54.88
25.91
53.35
53.35
53.35
25.91
-54.88
-28.96
53.35
-28.96
-54.88
25.91
-1.52
-82.32
-1.52
25.91
-54.88
-28.96
53.35
-28.96
-54.88
25.91
-1.52
-82.32
-1.52
25.91
-54.88
-28.96
53.35
53.35
53.35
53.35
-1.52
-82.32
-1.52
25.91
-54.88
-28.96
53.35
-28.96
-54.88
25.91
53.35
53.35
53.35
25.91
-54.88
-28.96
53.35
53.35
53.35
53.35
-1.52
-82.32
-1.52
53.35
53.35
53.35
53.35
-28.96
-54.88
25.91
-1.52
-82.32
-1.52
25.91
-54.88
-28.96
53.35
53.35
53.35
53.35
-1.52
-82.32
-1.52
25.91
-54.88
-28.96
53.35
-28.96
-54.88
25.91
-1.52
-82.32
-1.52
25.91
-54.88
-28.96
53.35
53.35
53.35
53.35
-1.52
-82.32
-1.52
25.91
-54.88
-28.96
53.35
-28.96
-54.88
25.91
-1.52
-82.32
-1.52
25.91
-54.88
-28.96
53.35
-28.96
-54.88
25.91
-1.52
-82.32
-1.52
25.91
-54.88
-28.96
53.35
-28.96
-54.88
25.91
53.35
53.35
53.35
25.91
-54.88
-28.96
53.35
53.35
53.35
53.35
-1.52
-82.32
-1.52
25.91
-54.88
-28.96
53.35
-28.96
-54.88
25.91
-1.52
-82.32
-1.52
25.91
-54.88
-28.96
53.35
-28.96
-54.88
25.91
-1.52
-82.32
-1.52
25.91
-54.88
-28.96
53.35
-28.96
-54.88
25.91
-1.52
-82.32
-1.52
25.91
-54.88
-28.96
53.35
-28.96
-54.88
25.91
-1.52
-82.32
-1.52
53.35
53.35
53.35
53.35
-28.96
-54.88
25.91
-1.52
-82.32
-1.52
25.91
-54.88
-28.96
53.35
-28.96
-54.88
25.91
-1.52
-82.32
-1.52
53.35
53.35
53.35
53.35
-28.96
-54.88
25.91
-1.52
-82.32
-1.52
25.91
-54.88
-28.96
53.35
53.35
53.35
53.35
-1.52
-82.32
-1.52
25.91
-54.88
-28.96
53.35
-28.96
-54.88
25.91
-1.52
-82.32
-1.52
25.91
-54.88
-28.96
53.35
-28.96
-54.88
25.91
-1.52
-82.32
-1.52
25.91
-54.88
-28.96
53.35
-28.96
-54.88
25.91
53.35
53.35
53.35
25.91
-54.88
-28.96
53.35
-28.96
-54.88
25.91
-1.52
-82.32
-1.52
25.91
-54.88
-28.96
53.35
-28.96
-54.88
25.91
-1.52
-82.32
-1.52
25.91
-54.88
-28.96
53.35
-28.96
-54.88
25.91
-1.52
-82.32
-1.52
25.91
-54.88
-28.96
53.35
-28.96
-54.88
25.91
-1.52
-82.32
-1.52
25.91
-54.88
-28.96
53.35
-28.96
-54.88
25.91
-1.52
-82.32
-1.52
25.91
-54.88
-28.96
53.35
-28.96
-54.88
25.91
-1.52
-82.32
-1.52
25.91
-54.88
-28.96
53.35
-28.96
-54.88
25.91
-1.52
-82.32
-1.52
25.91
-54.88
-28.96
53.35
-28.96
-54.88
25.91
53.35
53.35
53.35
53.35
53.35
53.35
53.35
53.35
53.35
53.35
-1.52
-82.32
-1.52
25.91
-54.88
-28.96
53.35
-28.96
-54.88
25.91
53.35
53.35
53.35
25.91
-54.88
-28.96
53.35
-28.96
-54.88
25.91
-1.52
-82.32
-1.52
53.35
53.35
53.35
53.35
-28.96
-54.88
25.91
53.35
53.35
53.35
25.91
-54.88
-28.96
53.35
-28.96
-54.88
25.91
-1.52
-82.32
-1.52
25.91
-54.88
-28.96
53.35
53.35
53.35
53.35
53.35
53.35
53.35
25.91
-54.88
-28.96
53.35
53.35
53.35
53.35
-1.52
-82.32
-1.52
53.35
53.35
53.35
53.35
-28.96
-54.88
25.91
-1.52
-82.32
-1.52
25.91
-54.88
-28.96
53.35
53.35
53.35
53.35
-1.52
-82.32
80.79
135.67
-27.44
-28.96
53.35
-28.96
-54.88
25.91
53.35
53.35
53.35
25.91
-54.88
-28.96
53.35
53.35
53.35
53.35
-1.52
-82.32
-1.52
53.35
53.35
53.35
53.35
-28.96
-54.88
25.91
53.35
53.35
53.35
25.91
-54.88
-28.96
53.35
53.35
53.35
53.35
-54.88
-217.99
-217.99
-190.55
-109.75
-137.19
-217.99
-463.41
-681.39
-844.50
-1280.47
-1850.59
-1524.37
-1225.60
-980.17
-952.73
-1035.05
-1524.37
-1960.34
-2286.56
-2777.41
-3350.57
-3920.69
-4737.75
-6044.14
-7132.54
-8112.72
-8847.46
-9527.33
-10098.97
-11051.71
-12194.99
-12685.84
-13257.48
-13992.22
-14836.73
-15734.58
-17286.39
-18755.89
-20063.80
-21423.54
-22812.25
-24036.32
-25371.67
-26923.48
-28365.54
-29752.72
-30815.21
-31822.82
-32720.67
-33781.64
-34924.92
-35905.09
-36940.14
-38081.90
-39389.81
-40778.51
-42165.69
-43526.96
-44833.35
-46194.61
-47581.79
-48725.07
-49842.44
-50904.93
-51802.78
-52619.85
-53353.07
-54060.38
-54714.33
-55258.54
-55749.38
-56484.13
-57273.76
-58171.61
-59179.22
-60240.19
-61220.36
-62227.97
-63288.93
-64351.42
-65412.39
-66310.24
-67182.18
-67999.25
-68596.80
-69087.65
-69576.97
-70038.86
-70447.39
-70802.57
-71128.79
-71618.11
-72217.19
-73034.25
-73741.56
-74395.52
-75211.06
-76028.12
-76843.66
-77607.37
-78342.12
-78831.45
-79267.42
-79593.63
-79921.37
-80247.59
-80656.12
-80954.90
-81037.21
-81227.76
-81473.18
-81881.72
-82316.16
-82807.01
-83241.46
-83649.99
-84221.63
-84765.83
-85255.16
-85800.88
-86372.52
-86535.63
-86726.18
-86971.60
-87162.15
-87325.25
-87488.36
-87596.59
-87596.59
-87759.70
-88005.12
-88332.86
-88631.64
-88875.54
-89120.97
-89366.39
-89774.92
-90183.45
-90591.99
-90890.76
-91134.66
-91216.98
-91326.73
-91489.84
-91652.95
-91816.06
-91896.85
-91979.17
-92061.48
-92197.15
-92360.26
-92523.37
-92686.48
-92851.11
-93067.57
-93312.99
-93558.42
-93831.28
-94157.50
-94375.48
-94538.59
-94619.38
-94701.70
-94784.01
-94811.45
-94811.45
-94974.56
-95110.23
-95191.02
-95218.46
-95218.46
-95383.09
-95546.20
-95709.31
-95872.42
-96035.52
-96116.32
-96226.07
-96389.18
-96497.41
-96579.72
-96660.52
-96742.83
-96823.62
-96851.06
-96851.06
-96933.38
-97015.70
-97096.49
-97123.93
-97123.93
-97206.24
-97287.03
-97369.35
-97505.02
-97669.65
-97750.44
-97832.76
-97913.55
-97940.99
-97940.99
-98104.10
-98239.77
-98322.08
-98294.65
-98212.33
-98294.65
-98349.52
-98349.52
-98404.40
-98485.19
-98404.40
-98404.40
-98567.51
-98675.74
-98756.53
-98756.53
-98756.53
-98756.53
-98811.41
-98892.20
-98892.20
-98892.20
-98892.20
-98892.20
-98892.20
-98976.04
-99003.48
-98919.64
-98948.60
-99030.92
-99030.92
-99056.83
-99139.15
-99166.59
-99166.59
-99247.38
-99302.26
-99302.26
-99355.61
-99437.93
-99355.61
-99329.69
-99410.49
-99437.93
-99437.93
-99437.93
-99437.93
-99437.93
-99437.93
-99437.93
-99437.93
-99465.36
-99546.16
-99573.59
-99573.59
-99573.59
-99573.59
-99573.59
-99573.59
-99573.59
-99573.59
-99601.03
-99681.82
-99654.39
-99573.59
-99573.59
-99573.59
-99573.59
-99573.59
-99573.59
-99573.59
-99601.03
-99681.82
-99709.26
-99709.26
-99709.26
-99709.26
-99709.26
-99709.26
-99709.26
-99709.26
-99709.26
-99709.26
-99709.26
-99709.26
-99709.26
-99709.26
-99709.26
-99709.26
-99709.26
-99709.26
-99709.26
-99709.26
-99709.26
-99709.26
-99709.26
-99709.26
-99709.26
-99709.26
-99709.26
-99709.26
-99709.26
-99709.26
-99709.26
-99709.26
-99709.26
-99681.82
-99601.03
-99628.47
-99709.26
-99709.26
-99709.26
-99709.26
-99654.39
-99573.59
-99573.59
-99573.59
-99573.59
-99573.59
-99573.59
-99573.59
-99573.59
-99573.59
-99573.59
-99573.59
-99573.59
-99573.59
-99573.59
-99573.59
-99573.59
-99573.59
-99573.59
-99573.59
-99573.59
-99573.59
-99491.28
-99437.93
-99437.93
-99437.93
-99437.93
-99437.93
-99437.93
-99437.93
-99437.93
-99437.93
-99437.93
-99437.93
-99437.93
-99437.93
-99437.93
-99437.93
-99437.93
-99437.93
-99383.05
-99302.26
-99302.26
-99302.26
-99302.26
-99302.26
-99302.26
-99302.26
-99302.26
-99302.26
-99302.26
-99302.26
-99302.26
-99274.82
-99192.50
-99166.59
-99166.59
-99166.59
-99166.59
-99166.59
-99166.59
-99166.59
-99166.59
-99139.15
-99056.83
-99084.27
-99166.59
-99084.27
-99030.92
-99030.92
-99030.92
-99030.92
-99030.92
-99003.48
-98919.64
-98948.60
-99030.92
-98947.08
-98921.16
-99003.48
-98974.52
-98892.20
-98892.20
-98892.20
-98892.20
-98892.20
-98892.20
-98811.41
-98783.97
-98866.29
-98838.85
-98756.53
-98838.85
-98866.29
-98783.97
-98756.53
-98756.53
-98756.53
-98783.97
-98866.29
-98783.97
-98620.86
-98703.18
-98730.62
-98648.30
-98675.74
-98756.53
-98675.74
-98620.86
-98620.86
-98620.86
-98620.86
-98620.86
-98593.42
-98512.63
-98540.07
-98620.86
-98457.75
-98404.40
-98567.51
-98567.51
-98485.19
-98485.19
-98485.19
-98485.19
-98485.19
-98485.19
-98404.40
-98376.96
-98457.75
-98431.84
-98349.52
-98431.84
-98457.75
-98376.96
-98349.52
-98349.52
-98349.52
-98349.52
-98349.52
-98294.65
-98212.33
-98131.54
-98104.10
-98184.89
-98157.45
-98076.66
-98076.66
-98076.66
-98076.66
-98076.66
-98076.66
-98076.66
-98076.66
-98076.66
-98021.78
-97940.99
-98021.78
-98049.22
-97968.43
-97940.99
-97940.99
-97940.99
-97940.99
-97940.99
-97886.11
-97805.32
-97805.32
-97805.32
-97805.32
-97805.32
-97805.32
-97805.32
-97805.32
-97805.32
-97750.44
-97669.65
-97750.44
-97777.88
-97695.57
-97669.65
-97669.65
-97669.65
-97669.65
-97669.65
-97669.65
-97669.65
-97669.65
-97642.21
-97559.90
-97587.34
-97669.65
-97587.34
-97532.46
-97532.46
-97532.46
-97532.46
-97532.46
-97505.02
-97422.70
-97450.14
-97532.46
-97450.14
-97422.70
-97505.02
-97477.58
-97395.26
-97395.26
-97395.26
-97395.26
-97395.26
-97395.26
-97314.47
-97259.60
-97259.60
-97259.60
-97259.60
-97259.60
-97233.68
-97151.36
-97178.80
-97259.60
-97259.60
-97259.60
-97259.60
-97206.24
-97123.93
-97123.93
-97123.93
-97123.93
-97070.57
-96988.26
-96988.26
-96988.26
-96988.26
-96988.26
-96988.26
-96988.26
-96988.26
-96988.26
-96933.38
-96851.06
-96851.06
-96851.06
-96851.06
-96851.06
-96851.06
-96770.27
-96715.39
-96715.39
-96715.39
-96715.39
-96796.19
-96823.62
-96742.83
-96715.39
-96715.39
-96715.39
-96715.39
-96715.39
-96660.52
-96579.72
-96579.72
-96579.72
-96579.72
-96579.72
-96579.72
-96497.41
-96471.49
-96552.29
-96524.85
-96444.06
-96524.85
-96552.29
-96471.49
-96444.06
-96444.06
-96444.06
-96444.06
-96444.06
-96389.18
-96308.39
-96308.39
-96308.39
-96308.39
-96308.39
-96308.39
-96308.39
-96308.39
-96308.39
-96253.51
-96171.19
-96253.51
-96280.95
-96198.63
-96171.19
-96171.19
-96171.19
-96171.19
-96171.19
-96116.32
-96035.52
-96035.52
-96035.52
-96035.52
-96035.52
-96035.52
-96035.52
-96035.52
-96035.52
-95980.65
-95898.33
-95898.33
-95898.33
-95898.33
-95898.33
-95898.33
-95898.33
-95898.33
-95898.33
-95844.98
-95762.66
-95762.66
-95762.66
-95762.66
-95762.66
-95762.66
-95762.66
-95762.66
-95762.66
-95709.31
-95626.99
-95709.31
-95736.75
-95654.43
-95626.99
-95626.99
-95626.99
-95626.99
-95626.99
-95573.64
-95491.32
-95491.32
-95491.32
-95491.32
-95491.32
-95491.32
-95491.32
-95491.32
-95491.32
-95436.44
-95354.13
-95354.13
-95354.13
-95354.13
-95354.13
-95354.13
-95354.13
-95354.13
-95354.13
-95299.25
-95218.46
-95218.46
-95218.46
-95218.46
-95218.46
-95218.46
-95218.46
-95218.46
-95218.46
-95218.46
-95218.46
-95218.46
-95191.02
-95110.23
-95082.79
-95082.79
-95082.79
-95082.79
-95082.79
-95082.79
-95082.79
-95000.47
-94947.12
-94947.12
-94947.12
-94947.12
-94864.80
-94838.89
-94919.68
-94892.24
-94811.45
-94811.45
-94811.45
-94811.45
-94811.45
-94811.45
-94811.45
-94811.45
-94811.45
-94756.57
-94674.26
-94674.26
-94674.26
-94674.26
-94674.26
-94674.26
-94674.26
-94674.26
-94674.26
-94619.38
-94538.59
-94619.38
-94646.82
-94564.50
-94538.59
-94538.59
-94538.59
-94538.59
-94538.59
-94483.71
-94401.40
-94483.71
-94511.15
-94428.83
-94456.27
-94538.59
-94456.27
-94401.40
-94401.40
-94348.04
-94265.73
-94348.04
-94375.48
-94293.16
-94265.73
-94265.73
-94265.73
-94265.73
-94265.73
-94212.37
-94130.06
-94212.37
-94239.81
-94157.50
-94184.93
-94265.73
-94184.93
-94130.06
-94130.06
-94075.18
-93992.86
-94075.18
-94102.62
-94020.30
-94047.74
-94130.06
-94047.74
-93965.42
-93884.63
-93857.19
-93857.19
-93857.19
-93857.19
-93857.19
-93857.19
-93857.19
-93857.19
-93829.76
-93748.96
-93721.52
-93721.52
-93721.52
-93721.52
-93721.52
-93721.52
-93721.52
-93721.52
-93694.09
-93613.29
-93585.86
-93585.86
-93585.86
-93585.86
-93585.86
-93585.86
-93585.86
-93585.86
-93558.42
-93477.63
-93450.19
-93450.19
-93450.19
-93450.19
-93450.19
-93395.31
-93312.99
-93395.31
-93450.19
-93450.19
-93395.31
-93312.99
-93312.99
-93312.99
-93312.99
-93258.12
-93177.32
-93258.12
-93285.55
-93203.24
-93230.68
-93312.99
-93230.68
-93177.32
-93177.32
-93177.32
-93177.32
-93177.32
-93149.88
-93067.57
-93095.01
-93177.32
-93095.01
-93041.65
-93041.65
-93041.65
-93041.65
-93041.65
-93014.22
-92931.90
-92959.34
-93041.65
-92959.34
-92904.46
-92904.46
-92851.11
-92768.79
-92851.11
-92904.46
-92904.46
-92904.46
-92904.46
-92823.67
-92768.79
-92768.79
-92768.79
-92768.79
-92686.48
-92631.60
-92631.60
-92631.60
-92631.60
-92631.60
-92631.60
-92631.60
-92631.60
-92631.60
-92631.60
-92631.60
-92631.60
-92578.24
-92495.93
-92495.93
-92495.93
-92495.93
-92495.93
-92495.93
-92415.14
-92360.26
-92360.26
-92360.26
-92360.26
-92360.26
-92360.26
-92360.26
-92360.26
-92360.26
-92279.47
-92252.03
-92332.82
-92305.38
-92224.59
-92305.38
-92332.82
-92252.03
-92224.59
-92224.59
-92143.80
-92116.36
-92197.15
-92169.71
-92088.92
-92169.71
-92197.15
-92116.36
-92088.92
-92088.92
-92006.60
-91979.17
-92061.48
-92034.04
-91951.73
-91951.73
-91951.73
-91951.73
-91951.73
-91951.73
-91869.41
-91843.50
-91924.29
-91896.85
-91816.06
-91896.85
-91924.29
-91841.97
-91816.06
-91816.06
-91733.74
-91706.30
-91788.62
-91761.18
-91680.39
-91680.39
-91680.39
-91680.39
-91680.39
-91680.39
-91598.07
-91570.63
-91652.95
-91625.51
-91544.72
-91544.72
-91544.72
-91544.72
-91544.72
-91543.20
-91462.40
-91434.96
-91517.28
-91489.84
-91407.53
-91407.53
-91407.53
-91407.53
-91407.53
-91407.53
-91326.73
-91299.30
-91381.61
-91354.17
-91271.86
-91354.17
-91381.61
-91299.30
-91271.86
-91271.86
-91271.86
-91244.42
-91162.10
-91134.66
-91134.66
-91134.66
-91134.66
-91134.66
-91134.66
-91134.66
-91053.87
-90998.99
-90998.99
-90998.99
-90998.99
-91081.31
-91081.31
-90918.20
-90918.20
-90998.99
-90998.99
-90998.99
-90998.99
-90944.12
-90863.32
-90863.32
-90863.32
-90863.32
-90863.32
-90863.32
-90782.53
-90755.09
-90835.89
-90808.45
-90727.66
-90727.66
-90727.66
-90727.66
-90727.66
-90727.66
-90727.66
-90727.66
-90727.66
-90672.78
-90591.99
-90591.99
-90564.55
-90482.23
-90509.67
-90591.99
-90509.67
-90482.23
-90564.55
-90537.11
-90454.79
-90454.79
-90454.79
-90454.79
-90454.79
-90454.79
-90372.48
-90319.12
-90319.12
-90319.12
-90319.12
-90319.12
-90319.12
-90319.12
-90319.12
-90319.12
-90236.81
-90183.45
-90183.45
-90183.45
-90183.45
-90183.45
-90183.45
-90183.45
-90183.45
-90183.45
-90101.14
-90073.70
-90156.02
-90128.58
-90047.78
-90047.78
-90047.78
-90047.78
-90047.78
-90046.26
-89965.47
-89938.03
-90020.35
-89992.91
-89910.59
-89992.91
-90020.35
-89938.03
-89910.59
-89910.59
-89828.28
-89800.84
-89883.15
-89855.71
-89773.40
-89855.71
-89883.15
-89800.84
-89773.40
-89773.40
-89692.61
-89665.17
-89747.48
-89720.04
-89637.73
-89720.04
-89745.96
-89665.17
-89637.73
-89637.73
-89556.94
-89529.50
-89610.29
-89584.38
-89502.06
-89502.06
-89502.06
-89502.06
-89502.06
-89502.06
-89421.27
-89366.39
-89366.39
-89366.39
-89366.39
-89285.60
-89258.16
-89338.95
-89366.39
-89366.39
-89366.39
-89338.95
-89258.16
-89230.72
-89230.72
-89230.72
-89230.72
-89230.72
-89175.84
-89093.53
-89175.84
-89203.28
-89120.97
-89093.53
-89093.53
-89093.53
-89093.53
-89093.53
-89093.53
-89093.53
-89093.53
-89066.09
-88985.30
-88957.86
-88957.86
-88957.86
-88957.86
-88957.86
-88902.98
-88822.19
-88902.98
-88930.42
-88848.10
-88875.54
-88957.86
-88875.54
-88822.19
-88822.19
-88767.31
-88686.52
-88767.31
-88794.75
-88712.43
-88686.52
-88686.52
-88686.52
-88686.52
-88686.52
-88686.52
-88686.52
-88686.52
-88659.08
-88576.76
-88604.20
-88686.52
-88604.20
-88550.85
-88550.85
-88550.85
-88550.85
-88550.85
-88521.89
-88439.57
-88468.53
-88549.33
-88467.01
-88439.57
-88523.41
-88494.45
-88412.13
-88412.13
-88412.13
-88412.13
-88358.78
-88276.46
-88276.46
-88276.46
-88276.46
-88276.46
-88276.46
-88276.46
-88276.46
-88276.46
-88223.11
-88140.79
-88140.79
-88140.79
-88140.79
-88140.79
-88140.79
-88060.00
-88032.56
-88113.36
-88087.44
-88005.12
-88087.44
-88113.36
-88032.56
-88005.12
-88005.12
-88005.12
-88005.12
-88005.12
-87950.25
-87869.46
-87869.46
-87869.46
-87869.46
-87869.46
-87869.46
-87869.46
-87869.46
-87869.46
-87814.58
-87732.26
-87814.58
-87842.02
-87759.70
-87732.26
-87732.26
-87732.26
-87732.26
-87732.26
-87677.38
-87596.59
-87677.38
-87704.82
-87624.03
-87596.59
-87596.59
-87596.59
-87596.59
-87596.59
-87541.72
-87460.92
-87541.72
-87569.15
-87488.36
-87460.92
-87460.92
-87460.92
-87460.92
-87460.92
-87406.05
-87325.25
-87406.05
-87433.48
-87351.17
-87325.25
-87325.25
-87325.25
-87325.25
-87325.25
-87270.38
-87189.58
-87270.38
-87297.82
-87215.50
-87189.58
-87189.58
-87189.58
-87189.58
-87189.58
-87189.58
-87189.58
-87189.58
-87162.15
-87079.83
-87107.27
-87189.58
-87107.27
-87053.92
-87053.92
-87053.92
-87053.92
-87053.92
-87024.95
-86942.64
-86915.20
-86915.20
-86915.20
-86915.20
-86915.20
-86915.20
-86915.20
-86915.20
-86889.28
-86806.97
-86834.41
-86915.20
-86834.41
-86779.53
-86779.53
-86779.53
-86779.53
-86779.53
-86752.09
-86671.30
-86643.86
-86643.86
-86643.86
-86643.86
-86643.86
-86643.86
-86643.86
-86643.86
-86616.42
-86535.63
-86563.07
-86643.86
-86563.07
-86508.19
-86508.19
-86508.19
-86508.19
-86508.19
-86480.75
-86399.96
-86372.52
-86372.52
-86372.52
-86372.52
-86372.52
-86372.52
-86372.52
-86372.52
-86372.52
-86372.52
-86372.52
-86372.52
-86290.20
-86235.33
-86235.33
-86235.33
-86235.33
-86235.33
-86207.89
-86127.10
-86099.66
-86099.66
-86099.66
-86127.10
-86207.89
-86180.45
-86099.66
-86099.66
-86072.22
-85991.43
-86017.34
-86099.66
-86017.34
-85963.99
-85963.99
-85963.99
-85963.99
-85963.99
-85936.55
-85854.23
-85881.67
-85963.99
-85881.67
-85828.32
-85828.32
-85828.32
-85828.32
-85828.32
-85800.88
-85718.56
-85746.00
-85828.32
-85746.00
-85718.56
-85800.88
-85773.44
-85692.65
-85692.65
-85692.65
-85692.65
-85692.65
-85692.65
-85610.33
-85582.90
-85665.21
-85637.77
-85555.46
-85555.46
-85528.02
-85445.70
-85473.14
-85553.93
-85473.14
-85392.35
-85310.03
-85337.47
-85418.26
-85418.26
-85418.26
-85418.26
-85364.91
-85282.59
-85282.59
-85282.59
-85282.59
-85282.59
-85282.59
-85282.59
-85282.59
-85282.59
-85282.59
-85282.59
-85201.80
-85146.92
-85146.92
-85146.92
-85146.92
-85146.92
-85146.92
-85146.92
-85146.92
-85146.92
-85146.92
-85146.92
-85146.92
-85093.57
-85011.26
-85011.26
-85011.26
-85011.26
-85011.26
-85011.26
-85011.26
-84983.82
-84901.50
-84874.06
-84874.06
-84874.06
-84874.06
-84874.06
-84874.06
-84874.06
-84874.06
-84846.62
-84765.83
-84738.39
-84738.39
-84738.39
-84738.39
-84738.39
-84738.39
-84738.39
-84738.39
-84710.95
-84630.16
-84602.72
-84602.72
-84602.72
-84602.72
-84602.72
-84602.72
-84602.72
-84602.72
-84602.72
-84602.72
-84547.85
-84467.05
-84467.05
-84467.05
-84467.05
-84467.05
-84467.05
-84467.05
-84467.05
-84467.05
-84467.05
-84467.05
-84384.74
-84331.38
-84331.38
-84331.38
-84331.38
-84331.38
-84331.38
-84331.38
-84331.38
-84331.38
-84249.07
-84194.19
-84194.19
-84194.19
-84194.19
-84194.19
-84194.19
-84194.19
-84194.19
-84194.19
-84194.19
-84194.19
-84194.19
-84139.31
-84058.52
-84058.52
-84058.52
-84058.52
-84003.64
-83921.33
-84003.64
-84031.08
-83948.77
-83976.21
-84057.00
-83976.21
-83921.33
-83921.33
-83921.33
-83921.33
-83921.33
-83895.41
-83813.10
-83785.66
-83785.66
-83785.66
-83785.66
-83785.66
-83785.66
-83785.66
-83785.66
-83785.66
-83785.66
-83785.66
-83785.66
-83704.87
-83649.99
-83649.99
-83649.99
-83649.99
-83649.99
-83622.55
-83540.23
-83567.67
-83649.99
-83567.67
-83540.23
-83622.55
-83595.11
-83512.80
-83512.80
-83485.36
-83404.57
-83432.00
-83512.80
-83432.00
-83377.13
-83377.13
-83377.13
-83377.13
-83377.13
-83349.69
-83268.90
-83296.34
-83377.13
-83296.34
-83268.90
-83349.69
-83322.25
-83241.46
-83241.46
-83214.02
-83133.23
-83160.67
-83241.46
-83159.14
-83133.23
-83214.02
-83186.58
-83105.79
-83186.58
-83214.02
-83133.23
-83105.79
-83105.79
-83105.79
-83105.79
-83105.79
-83050.91
-82970.12
-82970.12
-82970.12
-82970.12
-82970.12
-82970.12
-82887.80
-82861.89
-82942.68
-82915.24
-82834.45
-82834.45
-82834.45
-82834.45
-82834.45
-82834.45
-82834.45
-82834.45
-82834.45
-82779.57
-82697.26
-82697.26
-82697.26
-82697.26
-82697.26
-82697.26
-82614.94
-82587.50
-82669.82
-82642.38
-82561.59
-82642.38
-82669.82
-82587.50
-82561.59
-82561.59
-82561.59
-82561.59
-82561.59
-82506.71
-82424.39
-82506.71
-82534.15
-82451.83
-82424.39
-82424.39
-82424.39
-82424.39
-82424.39
-82371.04
-82288.72
-82371.04
-82398.48
-82316.16
-82288.72
-82288.72
-82288.72
-82288.72
-82288.72
-82288.72
-82288.72
-82288.72
-82261.29
-82180.49
-82207.93
-82288.72
-82207.93
-82153.06
-82153.06
-82153.06
-82153.06
-82153.06
-82125.62
-82043.30
-82070.74
-82153.06
-82070.74
-82015.86
-82015.86
-82015.86
-82015.86
-82015.86
-82015.86
-82015.86
-82015.86
-82015.86
-81935.07
-81880.19
-81880.19
-81880.19
-81880.19
-81880.19
-81852.75
-81771.96
-81799.40
-81880.19
-81799.40
-81744.52
-81744.52
-81744.52
-81744.52
-81744.52
-81717.08
-81636.29
-81663.73
-81744.52
-81662.21
-81636.29
-81717.08
-81689.65
-81608.85
-81689.65
-81689.65
-81526.54
-81526.54
-81608.85
-81526.54
-81500.62
-81581.42
-81553.98
-81473.18
-81473.18
-81473.18
-81473.18
-81473.18
-81473.18
-81390.87
-81363.43
-81445.75
-81418.31
-81335.99
-81418.31
-81445.75
-81363.43
-81335.99
-81335.99
-81253.67
-81226.24
-81308.55
-81281.11
-81200.32
-81281.11
-81308.55
-81226.24
-81253.67
-81335.99
-81172.88
-81090.57
-81172.88
-81145.44
-81064.65
-81145.44
-81172.88
-81090.57
-81064.65
-81064.65
-81064.65
-81064.65
-81064.65
-81064.65
-81064.65
-81064.65
-81037.21
-80954.90
-80982.34
-81063.13
-80982.34
-80927.46
-80927.46
-80874.11
-80791.79
-80874.11
-80901.54
-80819.23
-80736.91
-80654.60
-80736.91
-80819.23
-80901.54
-80874.11
-80791.79
-80709.47
-80654.60
-80654.60
-80654.60
-80654.60
-80654.60
-80654.60
-80654.60
-80654.60
-80654.60
-80654.60
-80627.16
-80546.37
-80518.93
-80518.93
-80518.93
-80518.93
-80518.93
-80518.93
-80518.93
-80438.14
-80410.70
-80491.49
-80464.05
-80383.26
-80383.26
-80383.26
-80383.26
-80383.26
-80383.26
-80383.26
-80383.26
-80383.26
-80328.38
-80247.59
-80328.38
-80355.82
-80275.03
-80247.59
-80247.59
-80247.59
-80247.59
-80247.59
-80247.59
-80247.59
-80247.59
-80220.15
-80139.36
-80111.92
-80111.92
-80111.92
-80111.92
-80111.92
-80111.92
-80111.92
-80111.92
-80111.92
-80111.92
-80057.04
-79974.73
-79974.73
-79974.73
-79974.73
-79974.73
-79974.73
-79974.73
-79947.29
-79864.97
-79892.41
-79974.73
-79892.41
-79839.06
-79839.06
-79784.18
-79703.39
-79784.18
-79839.06
-79839.06
-79839.06
-79839.06
-79756.74
-79729.30
-79811.62
-79784.18
-79703.39
-79703.39
-79703.39
-79703.39
-79648.51
-79567.72
-79648.51
-79675.95
-79593.63
-79567.72
-79567.72
-79567.72
-79567.72
-79567.72
-79567.72
-79567.72
-79567.72
-79540.28
-79457.96
-79430.52
-79430.52
-79430.52
-79430.52
-79430.52
-79430.52
-79430.52
-79430.52
-79403.09
-79320.77
-79293.33
-79293.33
-79293.33
-79320.77
-79403.09
-79375.65
-79293.33
-79293.33
-79265.89
-79185.10
-79212.54
-79293.33
-79212.54
-79157.66
-79157.66
-79157.66
-79157.66
-79157.66
-79157.66
-79157.66
-79157.66
-79157.66
-79076.87
-79049.43
-79130.22
-79104.31
-79021.99
-79021.99
-79021.99
-79021.99
-79021.99
-79021.99
-78941.20
-78913.76
-78994.55
-78967.11
-78886.32
-78968.64
-78994.55
-78913.76
-78886.32
-78886.32
-78886.32
-78886.32
-78886.32
-78831.45
-78750.65
-78831.45
-78858.88
-78778.09
-78750.65
-78750.65
-78750.65
-78750.65
-78750.65
-78695.78
-78614.98
-78695.78
-78723.22
-78642.42
-78614.98
-78614.98
-78614.98
-78614.98
-78614.98
-78614.98
-78614.98
-78614.98
-78587.55
-78505.23
-78477.79
-78477.79
-78477.79
-78477.79
-78477.79
-78477.79
-78477.79
-78477.79
-78450.35
-78368.04
-78342.12
-78342.12
-78342.12
-78342.12
-78342.12
-78342.12
-78342.12
-78342.12
-78342.12
-78342.12
-78342.12
-78342.12
-78259.81
-78206.45
-78206.45
-78206.45
-78206.45
-78206.45
-78206.45
-78206.45
-78206.45
-78206.45
-78124.14
-78096.70
-78179.01
-78151.58
-78070.78
-78070.78
-78070.78
-78070.78
-78070.78
-78069.26
-77988.47
-77961.03
-78043.34
-78015.91
-77933.59
-77933.59
-77933.59
-77933.59
-77933.59
-77933.59
-77933.59
-77933.59
-77933.59
-77878.71
-77796.40
-77796.40
-77796.40
-77796.40
-77796.40
-77796.40
-77796.40
-77796.40
-77796.40
-77743.04
-77660.73
-77743.04
-77768.96
-77688.17
-77660.73
-77660.73
-77660.73
-77660.73
-77660.73
-77660.73
-77660.73
-77579.94
-77552.50
-77633.29
-77607.37
-77525.06
-77525.06
-77525.06
-77525.06
-77525.06
-77525.06
-77525.06
-77497.62
-77416.83
-77389.39
-77389.39
-77389.39
-77389.39
-77389.39
-77389.39
-77389.39
-77389.39
-77389.39
-77389.39
-77389.39
-77389.39
-77308.60
-77253.72
-77253.72
-77253.72
-77253.72
-77253.72
-77253.72
-77253.72
-77253.72
-77253.72
-77171.40
-77143.96
-77226.28
-77198.84
-77116.53
-77116.53
-77116.53
-77116.53
-77116.53
-77116.53
-77034.21
-77008.29
-77089.09
-77061.65
-76980.86
-77061.65
-77089.09
-77008.29
-76980.86
-76980.86
-76980.86
-76980.86
-76980.86
-76925.98
-76845.19
-76925.98
-76953.42
-76871.10
-76845.19
-76845.19
-76845.19
-76845.19
-76845.19
-76845.19
-76845.19
-76845.19
-76817.75
-76735.43
-76762.87
-76845.19
-76762.87
-76735.43
-76817.75
-76790.31
-76709.52
-76709.52
-76682.08
-76599.76
-76627.20
-76709.52
-76627.20
-76599.76
-76682.08
-76654.64
-76572.32
-76490.01
-76462.57
-76546.41
-76517.45
-76435.13
-76435.13
-76435.13
-76435.13
-76435.13
-76435.13
-76354.34
-76326.90
-76409.22
-76381.78
-76299.46
-76299.46
-76299.46
-76299.46
-76299.46
-76299.46
-76299.46
-76299.46
-76299.46
-76246.11
-76163.79
-76246.11
-76272.02
-76191.23
-76163.79
-76163.79
-76163.79
-76163.79
-76163.79
-76110.44
-76028.12
-76110.44
-76136.35
-76055.56
-76083.00
-76163.79
-76083.00
-76028.12
-76028.12
-76028.12
-76028.12
-76028.12
-76028.12
-76028.12
-76028.12
-76028.12
-75947.33
-75919.89
-76000.68
-75973.25
-75892.45
-75892.45
-75892.45
-75892.45
-75892.45
-75892.45
-75810.14
-75782.70
-75865.01
-75837.58
-75755.26
-75755.26
-75755.26
-75755.26
-75755.26
-75755.26
-75672.94
-75647.03
-75727.82
-75700.38
-75619.59
-75700.38
-75727.82
-75647.03
-75619.59
-75619.59
-75619.59
-75619.59
-75619.59
-75564.71
-75483.92
-75564.71
-75592.15
-75511.36
-75483.92
-75483.92
-75483.92
-75483.92
-75483.92
-75483.92
-75483.92
-75483.92
-75456.48
-75374.17
-75401.61
-75483.92
-75401.61
-75375.69
-75456.48
-75429.04
-75348.25
-75348.25
-75348.25
-75348.25
-75293.37
-75212.58
-75212.58
-75212.58
-75212.58
-75212.58
-75212.58
-75212.58
-75212.58
-75212.58
-75156.18
-75075.39
-75157.71
-75183.62
-75101.30
-75073.87
-75073.87
-75073.87
-75073.87
-75073.87
-75073.87
-75073.87
-75073.87
-75047.95
-74965.63
-74993.07
-75073.87
-74993.07
-74938.20
-74938.20
-74938.20
-74938.20
-74938.20
-74912.28
-74829.97
-74857.40
-74938.20
-74857.40
-74829.97
-74912.28
-74884.84
-74802.53
-74802.53
-74802.53
-74802.53
-74802.53
-74802.53
-74802.53
-74802.53
-74802.53
-74749.17
-74666.86
-74666.86
-74666.86
-74666.86
-74666.86
-74666.86
-74666.86
-74666.86
-74666.86
-74613.50
-74531.19
-74613.50
-74639.42
-74558.63
-74531.19
-74531.19
-74531.19
-74531.19
-74531.19
-74476.31
-74395.52
-74477.84
-74503.75
-74422.96
-74395.52
-74395.52
-74395.52
-74395.52
-74395.52
-74395.52
-74395.52
-74395.52
-74368.08
-74285.76
-74313.20
-74395.52
-74313.20
-74258.33
-74258.33
-74258.33
-74258.33
-74258.33
-74258.33
-74258.33
-74258.33
-74258.33
-74258.33
-74258.33
-74258.33
-74203.45
-74122.66
-74122.66
-74122.66
-74122.66
-74122.66
-74122.66
-74122.66
-74122.66
-74122.66
-74067.78
-73986.99
-73986.99
-73986.99
-73986.99
-73986.99
-73986.99
-73986.99
-73986.99
-73986.99
-73932.11
-73851.32
-73932.11
-73959.55
-73877.23
-73851.32
-73851.32
-73851.32
-73851.32
-73851.32
-73851.32
-73851.32
-73851.32
-73823.88
-73741.56
-73715.65
-73715.65
-73715.65
-73715.65
-73715.65
-73715.65
-73715.65
-73715.65
-73715.65
-73715.65
-73715.65
-73715.65
-73631.81
-73576.93
-73576.93
-73576.93
-73576.93
-73576.93
-73551.02
-73468.70
-73496.14
-73576.93
-73576.93
-73576.93
-73576.93
-73523.58
-73441.26
-73441.26
-73441.26
-73441.26
-73441.26
-73441.26
-73441.26
-73441.26
-73441.26
-73387.91
-73305.59
-73305.59
-73305.59
-73305.59
-73305.59
-73305.59
-73305.59
-73305.59
-73305.59
-73305.59
-73305.59
-73224.80
-73197.36
-73279.68
-73252.24
-73169.92
-73169.92
-73169.92
-73169.92
-73116.57
-73034.25
-73116.57
-73142.48
-73061.69
-73034.25
-73034.25
-73034.25
-73034.25
-73034.25
-73034.25
-73034.25
-73034.25
-73006.81
-72924.50
-72951.94
-73034.25
-72951.94
-72924.50
-73006.81
-72979.38
-72897.06
-72897.06
-72897.06
-72897.06
-72897.06
-72897.06
-72897.06
-72897.06
-72897.06
-72842.18
-72761.39
-72842.18
-72869.62
-72788.83
-72761.39
-72761.39
-72679.07
-72653.16
-72733.95
-72706.51
-72625.72
-72706.51
-72733.95
-72653.16
-72680.60
-72761.39
-72679.07
-72653.16
-72733.95
-72653.16
-72490.05
-72570.84
-72598.28
-72517.49
-72543.41
-72625.72
-72543.41
-72490.05
-72490.05
-72490.05
-72490.05
-72490.05
-72462.61
-72380.30
-72407.74
-72490.05
-72407.74
-72381.82
-72462.61
-72435.17
-72354.38
-72435.17
-72462.61
-72380.30
-72354.38
-72354.38
-72354.38
-72354.38
-72354.38
-72299.51
-72217.19
-72299.51
-72326.94
-72244.63
-72217.19
-72215.67
-72134.87
-72107.43
-72189.75
-72162.31
-72081.52
-72162.31
-72189.75
-72107.43
-72134.87
-72215.67
-72134.87
-72107.43
-72189.75
-72162.31
-72080.00
-71999.20
-71944.33
-71944.33
-71944.33
-71944.33
-71944.33
-71944.33
-71944.33
-71944.33
-71944.33
-71863.53
-71836.10
-71918.41
-71890.97
-71808.66
-71808.66
-71808.66
-71808.66
-71808.66
-71808.66
-71727.87
-71700.43
-71782.74
-71755.30
-71672.99
-71672.99
-71672.99
-71672.99
-71672.99
-71672.99
-71672.99
-71672.99
-71672.99
-71672.99
-71672.99
-71672.99
-71645.55
-71563.23
-71535.79
-71535.79
-71535.79
-71535.79
-71535.79
-71535.79
-71535.79
-71535.79
-71535.79
-71535.79
-71535.79
-71535.79
-71455.00
-71400.13
-71400.13
-71400.13
-71400.13
-71400.13
-71400.13
-71400.13
-71400.13
-71400.13
-71400.13
-71400.13
-71400.13
-71345.25
-71264.46
-71345.25
-71372.69
-71291.89
-71264.46
-71264.46
-71264.46
-71264.46
-71264.46
-71209.58
-71128.79
-71209.58
-71237.02
-71156.23
-71128.79
-71128.79
-71128.79
-71128.79
-71128.79
-71073.91
-70993.12
-71073.91
-71128.79
-71128.79
-71128.79
-71128.79
-71046.47
-71020.56
-71101.35
-71073.91
-70993.12
-70993.12
-70993.12
-70993.12
-70938.24
-70855.92
-70938.24
-70965.68
-70883.36
-70855.92
-70855.92
-70855.92
-70855.92
-70855.92
-70855.92
-70855.92
-70855.92
-70828.49
-70746.17
-70773.61
-70855.92
-70773.61
-70720.25
-70720.25
-70720.25
-70720.25
-70720.25
-70720.25
-70720.25
-70720.25
-70718.73
-70637.94
-70610.50
-70692.82
-70665.38
-70583.06
-70583.06
-70583.06
-70583.06
-70583.06
-70583.06
-70502.27
-70474.83
-70557.15
-70529.71
-70447.39
-70529.71
-70557.15
-70474.83
-70447.39
-70447.39
-70447.39
-70447.39
-70447.39
-70394.04
-70311.72
-70394.04
-70419.95
-70339.16
-70311.72
-70311.72
-70311.72
-70311.72
-70311.72
-70311.72
-70311.72
-70311.72
-70284.28
-70203.49
-70176.05
-70176.05
-70176.05
-70203.49
-70285.81
-70258.37
-70176.05
-70176.05
-70176.05
-70176.05
-70176.05
-70176.05
-70093.74
-70066.30
-70148.61
-70121.18
-70038.86
-70038.86
-70038.86
-70038.86
-70038.86
-70038.86
-70038.86
-70038.86
-70038.86
-69983.98
-69903.19
-69903.19
-69903.19
-69903.19
-69958.07
-70038.86
-69958.07
-69903.19
-69903.19
-69903.19
-69903.19
-69903.19
-69875.75
-69794.96
-69767.52
-69767.52
-69767.52
-69767.52
-69767.52
-69767.52
-69767.52
-69767.52
-69767.52
-69767.52
-69767.52
-69767.52
-69685.21
-69631.85
-69631.85
-69631.85
-69631.85
-69631.85
-69631.85
-69631.85
-69631.85
-69631.85
-69631.85
-69631.85
-69631.85
-69576.97
-69496.18
-69496.18
-69496.18
-69496.18
-69496.18
-69496.18
-69496.18
-69468.74
-69386.43
-69413.87
-69496.18
-69496.18
-69468.74
-69386.43
-69358.99
-69358.99
-69358.99
-69358.99
-69358.99
-69358.99
-69358.99
-69358.99
-69358.99
-69358.99
-69358.99
-69358.99
-69276.67
-69223.32
-69223.32
-69223.32
-69223.32
-69223.32
-69195.88
-69113.57
-69141.00
-69221.80
-69141.00
-69113.57
-69195.88
-69168.44
-69086.13
-69086.13
-69086.13
-69086.13
-69086.13
-69086.13
-69086.13
-69086.13
-69086.13
-69032.77
-68950.46
-68950.46
-68950.46
-68950.46
-68950.46
-68950.46
-68950.46
-68950.46
-68950.46
-68950.46
-68950.46
-68950.46
-68950.46
-68950.46
-68897.10
-68814.79
-68814.79
-68814.79
-68814.79
-68814.79
-68814.79
-68814.79
-68787.35
-68705.03
-68677.59
-68677.59
-68677.59
-68677.59
-68677.59
-68677.59
-68677.59
-68677.59
-68677.59
-68677.59
-68677.59
-68677.59
-68596.80
-68541.93
-68541.93
-68541.93
-68541.93
-68541.93
-68541.93
-68541.93
-68541.93
-68541.93
-68541.93
-68541.93
-68541.93
-68541.93
-68541.93
-68541.93
-68514.49
-68433.69
-68461.13
-68541.93
-68461.13
-68406.26
-68406.26
-68406.26
-68406.26
-68406.26
-68378.82
-68298.03
-68325.46
-68406.26
-68323.94
-68298.03
-68378.82
-68351.38
-68270.59
-68270.59
-68270.59
-68270.59
-68270.59
-68270.59
-68270.59
-68270.59
-68270.59
-68215.71
-68134.92
-68215.71
-68243.15
-68162.36
-68134.92
-68134.92
-68134.92
-68134.92
-68134.92
-68080.04
-67997.72
-68080.04
-68107.48
-68025.16
-68052.60
-68134.92
-68052.60
-67970.29
-67887.97
-67915.41
-67997.72
-68080.04
-68080.04
-67915.41
-67862.05
-67862.05
-67942.85
-67970.29
-67887.97
-67862.05
-67862.05
-67779.74
-67752.30
-67834.62
-67807.18
-67726.39
-67807.18
-67834.62
-67752.30
-67779.74
-67862.05
-67779.74
-67726.39
-67726.39
-67726.39
-67726.39
-67726.39
-67726.39
-67726.39
-67671.51
-67589.19
-67589.19
-67589.19
-67589.19
-67589.19
-67589.19
-67589.19
-67589.19
-67589.19
-67589.19
-67589.19
-67589.19
-67589.19
-67589.19
-67535.84
-67453.52
-67453.52
-67453.52
-67453.52
-67453.52
-67453.52
-67453.52
-67453.52
-67453.52
-67398.65
-67316.33
-67398.65
-67426.08
-67343.77
-67316.33
-67316.33
-67316.33
-67316.33
-67316.33
-67262.98
-67180.66
-67262.98
-67288.89
-67208.10
-67235.54
-67316.33
-67235.54
-67208.10
-67290.41
-67262.98
-67180.66
-67180.66
-67180.66
-67180.66
-67180.66
-67180.66
-67180.66
-67180.66
-67180.66
-67125.78
-67044.99
-67127.31
-67153.22
-67072.43
-67044.99
-67044.99
-66964.20
-66936.76
-67017.55
-66990.11
-66909.32
-66991.64
-67017.55
-66936.76
-66964.20
-67044.99
-66964.20
-66909.32
-66909.32
-66909.32
-66909.32
-66909.32
-66909.32
-66909.32
-66909.32
-66909.32
-66827.01
-66801.09
-66881.88
-66854.44
-66773.65
-66773.65
-66746.21
-66663.90
-66691.34
-66773.65
-66773.65
-66773.65
-66773.65
-66718.77
-66636.46
-66718.77
-66746.21
-66663.90
-66636.46
-66636.46
-66636.46
-66609.02
-66526.70
-66554.14
-66636.46
-66554.14
-66500.79
-66500.79
-66500.79
-66500.79
-66500.79
-66500.79
-66500.79
-66500.79
-66500.79
-66500.79
-66500.79
-66500.79
-66445.91
-66365.12
-66365.12
-66365.12
-66365.12
-66365.12
-66365.12
-66365.12
-66365.12
-66365.12
-66365.12
-66365.12
-66365.12
-66337.68
-66255.37
-66282.80
-66365.12
-66282.80
-66229.45
-66229.45
-66229.45
-66229.45
-66229.45
-66229.45
-66229.45
-66229.45
-66227.93
-66147.13
-66119.70
-66202.01
-66174.57
-66093.78
-66174.57
-66202.01
-66119.70
-66092.26
-66092.26
-66092.26
-66092.26
-66092.26
-66038.90
-65956.59
-66038.90
-66066.34
-65984.03
-65956.59
-65956.59
-65956.59
-65956.59
-65956.59
-65956.59
-65956.59
-65956.59
-65929.15
-65846.83
-65874.27
-65956.59
-65874.27
-65846.83
-65929.15
-65901.71
-65819.39
-65819.39
-65819.39
-65819.39
-65819.39
-65819.39
-65738.60
-65683.73
-65683.73
-65683.73
-65683.73
-65683.73
-65683.73
-65683.73
-65683.73
-65683.73
-65683.73
-65683.73
-65683.73
-65683.73
-65683.73
-65683.73
-65656.29
-65575.49
-65548.06
-65548.06
-65548.06
-65548.06
-65548.06
-65548.06
-65548.06
-65548.06
-65520.62
-65439.83
-65412.39
-65412.39
-65412.39
-65412.39
-65412.39
-65412.39
-65412.39
-65412.39
-65412.39
-65412.39
-65412.39
-65412.39
-65412.39
-65412.39
-65412.39
-65357.51
-65276.72
-65357.51
-65384.95
-65304.16
-65276.72
-65276.72
-65276.72
-65276.72
-65276.72
-65221.84
-65139.52
-65221.84
-65249.28
-65166.96
-65194.40
-65276.72
-65194.40
-65139.52
-65139.52
-65139.52
-65139.52
-65139.52
-65112.09
-65029.77
-65057.21
-65139.52
-65139.52
-65139.52
-65139.52
-65084.65
-65003.85
-65003.85
-65003.85
-65003.85
-65003.85
-65003.85
-65003.85
-65003.85
-65003.85
-64948.98
-64868.19
-64948.98
-64976.42
-64894.10
-64868.19
-64868.19
-64868.19
-64868.19
-64868.19
-64868.19
-64868.19
-64868.19
-64840.75
-64758.43
-64785.87
-64868.19
-64785.87
-64732.52
-64732.52
-64732.52
-64732.52
-64732.52
-64732.52
-64732.52
-64732.52
-64730.99
-64650.20
-64622.76
-64705.08
-64677.64
-64595.32
-64595.32
-64595.32
-64595.32
-64595.32
-64595.32
-64595.32
-64567.88
-64485.57
-64514.53
-64595.32
-64595.32
-64567.88
-64485.57
-64458.13
-64458.13
-64458.13
-64458.13
-64458.13
-64458.13
-64458.13
-64458.13
-64430.69
-64349.90
-64377.34
-64458.13
-64377.34
-64322.46
-64322.46
-64322.46
-64322.46
-64322.46
-64295.02
-64214.23
-64241.67
-64322.46
-64241.67
-64214.23
-64296.55
-64269.11
-64186.79
-64186.79
-64186.79
-64186.79
-64186.79
-64186.79
-64186.79
-64186.79
-64186.79
-64131.91
-64051.12
-64133.44
-64159.35
-64078.56
-64051.12
-64051.12
-64051.12
-64051.12
-64051.12
-64051.12
-64051.12
-64051.12
-64051.12
-64051.12
-64051.12
-64051.12
-63970.33
-63942.89
-64023.68
-63996.24
-63915.45
-63997.77
-64023.68
-63942.89
-63915.45
-63915.45
-63915.45
-63915.45
-63915.45
-63860.57
-63778.26
-63860.57
-63888.01
-63805.70
-63833.14
-63915.45
-63833.14
-63778.26
-63778.26
-63778.26
-63778.26
-63778.26
-63750.82
-63670.03
-63697.47
-63778.26
-63695.94
-63670.03
-63750.82
-63723.38
-63642.59
-63723.38
-63750.82
-63670.03
-63697.47
-63778.26
-63615.15
-63534.36
-63615.15
-63587.71
-63506.92
-63587.71
-63615.15
-63532.83
-63560.27
-63642.59
-63560.27
-63534.36
-63615.15
-63587.71
-63506.92
-63506.92
-63506.92
-63506.92
-63506.92
-63506.92
-63424.60
-63371.25
-63371.25
-63371.25
-63371.25
-63371.25
-63371.25
-63371.25
-63316.37
-63235.58
-63316.37
-63343.81
-63261.50
-63235.58
-63235.58
-63235.58
-63235.58
-63235.58
-63235.58
-63235.58
-63235.58
-63206.62
-63124.30
-63153.27
-63235.58
-63235.58
-63206.62
-63124.30
-63096.86
-63096.86
-63096.86
-63096.86
-63096.86
-63096.86
-63096.86
-63016.07
-62988.63
-63070.95
-63043.51
-62961.19
-62961.19
-62961.19
-62961.19
-62961.19
-62961.19
-62961.19
-62961.19
-62961.19
-62961.19
-62961.19
-62961.19
-62933.76
-62852.96
-62880.40
-62961.19
-62880.40
-62825.52
-62825.52
-62825.52
-62825.52
-62825.52
-62825.52
-62825.52
-62825.52
-62825.52
-62825.52
-62825.52
-62825.52
-62772.17
-62689.86
-62772.17
-62798.09
-62717.29
-62689.86
-62689.86
-62689.86
-62689.86
-62689.86
-62634.98
-62554.19
-62636.50
-62662.42
-62581.63
-62609.06
-62689.86
-62609.06
-62554.19
-62554.19
-62554.19
-62554.19
-62554.19
-62554.19
-62554.19
-62554.19
-62554.19
-62471.87
-62444.43
-62526.75
-62499.31
-62416.99
-62416.99
-62416.99
-62416.99
-62416.99
-62416.99
-62416.99
-62416.99
-62416.99
-62362.12
-62281.32
-62362.12
-62416.99
-62416.99
-62416.99
-62416.99
-62334.68
-62308.76
-62389.55
-62362.12
-62281.32
-62281.32
-62281.32
-62281.32
-62226.45
-62145.65
-62145.65
-62145.65
-62145.65
-62145.65
-62145.65
-62145.65
-62145.65
-62145.65
-62145.65
-62145.65
-62145.65
-62118.22
-62035.90
-62063.34
-62145.65
-62063.34
-62009.99
-62009.99
-62009.99
-62009.99
-62009.99
-62009.99
-62009.99
-62009.99
-62009.99
-61927.67
-61901.75
-61982.55
-61955.11
-61874.32
-61874.32
-61874.32
-61874.32
-61874.32
-61874.32
-61874.32
-61874.32
-61874.32
-61874.32
-61874.32
-61874.32
-61846.88
-61764.56
-61792.00
-61874.32
-61792.00
-61764.56
-61846.88
-61819.44
-61738.65
-61738.65
-61738.65
-61738.65
-61738.65
-61737.12
-61654.81
-61628.89
-61711.21
-61682.24
-61601.45
-61683.77
-61709.68
-61627.37
-61599.93
-61599.93
-61599.93
-61599.93
-61599.93
-61546.58
-61464.26
-61546.58
-61574.01
-61491.70
-61519.14
-61599.93
-61519.14
-61464.26
-61464.26
-61464.26
-61464.26
-61464.26
-61464.26
-61464.26
-61464.26
-61464.26
-61383.47
-61356.03
-61438.35
-61410.91
-61328.59
-61328.59
-61328.59
-61328.59
-61328.59
-61328.59
-61328.59
-61328.59
-61328.59
-61328.59
-61328.59
-61328.59
-61301.15
-61220.36
-61247.80
-61328.59
-61247.80
-61192.92
-61192.92
-61192.92
-61192.92
-61192.92
-61192.92
-61192.92
-61192.92
-61192.92
-61112.13
-61084.69
-61165.48
-61138.04
-61057.25
-61057.25
-61057.25
-61057.25
-61057.25
-61057.25
-61057.25
-61057.25
-61057.25
-61002.37
-60920.06
-60920.06
-60920.06
-60920.06
-60974.94
-61057.25
-60974.94
-60920.06
-60920.06
-60920.06
-60920.06
-60920.06
-60892.62
-60811.83
-60784.39
-60784.39
-60784.39
-60811.83
-60892.62
-60865.18
-60784.39
-60784.39
-60784.39
-60784.39
-60784.39
-60784.39
-60784.39
-60784.39
-60784.39
-60784.39
-60784.39
-60784.39
-60756.95
-60676.16
-60648.72
-60648.72
-60648.72
-60648.72
-60648.72
-60648.72
-60648.72
-60648.72
-60648.72
-60648.72
-60648.72
-60648.72
-60566.40
-60540.49
-60621.28
-60593.84
-60513.05
-60593.84
-60621.28
-60538.96
-60513.05
-60513.05
-60513.05
-60513.05
-60513.05
-60458.17
-60377.38
-60458.17
-60485.61
-60403.30
-60430.73
-60513.05
-60430.73
-60377.38
-60377.38
-60377.38
-60377.38
-60377.38
-60377.38
-60377.38
-60320.98
-60240.19
-60240.19
-60240.19
-60240.19
-60240.19
-60240.19
-60240.19
-60240.19
-60240.19
-60240.19
-60240.19
-60240.19
-60212.75
-60130.43
-60157.87
-60240.19
-60240.19
-60240.19
-60240.19
-60185.31
-60102.99
-60102.99
-60102.99
-60102.99
-60102.99
-60102.99
-60102.99
-60077.08
-59994.76
-59967.32
-59967.32
-59967.32
-59967.32
-59967.32
-59967.32
-59967.32
-59967.32
-59967.32
-59967.32
-59967.32
-59967.32
-59886.53
-59859.09
-59941.41
-59913.97
-59831.66
-59913.97
-59939.89
-59859.09
-59831.66
-59831.66
-59831.66
-59831.66
-59831.66
-59831.66
-59831.66
-59831.66
-59804.22
-59723.43
-59750.86
-59831.66
-59750.86
-59723.43
-59805.74
-59778.30
-59695.99
-59695.99
-59695.99
-59695.99
-59695.99
-59695.99
-59695.99
-59695.99
-59695.99
-59641.11
-59558.79
-59641.11
-59668.55
-59586.23
-59613.67
-59695.99
-59613.67
-59558.79
-59558.79
-59558.79
-59558.79
-59558.79
-59558.79
-59558.79
-59558.79
-59558.79
-59478.00
-59450.56
-59531.35
-59503.92
-59423.12
-59423.12
-59423.12
-59423.12
-59423.12
-59423.12
-59423.12
-59423.12
-59423.12
-59368.25
-59287.45
-59368.25
-59395.68
-59314.89
-59342.33
-59423.12
-59340.81
-59314.89
-59395.68
-59368.25
-59287.45
-59287.45
-59287.45
-59287.45
-59287.45
-59287.45
-59205.14
-59179.22
-59260.02
-59232.58
-59151.79
-59069.47
-59043.55
-59124.35
-59151.79
-59151.79
-59069.47
-59016.12
-59016.12
-59016.12
-59016.12
-59016.12
-59016.12
-59016.12
-59016.12
-59016.12
-59016.12
-59016.12
-59016.12
-59016.12
-59016.12
-58933.80
-58906.36
-58988.68
-58961.24
-58878.92
-58878.92
-58878.92
-58878.92
-58878.92
-58878.92
-58878.92
-58878.92
-58878.92
-58878.92
-58878.92
-58878.92
-58878.92
-58878.92
-58878.92
-58878.92
-58796.61
-58743.25
-58743.25
-58743.25
-58743.25
-58743.25
-58743.25
-58743.25
-58743.25
-58743.25
-58743.25
-58743.25
-58743.25
-58688.38
-58607.58
-58688.38
-58715.81
-58633.50
-58606.06
-58606.06
-58606.06
-58606.06
-58606.06
-58606.06
-58606.06
-58606.06
-58580.15
-58497.83
-58525.27
-58606.06
-58525.27
-58470.39
-58470.39
-58470.39
-58470.39
-58470.39
-58470.39
-58470.39
-58470.39
-58470.39
-58470.39
-58470.39
-58470.39
-58417.04
-58334.72
-58334.72
-58334.72
-58334.72
-58389.60
-58470.39
-58389.60
-58334.72
-58334.72
-58334.72
-58334.72
-58334.72
-58307.28
-58224.97
-58252.40
-58334.72
-58252.40
-58224.97
-58307.28
-58279.84
-58197.53
-58197.53
-58197.53
-58197.53
-58197.53
-58197.53
-58197.53
-58197.53
-58197.53
-58142.65
-58061.86
-58144.17
-58170.09
-58089.30
-58116.74
-58197.53
-58116.74
-58061.86
-58061.86
-58061.86
-58061.86
-58061.86
-58061.86
-58061.86
-58061.86
-58061.86
-57981.07
-57953.63
-58034.42
-58006.98
-57926.19
-58008.51
-58034.42
-57953.63
-57926.19
-57926.19
-57926.19
-57926.19
-57926.19
-57926.19
-57926.19
-57843.87
-57817.96
-57898.75
-57871.31
-57790.52
-57790.52
-57790.52
-57790.52
-57790.52
-57790.52
-57790.52
-57790.52
-57790.52
-57735.64
-57654.85
-57735.64
-57763.08
-57682.29
-57709.73
-57790.52
-57708.20
-57654.85
-57654.85
-57654.85
-57654.85
-57654.85
-57627.41
-57545.10
-57572.53
-57654.85
-57654.85
-57654.85
-57654.85
-57599.97
-57519.18
-57519.18
-57519.18
-57519.18
-57519.18
-57519.18
-57519.18
-57519.18
-57519.18
-57519.18
-57519.18
-57519.18
-57491.74
-57409.43
-57436.87
-57519.18
-57436.87
-57409.43
-57491.74
-57464.30
-57381.99
-57381.99
-57381.99
-57381.99
-57381.99
-57381.99
-57381.99
-57381.99
-57381.99
-57381.99
-57381.99
-57381.99
-57354.55
-57272.23
-57246.32
-57246.32
-57246.32
-57246.32
-57246.32
-57246.32
-57246.32
-57246.32
-57246.32
-57246.32
-57246.32
-57244.79
-57164.00
-57136.56
-57218.88
-57191.44
-57109.12
-57109.12
-57109.12
-57109.12
-57109.12
-57109.12
-57109.12
-57109.12
-57109.12
-57055.77
-56973.46
-57055.77
-57083.21
-57000.89
-57028.33
-57109.12
-57028.33
-56973.46
-56973.46
-56973.46
-56973.46
-56973.46
-56973.46
-56973.46
-56973.46
-56973.46
-56892.66
-56865.22
-56947.54
-56920.10
-56837.79
-56920.10
-56946.02
-56865.22
-56892.66
-56973.46
-56892.66
-56837.79
-56837.79
-56837.79
-56837.79
-56837.79
-56837.79
-56837.79
-56782.91
-56700.59
-56700.59
-56700.59
-56700.59
-56700.59
-56700.59
-56700.59
-56700.59
-56700.59
-56700.59
-56700.59
-56700.59
-56700.59
-56700.59
-56645.72
-56564.92
-56647.24
-56673.15
-56592.36
-56564.92
-56564.92
-56564.92
-56564.92
-56564.92
-56564.92
-56564.92
-56564.92
-56564.92
-56564.92
-56564.92
-56564.92
-56484.13
-56429.25
-56429.25
-56429.25
-56429.25
-56511.57
-56537.48
-56456.69
-56429.25
-56429.25
-56429.25
-56429.25
-56429.25
-56429.25
-56429.25
-56429.25
-56401.82
-56321.02
-56348.46
-56429.25
-56346.94
-56293.58
-56293.58
-56293.58
-56293.58
-56293.58
-56293.58
-56293.58
-56293.58
-56293.58
-56293.58
-56293.58
-56293.58
-56238.71
-56157.92
-56157.92
-56157.92
-56157.92
-56157.92
-56157.92
-56157.92
-56157.92
-56157.92
-56157.92
-56157.92
-56157.92
-56130.48
-56048.16
-56075.60
-56157.92
-56075.60
-56020.72
-56020.72
-56020.72
-56020.72
-56020.72
-56020.72
-56020.72
-56020.72
-56020.72
-55938.41
-55912.49
-55993.28
-56020.72
-56020.72
-55938.41
-55885.05
-55885.05
-55885.05
-55885.05
-55885.05
-55885.05
-55885.05
-55885.05
-55885.05
-55885.05
-55885.05
-55885.05
-55885.05
-55883.53
-55802.74
-55749.38
-55749.38
-55749.38
-55749.38
-55749.38
-55721.94
-55639.63
-55667.07
-55749.38
-55749.38
-55749.38
-55749.38
-55694.51
-55612.19
-55612.19
-55612.19
-55612.19
-55612.19
-55612.19
-55612.19
-55612.19
-55612.19
-55612.19
-55612.19
-55612.19
-55586.28
-55503.96
-55531.40
-55612.19
-55531.40
-55503.96
-55586.28
-55558.84
-55476.52
-55476.52
-55476.52
-55476.52
-55476.52
-55476.52
-55394.20
-55366.77
-55449.08
-55421.64
-55339.33
-55421.64
-55449.08
-55366.77
-55339.33
-55339.33
-55339.33
-55366.77
-55449.08
-55421.64
-55339.33
-55339.33
-55339.33
-55339.33
-55339.33
-55339.33
-55258.54
-55231.10
-55313.41
-55284.45
-55203.66
-55285.97
-55311.89
-55231.10
-55203.66
-55203.66
-55203.66
-55203.66
-55203.66
-55203.66
-55203.66
-55203.66
-55176.22
-55095.43
-55122.87
-55203.66
-55122.87
-55095.43
-55176.22
-55148.78
-55067.99
-55067.99
-55067.99
-55067.99
-55067.99
-55067.99
-54985.67
-54959.76
-55040.55
-55013.11
-54932.32
-55014.64
-55040.55
-54959.76
-54987.20
-55067.99
-54985.67
-54932.32
-54932.32
-54932.32
-54932.32
-54932.32
-54932.32
-54932.32
-54932.32
-54932.32
-54850.00
-54824.09
-54904.88
-54822.56
-54659.46
-54824.09
-54877.44
-54712.81
-54769.21
-54932.32
-54850.00
-54796.65
-54796.65
-54741.77
-54659.46
-54824.09
-54877.44
-54712.81
-54714.33
-54796.65
-54714.33
-54686.90
-54769.21
-54686.90
-54523.79
-54686.90
-54769.21
-54686.90
-54714.33
-54796.65
-54714.33
-54659.46
-54659.46
-54604.58
-54523.79
-54604.58
-54632.02
-54549.70
-54577.14
-54659.46
-54577.14
-54496.35
-54414.03
-54441.47
-54523.79
-54441.47
-54388.12
-54388.12
-54388.12
-54388.12
-54388.12
-54388.12
-54388.12
-54388.12
-54388.12
-54388.12
-54388.12
-54388.12
-54333.24
-54252.45
-54333.24
-54360.68
-54278.36
-54252.45
-54252.45
-54252.45
-54252.45
-54252.45
-54252.45
-54252.45
-54252.45
-54252.45
-54252.45
-54252.45
-54250.92
-54170.13
-54142.69
-54225.01
-54197.57
-54116.78
-54197.57
-54225.01
-54142.69
-54115.26
-54115.26
-54115.26
-54115.26
-54115.26
-54060.38
-53978.06
-54061.90
-54087.82
-54005.50
-54034.46
-54115.26
-54032.94
-53978.06
-53978.06
-53978.06
-53978.06
-53978.06
-53978.06
-53978.06
-53978.06
-53978.06
-53897.27
-53869.83
-53952.15
-53924.71
-53842.39
-53924.71
-53950.62
-53869.83
-53897.27
-53978.06
-53897.27
-53842.39
-53842.39
-53842.39
-53842.39
-53842.39
-53814.95
-53734.16
-53761.60
-53842.39
-53761.60
-53734.16
-53816.48
-53787.52
-53706.72
-53789.04
-53814.95
-53734.16
-53706.72
-53706.72
-53706.72
-53706.72
-53706.72
-53651.85
-53571.05
-53653.37
-53706.72
-53706.72
-53706.72
-53706.72
-53625.93
-53598.49
-53679.28
-53651.85
-53571.05
-53653.37
-53679.28
-53598.49
-53571.05
-53571.05
-53571.05
-53543.62
-53462.82
-53490.26
-53571.05
-53488.74
-53435.38
-53435.38
-53435.38
-53435.38
-53435.38
-53435.38
-53435.38
-53435.38
-53435.38
-53435.38
-53435.38
-53435.38
-53435.38
-53435.38
-53435.38
-53407.95
-53327.15
-53354.59
-53435.38
-53353.07
-53299.72
-53299.72
-53299.72
-53299.72
-53299.72
-53299.72
-53299.72
-53299.72
-53299.72
-53217.40
-53162.52
-53162.52
-53162.52
-53162.52
-53244.84
-53272.28
-53189.96
-53217.40
-53299.72
-53217.40
-53162.52
-53162.52
-53162.52
-53162.52
-53162.52
-53135.08
-53052.77
-53080.21
-53162.52
-53080.21
-53054.29
-53135.08
-53107.64
-53026.85
-53026.85
-53026.85
-53026.85
-53026.85
-53026.85
-53026.85
-53026.85
-53026.85
-52971.98
-52891.18
-52971.98
-52999.41
-52917.10
-52944.54
-53026.85
-52944.54
-52891.18
-52891.18
-52891.18
-52891.18
-52891.18
-52891.18
-52891.18
-52891.18
-52891.18
-52891.18
-52891.18
-52891.18
-52836.31
-52755.51
-52836.31
-52863.74
-52781.43
-52755.51
-52755.51
-52755.51
-52755.51
-52755.51
-52755.51
-52755.51
-52755.51
-52728.08
-52645.76
-52673.20
-52755.51
-52755.51
-52755.51
-52755.51
-52700.64
-52618.32
-52618.32
-52618.32
-52618.32
-52618.32
-52618.32
-52618.32
-52618.32
-52618.32
-52618.32
-52618.32
-52618.32
-52590.88
-52508.57
-52537.53
-52618.32
-52536.00
-52508.57
-52592.41
-52563.44
-52481.13
-52481.13
-52481.13
-52481.13
-52481.13
-52481.13
-52481.13
-52481.13
-52481.13
-52481.13
-52481.13
-52481.13
-52453.69
-52372.90
-52345.46
-52345.46
-52345.46
-52372.90
-52455.21
-52427.77
-52345.46
-52345.46
-52345.46
-52345.46
-52345.46
-52345.46
-52264.67
-52237.23
-52319.54
-52290.58
-52209.79
-52292.10
-52318.02
-52237.23
-52209.79
-52209.79
-52209.79
-52209.79
-52209.79
-52209.79
-52209.79
-52209.79
-52182.35
-52101.56
-52129.00
-52209.79
-52129.00
-52074.12
-52074.12
-52074.12
-52074.12
-52074.12
-52074.12
-52074.12
-52074.12
-52074.12
-52074.12
-52074.12
-52074.12
-52074.12
-52074.12
-52074.12
-52046.68
-51965.89
-51993.33
-52074.12
-51991.80
-51938.45
-51938.45
-51938.45
-51938.45
-51938.45
-51911.01
-51828.70
-51856.13
-51938.45
-51938.45
-51938.45
-51938.45
-51883.57
-51801.26
-51801.26
-51828.70
-51911.01
-51883.57
-51801.26
-51801.26
-51801.26
-51801.26
-51801.26
-51801.26
-51801.26
-51801.26
-51801.26
-51801.26
-51801.26
-51718.94
-51693.03
-51773.82
-51746.38
-51665.59
-51665.59
-51665.59
-51665.59
-51665.59
-51665.59
-51665.59
-51665.59
-51665.59
-51665.59
-51665.59
-51665.59
-51638.15
-51555.83
-51529.92
-51529.92
-51529.92
-51529.92
-51529.92
-51529.92
-51529.92
-51529.92
-51529.92
-51529.92
-51529.92
-51529.92
-51529.92
-51529.92
-51529.92
-51529.92
-51529.92
-51529.92
-51502.48
-51420.16
-51394.25
-51394.25
-51394.25
-51394.25
-51394.25
-51394.25
-51394.25
-51394.25
-51394.25
-51394.25
-51394.25
-51392.72
-51311.93
-51258.58
-51258.58
-51258.58
-51258.58
-51258.58
-51258.58
-51258.58
-51258.58
-51258.58
-51258.58
-51258.58
-51258.58
-51202.18
-51121.39
-51203.70
-51229.62
-51147.30
-51176.26
-51257.06
-51174.74
-51119.86
-51119.86
-51119.86
-51119.86
-51119.86
-51119.86
-51119.86
-51119.86
-51119.86
-51119.86
-51119.86
-51119.86
-51066.51
-50984.19
-51066.51
-51092.42
-51011.63
-51039.07
-51119.86
-51039.07
-50984.19
-50984.19
-50984.19
-50984.19
-51066.51
-51092.42
-51011.63
-50984.19
-50984.19
-50984.19
-50984.19
-50984.19
-50930.84
-50848.52
-50930.84
-50956.75
-50875.96
-50903.40
-50984.19
-50903.40
-50848.52
-50848.52
-50848.52
-50848.52
-50848.52
-50848.52
-50848.52
-50848.52
-50848.52
-50848.52
-50848.52
-50848.52
-50793.65
-50712.85
-50712.85
-50712.85
-50712.85
-50712.85
-50712.85
-50712.85
-50712.85
-50712.85
-50712.85
-50712.85
-50712.85
-50685.42
-50604.62
-50632.06
-50712.85
-50632.06
-50604.62
-50685.42
-50657.98
-50577.18
-50494.87
-50467.43
-50549.75
-50632.06
-50712.85
-50632.06
-50549.75
-50467.43
-50494.87
-50577.18
-50577.18
-50549.75
-50467.43
-50439.99
-50439.99
-50522.31
-50549.75
-50467.43
-50439.99
-50439.99
-50439.99
-50439.99
-50439.99
-50439.99
-50439.99
-50439.99
-50439.99
-50439.99
-50439.99
-50439.99
-50439.99
-50412.55
-50331.76
-50304.32
-50304.32
-50304.32
-50304.32
-50304.32
-50304.32
-50304.32
-50304.32
-50304.32
-50304.32
-50304.32
-50304.32
-50304.32
-50276.88
-50194.57
-50223.53
-50304.32
-50304.32
-50276.88
-50194.57
-50168.65
-50168.65
-50249.44
-50276.88
-50194.57
-50168.65
-50168.65
-50168.65
-50168.65
-50168.65
-50168.65
-50168.65
-50168.65
-50168.65
-50168.65
-50168.65
-50168.65
-50086.34
-50032.98
-50032.98
-50032.98
-50032.98
-50032.98
-50032.98
-50032.98
-50032.98
-50032.98
-50032.98
-50032.98
-50032.98
-49978.11
-49897.31
-49978.11
-50005.54
-49923.23
-49897.31
-49897.31
-49897.31
-49897.31
-49897.31
-49897.31
-49897.31
-49897.31
-49897.31
-49897.31
-49897.31
-49895.79
-49813.47
-49787.56
-49869.88
-49840.91
-49760.12
-49842.44
-49868.35
-49786.03
-49815.00
-49895.79
-49813.47
-49760.12
-49760.12
-49760.12
-49760.12
-49760.12
-49760.12
-49760.12
-49760.12
-49758.60
-49677.80
-49650.37
-49732.68
-49705.24
-49622.93
-49622.93
-49622.93
-49622.93
-49622.93
-49622.93
-49622.93
-49622.93
-49622.93
-49622.93
-49622.93
-49622.93
-49595.49
-49514.70
-49542.14
-49622.93
-49542.14
-49514.70
-49597.01
-49569.57
-49487.26
-49569.57
-49595.49
-49514.70
-49542.14
-49622.93
-49542.14
-49487.26
-49487.26
-49487.26
-49487.26
-49487.26
-49459.82
-49379.03
-49406.47
-49487.26
-49406.47
-49379.03
-49461.34
-49433.90
-49351.59
-49351.59
-49351.59
-49351.59
-49351.59
-49351.59
-49270.80
-49243.36
-49325.67
-49351.59
-49351.59
-49351.59
-49324.15
-49243.36
-49270.80
-49351.59
-49270.80
-49243.36
-49325.67
-49296.71
-49215.92
-49215.92
-49215.92
-49215.92
-49215.92
-49215.92
-49215.92
-49188.48
-49107.69
-49080.25
-49080.25
-49080.25
-49107.69
-49188.48
-49161.04
-49080.25
-49080.25
-49080.25
-49080.25
-49080.25
-49080.25
-48997.93
-48970.50
-49052.81
-49080.25
-49080.25
-49080.25
-49052.81
-48970.50
-48997.93
-49080.25
-48997.93
-48970.50
-49052.81
-49025.37
-48943.06
-48943.06
-48943.06
-48943.06
-48943.06
-48943.06
-48860.74
-48834.83
-48915.62
-48888.18
-48807.39
-48888.18
-48915.62
-48834.83
-48807.39
-48807.39
-48807.39
-48807.39
-48807.39
-48807.39
-48807.39
-48807.39
-48807.39
-48807.39
-48807.39
-48807.39
-48725.07
-48699.16
-48779.95
-48752.51
-48671.72
-48752.51
-48779.95
-48697.63
-48671.72
-48671.72
-48671.72
-48671.72
-48671.72
-48671.72
-48671.72
-48671.72
-48671.72
-48671.72
-48671.72
-48671.72
-48589.40
-48536.05
-48536.05
-48536.05
-48536.05
-48616.84
-48644.28
-48561.96
-48536.05
-48536.05
-48536.05
-48536.05
-48536.05
-48536.05
-48536.05
-48536.05
-48536.05
-48536.05
-48536.05
-48536.05
-48453.73
-48427.82
-48508.61
-48481.17
-48400.38
-48481.17
-48508.61
-48426.29
-48400.38
-48400.38
-48400.38
-48400.38
-48400.38
-48400.38
-48400.38
-48400.38
-48371.42
-48289.10
-48318.06
-48398.86
-48316.54
-48290.62
-48372.94
-48343.98
-48263.19
-48263.19
-48263.19
-48263.19
-48263.19
-48263.19
-48263.19
-48263.19
-48263.19
-48263.19
-48263.19
-48263.19
-48235.75
-48153.43
-48180.87
-48261.66
-48180.87
-48125.99
-48125.99
-48125.99
-48127.52
-48208.31
-48235.75
-48153.43
-48125.99
-48125.99
-48125.99
-48125.99
-48125.99
-48125.99
-48125.99
-48125.99
-48098.55
-48017.76
-48045.20
-48125.99
-48045.20
-47990.32
-47990.32
-47990.32
-47990.32
-47990.32
-47990.32
-47990.32
-47990.32
-47990.32
-47990.32
-47990.32
-47990.32
-47936.97
-47854.65
-47936.97
-47962.88
-47882.09
-47854.65
-47854.65
-47854.65
-47854.65
-47854.65
-47854.65
-47854.65
-47854.65
-47854.65
-47854.65
-47854.65
-47854.65
-47854.65
-47854.65
-47854.65
-47799.78
-47718.98
-47801.30
-47827.22
-47746.42
-47718.98
-47718.98
-47718.98
-47718.98
-47718.98
-47718.98
-47718.98
-47718.98
-47718.98
-47718.98
-47718.98
-47718.98
-47718.98
-47718.98
-47718.98
-47664.11
-47581.79
-47664.11
-47691.55
-47609.23
-47581.79
-47581.79
-47581.79
-47581.79
-47581.79
-47581.79
-47581.79
-47581.79
-47581.79
-47581.79
-47581.79
-47581.79
-47581.79
-47581.79
-47581.79
-47526.91
-47446.12
-47528.44
-47554.35
-47473.56
-47446.12
-47446.12
-47446.12
-47446.12
-47446.12
-47446.12
-47446.12
-47446.12
-47418.68
-47337.89
-47365.33
-47446.12
-47446.12
-47446.12
-47446.12
-47391.24
-47310.45
-47310.45
-47310.45
-47310.45
-47310.45
-47310.45
-47310.45
-47310.45
-47310.45
-47310.45
-47310.45
-47310.45
-47283.01
-47200.70
-47229.66
-47310.45
-47310.45
-47310.45
-47310.45
-47255.58
-47174.78
-47174.78
-47174.78
-47174.78
-47174.78
-47174.78
-47174.78
-47174.78
-47174.78
-47174.78
-47174.78
-47174.78
-47174.78
-47174.78
-47119.91
-47039.11
-47119.91
-47174.78
-47174.78
-47119.91
-47039.11
-47039.11
-47039.11
-47039.11
-47039.11
-47039.11
-46955.27
-46929.36
-47011.68
-46984.24
-46901.92
-46984.24
-47011.68
-46927.83
-46901.92
-46901.92
-46901.92
-46901.92
-46901.92
-46901.92
-46901.92
-46901.92
-46901.92
-46901.92
-46901.92
-46900.40
-46819.60
-46792.17
-46874.48
-46847.04
-46766.25
-46847.04
-46874.48
-46792.17
-46819.60
-46900.40
-46819.60
-46766.25
-46766.25
-46766.25
-46766.25
-46766.25
-46738.81
-46656.50
-46683.94
-46764.73
-46683.94
-46656.50
-46738.81
-46711.37
-46630.58
-46711.37
-46738.81
-46656.50
-46683.94
-46764.73
-46683.94
-46656.50
-46738.81
-46711.37
-46629.06
-46629.06
-46629.06
-46629.06
-46629.06
-46629.06
-46548.27
-46520.83
-46603.14
-46575.70
-46493.39
-46575.70
-46601.62
-46520.83
-46548.27
-46629.06
-46548.27
-46520.83
-46603.14
-46575.70
-46493.39
-46493.39
-46493.39
-46493.39
-46493.39
-46493.39
-46412.60
-46385.16
-46467.47
-46440.04
-46357.72
-46440.04
-46465.95
-46385.16
-46357.72
-46357.72
-46357.72
-46385.16
-46467.47
-46440.04
-46357.72
-46357.72
-46330.28
-46247.96
-46275.40
-46357.72
-46275.40
-46247.96
-46330.28
-46302.84
-46220.53
-46302.84
-46330.28
-46247.96
-46275.40
-46357.72
-46275.40
-46247.96
-46330.28
-46302.84
-46220.53
-46220.53
-46220.53
-46220.53
-46220.53
-46220.53
-46139.73
-46112.30
-46193.09
-46165.65
-46084.86
-46167.17
-46193.09
-46112.30
-46139.73
-46220.53
-46139.73
-46112.30
-46193.09
-46165.65
-46084.86
-46084.86
-46084.86
-46084.86
-46084.86
-46084.86
-46002.54
-45976.63
-46057.42
-46029.98
-45949.19
-46031.50
-46057.42
-45976.63
-45949.19
-45949.19
-45949.19
-45949.19
-45949.19
-45949.19
-45949.19
-45949.19
-45949.19
-45949.19
-45949.19
-45949.19
-45949.19
-45921.75
-45840.96
-45868.40
-45949.19
-45866.87
-45813.52
-45813.52
-45813.52
-45813.52
-45813.52
-45813.52
-45813.52
-45813.52
-45813.52
-45813.52
-45813.52
-45813.52
-45813.52
-45813.52
-45731.20
-45677.85
-45677.85
-45677.85
-45677.85
-45677.85
-45677.85
-45677.85
-45677.85
-45677.85
-45677.85
-45677.85
-45677.85
-45677.85
-45677.85
-45677.85
-45677.85
-45677.85
-45677.85
-45677.85
-45677.85
-45650.41
-45568.09
-45542.18
-45542.18
-45542.18
-45542.18
-45542.18
-45542.18
-45542.18
-45542.18
-45542.18
-45542.18
-45542.18
-45542.18
-45542.18
-45542.18
-45542.18
-45542.18
-45542.18
-45458.34
-45404.99
-45404.99
-45404.99
-45404.99
-45404.99
-45404.99
-45404.99
-45404.99
-45404.99
-45404.99
-45404.99
-45404.99
-45404.99
-45404.99
-45404.99
-45404.99
-45404.99
-45404.99
-45404.99
-45404.99
-45377.55
-45295.23
-45322.67
-45403.46
-45322.67
-45267.79
-45267.79
-45267.79
-45267.79
-45267.79
-45267.79
-45267.79
-45267.79
-45267.79
-45267.79
-45267.79
-45267.79
-45214.44
-45133.65
-45214.44
-45241.88
-45159.56
-45132.12
-45132.12
-45132.12
-45132.12
-45132.12
-45132.12
-45132.12
-45132.12
-45132.12
-45132.12
-45132.12
-45132.12
-45051.33
-45023.89
-45106.21
-45078.77
-44996.45
-45078.77
-45104.68
-45023.89
-44996.45
-44996.45
-44996.45
-44996.45
-44996.45
-44996.45
-44996.45
-44996.45
-44996.45
-44996.45
-44996.45
-44996.45
-44915.66
-44888.22
-44970.54
-44996.45
-44996.45
-44996.45
-44969.02
-44888.22
-44915.66
-44996.45
-44915.66
-44860.78
-44860.78
-44860.78
-44860.78
-44860.78
-44860.78
-44860.78
-44860.78
-44860.78
-44860.78
-44833.35
-44751.03
-44778.47
-44860.78
-44778.47
-44723.59
-44723.59
-44723.59
-44723.59
-44723.59
-44723.59
-44723.59
-44723.59
-44723.59
-44723.59
-44723.59
-44723.59
-44668.71
-44587.92
-44670.24
-44696.15
-44615.36
-44642.80
-44723.59
-44642.80
-44587.92
-44587.92
-44587.92
-44587.92
-44587.92
-44560.48
-44479.69
-44507.13
-44587.92
-44587.92
-44587.92
-44587.92
-44533.04
-44452.25
-44534.57
-44560.48
-44479.69
-44507.13
-44587.92
-44505.61
-44479.69
-44560.48
-44533.04
-44452.25
-44534.57
-44560.48
-44479.69
-44452.25
-44452.25
-44452.25
-44452.25
-44452.25
-44397.38
-44316.58
-44397.38
-44452.25
-44452.25
-44452.25
-44452.25
-44369.94
-44316.58
-44316.58
-44316.58
-44316.58
-44316.58
-44316.58
-44316.58
-44316.58
-44316.58
-44316.58
-44316.58
-44316.58
-44261.71
-44180.91
-44261.71
-44289.14
-44206.83
-44235.79
-44316.58
-44234.27
-44180.91
-44180.91
-44180.91
-44180.91
-44180.91
-44180.91
-44180.91
-44180.91
-44180.91
-44180.91
-44180.91
-44180.91
-44126.04
-44043.72
-44126.04
-44153.48
-44071.16
-44098.60
-44180.91
-44098.60
-44071.16
-44153.48
-44126.04
-44043.72
-44126.04
-44153.48
-44071.16
-44043.72
-44043.72
-44043.72
-44043.72
-44043.72
-43988.84
-43908.05
-43988.84
-44016.28
-43933.97
-43961.40
-44043.72
-43961.40
-43935.49
-44016.28
-43988.84
-43908.05
-43988.84
-44016.28
-43933.97
-43908.05
-43908.05
-43908.05
-43908.05
-43908.05
-43908.05
-43908.05
-43908.05
-43880.61
-43798.30
-43825.74
-43908.05
-43908.05
-43908.05
-43908.05
-43853.17
-43770.86
-43770.86
-43770.86
-43770.86
-43770.86
-43770.86
-43770.86
-43770.86
-43770.86
-43770.86
-43770.86
-43770.86
-43770.86
-43770.86
-43770.86
-43770.86
-43690.07
-43635.19
-43635.19
-43635.19
-43635.19
-43635.19
-43635.19
-43635.19
-43635.19
-43635.19
-43635.19
-43635.19
-43635.19
-43635.19
-43635.19
-43635.19
-43635.19
-43635.19
-43635.19
-43635.19
-43554.40
-43526.96
-43609.27
-43581.84
-43499.52
-43581.84
-43607.75
-43526.96
-43499.52
-43499.52
-43499.52
-43499.52
-43499.52
-43499.52
-43499.52
-43499.52
-43499.52
-43499.52
-43499.52
-43499.52
-43417.20
-43389.76
-43472.08
-43444.64
-43362.33
-43362.33
-43362.33
-43362.33
-43362.33
-43362.33
-43362.33
-43362.33
-43362.33
-43362.33
-43362.33
-43362.33
-43362.33
-43362.33
-43362.33
-43362.33
-43362.33
-43362.33
-43362.33
-43362.33
-43362.33
-43362.33
-43334.89
-43254.09
-43226.66
-43226.66
-43226.66
-43226.66
-43226.66
-43226.66
-43226.66
-43226.66
-43226.66
-43226.66
-43226.66
-43226.66
-43145.86
-43118.43
-43199.22
-43226.66
-43226.66
-43226.66
-43199.22
-43118.43
-43145.86
-43226.66
-43145.86
-43090.99
-43090.99
-43090.99
-43090.99
-43090.99
-43090.99
-43090.99
-43090.99
-43090.99
-43008.67
-42982.76
-43063.55
-43036.11
-42955.32
-43037.63
-43063.55
-42982.76
-42955.32
-42955.32
-42955.32
-42955.32
-42955.32
-42955.32
-42955.32
-42955.32
-42955.32
-42955.32
-42955.32
-42955.32
-42955.32
-42955.32
-42955.32
-42900.44
-42819.65
-42900.44
-42927.88
-42847.09
-42819.65
-42819.65
-42819.65
-42819.65
-42819.65
-42819.65
-42819.65
-42819.65
-42819.65
-42819.65
-42819.65
-42819.65
-42819.65
-42819.65
-42819.65
-42819.65
-42819.65
-42819.65
-42792.21
-42709.89
-42737.33
-42819.65
-42737.33
-42682.45
-42682.45
-42682.45
-42682.45
-42682.45
-42682.45
-42682.45
-42682.45
-42682.45
-42600.14
-42574.22
-42655.02
-42627.58
-42546.79
-42627.58
-42655.02
-42572.70
-42546.79
-42546.79
-42546.79
-42546.79
-42546.79
-42546.79
-42546.79
-42546.79
-42546.79
-42546.79
-42546.79
-42546.79
-42464.47
-42438.56
-42519.35
-42491.91
-42411.12
-42491.91
-42519.35
-42437.03
-42411.12
-42411.12
-42411.12
-42438.56
-42519.35
-42491.91
-42411.12
-42411.12
-42411.12
-42411.12
-42411.12
-42409.59
-42328.80
-42301.36
-42383.68
-42356.24
-42275.45
-42356.24
-42383.68
-42301.36
-42328.80
-42409.59
-42328.80
-42301.36
-42383.68
-42356.24
-42273.92
-42273.92
-42273.92
-42273.92
-42273.92
-42273.92
-42273.92
-42273.92
-42273.92
-42273.92
-42273.92
-42273.92
-42248.01
-42165.69
-42193.13
-42273.92
-42193.13
-42165.69
-42248.01
-42220.57
-42138.25
-42138.25
-42138.25
-42138.25
-42138.25
-42138.25
-42138.25
-42138.25
-42138.25
-42138.25
-42138.25
-42138.25
-42110.81
-42028.50
-42057.46
-42138.25
-42055.94
-42028.50
-42112.34
-42083.38
-42001.06
-42001.06
-42001.06
-42001.06
-42001.06
-42001.06
-42001.06
-42001.06
-42001.06
-42001.06
-42001.06
-42004.11
-42005.63
-42005.63
-42007.16
-42007.16
-42010.21
-41984.29
-41903.50
-41877.59
-41877.59
-41879.11
-41880.63
-41882.16
-41883.68
-41885.21
-41885.21
-41886.73
-41888.26
-41889.78
-41889.78
-41810.51
-41784.60
-41868.44
-41841.00
-41761.73
-41761.73
-41763.26
-41763.26
-41764.78
-41767.83
-41767.83
-41769.36
-41770.88
-41772.40
-41773.93
-41773.93
-41748.01
-41667.22
-41696.19
-41780.03
-41699.23
-41673.32
-41755.64
-41729.72
-41648.93
-41732.77
-41760.21
-41679.42
-41653.50
-41655.03
-41656.55
-41658.08
-41659.60
-41659.60
-41661.12
-41662.65
-41636.73
-41557.47
-41584.91
-41667.22
-41586.43
-41534.60
-41536.13
-41537.65
-41537.65
-41539.17
-41539.17
-41540.70
-41542.22
-41543.75
-41545.27
-41546.80
-41546.80
-41493.44
-41414.18
-41498.02
-41525.46
-41444.66
-41473.63
-41555.94
-41475.15
-41450.76
-41533.08
-41505.64
-41426.37
-41508.69
-41537.65
-41456.86
-41430.94
-41432.47
-41433.99
-41435.52
-41435.52
-41382.16
-41302.90
-41385.21
-41412.65
-41333.38
-41362.35
-41444.66
-41363.87
-41310.52
-41310.52
-41313.57
-41315.09
-41315.09
-41289.18
-41208.39
-41237.35
-41321.19
-41321.19
-41322.71
-41324.24
-41270.89
-41190.09
-41273.93
-41301.37
-41220.58
-41249.54
-41331.86
-41252.59
-41199.24
-41200.76
-41200.76
-41202.29
-41203.81
-41203.81
-41206.86
-41153.51
-41072.72
-41074.24
-41074.24
-41075.77
-41132.17
-41214.48
-41133.69
-41080.34
-41081.86
-41083.39
-41084.91
-41086.44
-41059.00
-40979.73
-41007.17
-41089.48
-41092.53
-41094.06
-41094.06
-41040.70
-40959.91
-41043.75
-41072.72
-40991.92
-41020.89
-41101.68
-41020.89
-40969.06
-40970.58
-40972.11
-40972.11
-40973.63
-40947.72
-40866.93
-40895.89
-40978.21
-40898.94
-40873.02
-40955.34
-40927.90
-40848.63
-40850.16
-40851.68
-40851.68
-40853.21
-40854.73
-40856.26
-40857.78
-40859.30
-40859.30
-40860.83
-40860.83
-40834.91
-40755.65
-40784.61
-40866.93
-40786.13
-40760.22
-40844.06
-40818.15
-40737.35
-40737.35
-40738.88
-40740.40
-40740.40
-40741.93
-40743.45
-40744.98
-40746.50
-40746.50
-40748.03
-40749.55
-40723.64
-40642.84
-40616.93
-40618.45
-40619.98
-40647.42
-40731.26
-40705.34
-40624.55
-40626.08
-40626.08
-40627.60
-40629.12
-40630.65
-40632.17
-40632.17
-40633.70
-40635.22
-40635.22
-40638.27
-40612.36
-40531.56
-40560.53
-40641.32
-40560.53
-40536.14
-40618.45
-40592.54
-40511.75
-40513.27
-40514.80
-40514.80
-40516.32
-40519.37
-40519.37
-40520.89
-40520.89
-40467.54
-40388.27
-40470.59
-40499.55
-40418.76
-40447.72
-40530.04
-40449.25
-40395.89
-40397.42
-40398.94
-40400.47
-40400.47
-40401.99
-40403.52
-40405.04
-40406.57
-40406.57
-40408.09
-40409.61
-40354.74
-40275.47
-40359.31
-40386.75
-40305.96
-40280.04
-40281.57
-40283.09
-40312.05
-40394.37
-40368.46
-40287.66
-40289.19
-40289.19
-40292.24
-40292.24
-40293.76
-40295.29
-40295.29
-40296.81
-40243.46
-40162.67
-40246.51
-40273.95
-40194.68
-40168.76
-40168.76
-40170.29
-40171.81
-40173.34
-40174.86
-40174.86
-40176.39
-40177.91
-40179.43
-40180.96
-40180.96
-40100.17
-40074.25
-40158.09
-40130.65
-40049.86
-40052.91
-40054.44
-40054.44
-40055.96
-40055.96
-40057.48
-40059.01
-40060.53
-40062.06
-40063.58
-40063.58
-40065.11
-40066.63
-40068.15
-40068.15
-39988.89
-39962.97
-40045.29
-40017.85
-39938.58
-39940.11
-39941.63
-39941.63
-39943.16
-39944.68
-39944.68
-39946.20
-39947.73
-39949.25
-39950.78
-39950.78
-39952.30
-39953.83
-39955.35
-39956.88
-39876.08
-39850.17
-39932.49
-39906.57
-39825.78
-39825.78
-39827.30
-39830.35
-39830.35
-39831.88
-39833.40
-39833.40
-39834.93
-39836.45
-39837.97
-39839.50
-39839.50
-39841.02
-39842.55
-39842.55
-39763.28
-39737.37
-39819.68
-39793.77
-39712.98
-39714.50
-39716.02
-39717.55
-39719.07
-39719.07
-39720.60
-39720.60
-39722.12
-39668.77
-39587.98
-39671.82
-39728.22
-39728.22
-39729.74
-39729.74
-39648.95
-39597.12
-39598.65
-39600.17
-39600.17
-39601.70
-39603.22
-39603.22
-39604.75
-39607.79
-39607.79
-39609.32
-39609.32
-39555.97
-39476.70
-39559.01
-39615.42
-39615.42
-39616.94
-39618.46
-39537.67
-39484.32
-39484.32
-39485.84
-39488.89
-39488.89
-39490.42
-39491.94
-39491.94
-39493.47
-39494.99
-39496.51
-39498.04
-39498.04
-39499.56
-39418.77
-39392.86
-39476.70
-39504.14
-39505.66
-39424.87
-39371.52
-39373.04
-39373.04
-39374.56
-39376.09
-39350.17
-39269.38
-39298.35
-39380.66
-39299.87
-39273.96
-39356.27
-39330.36
-39249.57
-39251.09
-39252.61
-39254.14
-39254.14
-39255.66
-39257.19
-39258.71
-39260.24
-39261.76
-39261.76
-39263.29
-39235.85
-39156.58
-39185.54
-39267.86
-39187.07
-39161.15
-39244.99
-39217.55
-39136.76
-39220.60
-39249.57
-39168.77
-39142.86
-39142.86
-39144.38
-39145.91
-39145.91
-39092.56
-39013.29
-39095.60
-39124.57
-39043.78
-39072.74
-39153.53
-39074.26
-39048.35
-39132.19
-39104.75
-39025.48
-39107.80
-39135.24
-39054.45
-39083.41
-39167.25
-39086.46
-39033.11
-39034.63
-39034.63
-39036.15
-39036.15
-39010.24
-38929.45
-38958.41
-39042.25
-38961.46
-38935.55
-39017.86
-38990.42
-38911.16
-38995.00
-39022.43
-38941.64
-38970.61
-39052.92
-38972.13
-38918.78
-38920.30
-38921.83
-38923.35
-38924.87
-38897.44
-38816.64
-38845.61
-38927.92
-38847.13
-38821.22
-38905.06
-38879.14
-38798.35
-38799.88
-38799.88
-38801.40
-38857.80
-38940.12
-38859.33
-38805.97
-38807.50
-38754.14
-38673.35
-38755.67
-38783.11
-38703.84
-38732.80
-38815.12
-38734.33
-38708.41
-38792.25
-38764.82
-38685.55
-38767.86
-38796.83
-38716.04
-38745.00
-38825.79
-38746.52
-38693.17
-38693.17
-38694.69
-38696.22
-38697.74
-38671.83
-38591.04
-38620.00
-38700.79
-38621.52
-38595.61
-38679.45
-38652.01
-38572.74
-38655.06
-38682.50
-38601.71
-38630.67
-38712.99
-38632.19
-38578.84
-38580.37
-38581.89
-38583.41
-38583.41
-38557.50
-38476.71
-38505.67
-38587.99
-38507.20
-38482.81
-38565.12
-38539.21
-38458.42
-38458.42
-38459.94
-38461.47
-38462.99
-38464.51
-38466.04
-38466.04
-38467.56
-38467.56
-38469.09
-38470.61
-38470.61
-38473.66
-38420.31
-38339.52
-38421.83
-38449.27
-38370.00
-38342.56
-38344.09
-38345.61
-38347.14
-38348.66
-38350.19
-38350.19
-38351.71
-38351.71
-38353.23
-38354.76
-38354.76
-38357.81
-38331.89
-38251.10
-38225.19
-38225.19
-38226.71
-38228.24
-38228.24
-38229.76
-38231.28
-38232.81
-38234.33
-38234.33
-38235.86
-38235.86
-38237.38
-38238.91
-38240.43
-38241.96
-38243.48
-38243.48
-38245.00
-38245.00
-38191.65
-38112.38
-38112.38
-38113.91
-38115.43
-38116.96
-38118.48
-38118.48
-38120.01
-38120.01
-38121.53
-38123.05
-38124.58
-38126.10
-38127.63
-38127.63
-38129.15
-38129.15
-38103.24
-38022.45
-37996.53
-37998.06
-37999.58
-38001.10
-38002.63
-38002.63
-38004.15
-38004.15
-38005.68
-38007.20
-38008.73
-38010.25
-38011.77
-38011.77
-38013.30
-38013.30
-38014.82
-38016.35
-38016.35
-38017.87
-37964.52
-37883.73
-37967.57
-37995.01
-37915.74
-37889.83
-37889.83
-37891.35
-37891.35
-37892.87
-37894.40
-37895.92
-37897.45
-37897.45
-37898.97
-37900.50
-37900.50
-37819.70
-37795.31
-37877.63
-37851.72
-37770.92
-37772.45
-37773.97
-37773.97
-37775.50
-37775.50
-37777.02
-37778.55
-37780.07
-37781.59
-37781.59
-37783.12
-37757.20
-37676.41
-37705.38
-37786.17
-37706.90
-37680.99
-37764.83
-37737.39
-37658.12
-37658.12
-37659.64
-37659.64
-37661.17
-37662.69
-37662.69
-37664.22
-37665.74
-37667.27
-37668.79
-37668.79
-37642.88
-37562.08
-37591.05
-37673.36
-37673.36
-37674.89
-37676.41
-37623.06
-37543.79
-37626.11
-37653.55
-37572.76
-37546.84
-37548.37
-37548.37
-37549.89
-37552.94
-37552.94
-37554.46
-37555.99
-37555.99
-37557.51
-37504.16
-37423.37
-37505.68
-37533.12
-37452.33
-37427.94
-37429.46
-37430.99
-37430.99
-37432.51
-37434.04
-37434.04
-37435.56
-37437.09
-37438.61
-37440.13
-37440.13
-37359.34
-37333.43
-37415.74
-37389.83
-37309.04
-37391.35
-37420.32
-37339.53
-37313.61
-37315.14
-37316.66
-37318.18
-37318.18
-37264.83
-37184.04
-37267.88
-37322.76
-37322.76
-37324.28
-37325.81
-37245.02
-37220.63
-37302.94
-37275.50
-37196.24
-37278.55
-37305.99
-37225.20
-37254.16
-37336.48
-37257.21
-37231.30
-37313.61
-37286.17
-37206.91
-37206.91
-37208.43
-37208.43
-37209.95
-37211.48
-37130.69
-37104.77
-37188.61
-37216.05
-37217.58
-37217.58
-37191.66
-37110.87
-37084.96
-37086.48
-37086.48
-37088.00
-37089.53
-37091.05
-37092.58
-37092.58
-37094.10
-37095.63
-37095.63
-37097.15
-37016.36
-36990.44
-37074.29
-37048.37
-36967.58
-37049.90
-37077.33
-36996.54
-36970.63
-36972.15
-36973.68
-36973.68
-36975.20
-36976.73
-36978.25
-36979.77
-36979.77
-36981.30
-36982.82
-36982.82
-36902.03
-36876.12
-36958.43
-36932.52
-36851.73
-36935.57
-36964.53
-36883.74
-36911.18
-36993.49
-36912.70
-36888.31
-36970.63
-36943.19
-36862.40
-36865.45
-36866.97
-36866.97
-36868.49
-36868.49
-36787.70
-36763.31
-36845.63
-36818.19
-36738.92
-36821.24
-36848.68
-36767.89
-36796.85
-36879.17
-36799.90
-36773.98
-36856.30
-36828.86
-36749.59
-36749.59
-36751.12
-36751.12
-36752.64
-36755.69
-36755.69
-36757.22
-36758.74
-36703.86
-36624.60
-36706.91
-36761.79
-36763.31
-36763.31
-36764.84
-36684.05
-36630.69
-36632.22
-36633.74
-36635.27
-36635.27
-36636.79
-36638.31
-36638.31
-36639.84
-36641.36
-36641.36
-36642.89
-36644.41
-36645.94
-36647.46
-36620.02
-36539.23
-36513.32
-36514.84
-36516.36
-36516.36
-36517.89
-36517.89
-36519.41
-36520.94
-36522.46
-36523.99
-36525.51
-36525.51
-36527.04
-36527.04
-36528.56
-36530.08
-36530.08
-36531.61
-36504.17
-36424.90
-36453.87
-36536.18
-36455.39
-36429.48
-36513.32
-36485.88
-36405.09
-36406.61
-36408.13
-36408.13
-36409.66
-36409.66
-36412.71
-36414.23
-36414.23
-36415.76
-36415.76
-36417.28
-36391.37
-36310.57
-36339.54
-36420.33
-36341.06
-36287.71
-36287.71
-36289.23
-36290.76
-36292.28
-36293.81
-36293.81
-36295.33
-36296.85
-36296.85
-36298.38
-36298.38
-36299.90
-36301.43
-36301.43
-36302.95
-36304.48
-36306.00
-36307.53
-36307.53
-36309.05
-36310.57
-36255.70
-36176.43
-36176.43
-36177.95
-36179.48
-36179.48
-36181.00
-36182.53
-36184.05
-36185.58
-36185.58
-36187.10
-36188.62
-36161.19
-36080.39
-36109.36
-36191.67
-36193.20
-36193.20
-36196.25
-36141.37
-36060.58
-36144.42
-36171.86
-36092.59
-36065.15
-36066.67
-36068.20
-36068.20
-36069.72
-36071.25
-36071.25
-36072.77
-36045.33
-35966.07
-35995.03
-36077.35
-35996.55
-35970.64
-36052.96
-36027.04
-35946.25
-35947.77
-35947.77
-35949.30
-35950.82
-35950.82
-35952.35
-35953.87
-35955.40
-35956.92
-35956.92
-35958.44
-35959.97
-35959.97
-35961.49
-35961.49
-35880.70
-35856.31
-35938.63
-35911.19
-35830.40
-35831.92
-35833.45
-35833.45
-35834.97
-35838.02
-35838.02
-35839.54
-35839.54
-35841.07
-35842.59
-35842.59
-35844.12
-35845.64
-35845.64
-35847.16
-35848.69
-35850.21
-35851.74
-35796.86
-35717.59
-35799.91
-35827.35
-35746.56
-35720.64
-35722.17
-35722.17
-35723.69
-35725.21
-35725.21
-35726.74
-35726.74
-35700.82
-35620.03
-35649.00
-35732.84
-35652.04
-35626.13
-35708.45
-35682.53
-35601.74
-35603.26
-35603.26
-35604.79
-35604.79
-35606.31
-35607.84
-35607.84
-35609.36
-35610.89
-35612.41
-35613.94
-35586.50
-35507.23
-35534.67
-35616.98
-35536.19
-35510.28
-35592.59
-35566.68
-35485.89
-35487.41
-35487.41
-35488.94
-35545.34
-35627.65
-35546.86
-35495.03
-35495.03
-35496.56
-35496.56
-35498.08
-35472.17
-35391.38
-35420.34
-35501.13
-35420.34
-35395.95
-35478.27
-35450.83
-35371.56
-35453.88
-35482.84
-35402.05
-35431.01
-35511.80
-35432.54
-35379.18
-35379.18
-35380.71
-35382.23
-35382.23
-35383.76
-35383.76
-35385.28
-35386.80
-35386.80
-35388.33
-35389.85
-35336.50
-35257.23
-35339.55
-35366.99
-35286.20
-35315.16
-35397.47
-35316.68
-35263.33
-35264.85
-35264.85
-35266.38
-35266.38
-35267.90
-35269.43
-35269.43
-35270.95
-35272.48
-35274.00
-35275.52
-35222.17
-35141.38
-35223.70
-35251.13
-35170.34
-35199.31
-35281.62
-35200.83
-35147.48
-35149.00
-35149.00
-35150.53
-35152.05
-35152.05
-35153.57
-35155.10
-35156.62
-35158.15
-35158.15
