IEC 61083-2 TDG Version 2.1.0
Data File Version  2.1.0
32 LIC-M2
16 bits, 1000 samples at 10ns
1.000000e-008
15.2409
15.2409
15.2409
16.7617
15.2409
15.2409
16.7617
16.7617
15.2409
15.2409
15.2409
16.7617
15.2409
15.2409
16.7617
16.7617
16.7617
15.2409
15.2409
15.2409
16.7617
16.7617
15.2409
16.7617
16.7617
15.2409
15.2409
15.2409
15.2409
16.7617
15.2409
16.7617
16.7617
15.2409
15.2409
16.7617
15.2409
15.2409
16.7617
16.7617
16.7617
16.7617
15.2409
15.2409
15.2409
15.2409
15.2409
15.2409
16.7617
15.2409
16.7617
15.2409
16.7617
16.7617
15.2409
15.2409
15.2409
15.2409
16.7617
15.2409
16.7617
15.2409
15.2409
15.2409
15.2409
15.2409
15.2409
16.7617
16.7617
15.2409
15.2409
15.2409
15.2409
15.2409
15.2409
15.2409
15.2409
15.2409
15.2409
15.2409
15.2409
15.2409
16.7617
16.7617
15.2409
16.7617
15.2409
16.7617
15.2409
15.2409
15.2409
15.2409
15.2409
16.7617
15.2409
16.7617
15.2409
15.2409
15.2409
15.2409
15.2409
16.7617
15.2409
15.2409
15.2409
15.2409
15.2409
16.7617
16.7617
15.2409
15.2409
15.2409
16.7617
16.7617
15.2409
15.2409
15.2409
15.2409
15.2409
16.7617
15.2409
15.2409
15.2409
15.2409
16.7617
15.2409
15.2409
15.2409
15.2409
16.7617
15.2409
16.7617
15.2409
15.2409
15.2409
16.7617
15.2409
15.2409
16.7617
16.7617
16.7617
15.2409
15.2409
16.7617
16.7617
15.2409
15.2409
15.2409
15.2409
15.2409
16.7617
15.2409
16.7617
16.7617
15.2409
15.2409
15.2409
15.2409
16.7617
15.2409
15.2409
15.2409
15.2409
15.2409
15.2409
16.7617
15.2409
15.2409
16.7617
15.2409
16.7617
16.7617
16.7617
15.2409
16.7617
15.2409
15.2409
16.7617
15.2409
16.7617
15.2409
16.7617
15.2409
15.2409
16.7617
15.2409
15.2409
16.7617
15.2409
15.2409
16.7617
15.2409
16.7617
16.7617
16.7617
16.7617
16.7617
15.2409
15.2409
16.7617
15.2409
15.2409
15.2409
15.2409
15.2409
15.2409
15.2409
15.2409
15.2409
16.7617
16.7617
16.7617
15.2409
16.7617
15.2409
15.2409
15.2409
15.2409
16.7617
16.7617
16.7617
15.2409
16.7617
15.2409
15.2409
15.2409
15.2409
16.7617
15.2409
15.2409
15.2409
16.7617
16.7617
16.7617
16.7617
16.7617
15.2409
18.2872
15.2409
15.2409
15.2409
15.2409
16.7617
16.7617
15.2409
16.7617
16.7617
15.2409
15.2409
15.2409
15.2409
15.2409
16.7617
15.2409
15.2409
16.7617
16.7617
15.2409
16.7617
15.2409
15.2409
15.2409
15.2409
15.2409
15.2409
15.2409
15.2409
15.2409
15.2409
15.2409
15.2409
15.2409
16.7617
15.2409
15.2409
16.7617
15.2409
16.7617
16.7617
16.7617
16.7617
15.2409
15.2409
15.2409
15.2409
15.2409
16.7617
16.7617
15.2409
15.2409
16.7617
15.2409
16.7617
16.7617
15.2409
15.2409
15.2409
16.7617
15.2409
15.2409
15.2409
16.7617
16.7617
16.7617
15.2409
15.2409
15.2409
15.2409
15.2409
16.7617
15.2409
15.2409
16.7617
15.2409
15.2409
15.2409
16.7617
15.2409
16.7617
16.7617
16.7617
15.2409
15.2409
15.2409
15.2409
16.7617
15.2409
15.2409
16.7617
15.2409
15.2409
15.2409
15.2409
15.2409
16.7617
15.2409
16.7617
15.2409
15.2409
15.2409
15.2409
15.2409
16.7617
15.2409
16.7617
16.7617
15.2409
15.2409
15.2409
15.2409
15.2409
16.7617
16.7617
16.7617
15.2409
16.7617
16.7617
15.2409
15.2409
15.2409
16.7617
16.7617
16.7617
16.7617
16.7617
16.7617
16.7617
16.7617
18.2872
18.2872
18.2872
18.2872
19.8127
19.8127
19.8127
19.8127
18.2872
19.8127
18.2872
19.8127
21.3289
21.3289
22.8543
24.3845
24.3845
24.3845
25.9007
27.4308
27.4308
28.9516
30.4725
31.9979
33.5234
36.5744
39.6254
44.1925
50.2898
59.4287
70.1025
82.2924
92.9568
105.1560
114.2950
123.4386
131.0567
140.2003
150.8740
161.5431
172.2029
178.3002
184.3975
187.4438
192.0202
195.0619
201.1638
207.2611
213.3584
219.4510
227.0692
234.6873
240.7846
248.4027
251.4536
257.5509
262.1181
266.6945
269.7408
274.3080
277.3636
283.4609
284.9771
289.5489
294.1207
297.1716
300.2180
301.7481
304.7944
304.7944
301.7481
292.6045
271.2617
239.2591
199.6384
155.4458
112.7742
79.2461
59.4287
42.6670
28.9516
13.7154
3.0417
0.0000
0.0000
0.0000
0.0000
0.0000
0.0000
0.0000
0.0000
0.0000
0.0000
0.0000
3.0417
6.0973
7.6135
7.6135
7.6135
7.6135
10.6644
12.1899
15.2409
16.7617
21.3289
24.3845
27.4308
28.9516
31.9979
30.4725
30.4725
28.9516
27.4308
25.9007
24.3845
24.3845
22.8543
21.3289
19.8127
19.8127
19.8127
18.2872
18.2872
18.2872
18.2872
18.2872
16.7617
16.7617
15.2409
15.2409
15.2409
15.2409
15.2409
15.2409
15.2409
16.7617
16.7617
18.2872
21.3289
19.8127
21.3289
21.3289
19.8127
21.3289
21.3289
21.3289
21.3289
21.3289
21.3289
19.8127
19.8127
19.8127
19.8127
19.8127
18.2872
18.2872
16.7617
18.2872
18.2872
18.2872
18.2872
18.2872
16.7617
18.2872
18.2872
18.2872
18.2872
16.7617
16.7617
18.2872
18.2872
18.2872
16.7617
18.2872
16.7617
18.2872
16.7617
16.7617
18.2872
16.7617
18.2872
18.2872
18.2872
18.2872
19.8127
18.2872
19.8127
19.8127
18.2872
19.8127
18.2872
18.2872
18.2872
18.2872
16.7617
16.7617
16.7617
15.2409
15.2409
15.2409
15.2409
15.2409
16.7617
16.7617
16.7617
16.7617
16.7617
18.2872
16.7617
16.7617
18.2872
18.2872
18.2872
18.2872
18.2872
18.2872
18.2872
18.2872
16.7617
16.7617
16.7617
18.2872
16.7617
16.7617
16.7617
16.7617
16.7617
16.7617
16.7617
16.7617
16.7617
16.7617
16.7617
18.2872
18.2872
16.7617
16.7617
18.2872
16.7617
16.7617
16.7617
16.7617
16.7617
16.7617
16.7617
16.7617
16.7617
16.7617
16.7617
16.7617
18.2872
18.2872
16.7617
18.2872
18.2872
16.7617
16.7617
18.2872
18.2872
16.7617
16.7617
16.7617
16.7617
16.7617
16.7617
16.7617
16.7617
15.2409
16.7617
16.7617
16.7617
16.7617
18.2872
15.2409
16.7617
16.7617
18.2872
18.2872
16.7617
16.7617
16.7617
16.7617
16.7617
16.7617
15.2409
16.7617
16.7617
15.2409
15.2409
16.7617
16.7617
16.7617
16.7617
16.7617
16.7617
16.7617
16.7617
16.7617
16.7617
18.2872
16.7617
16.7617
18.2872
16.7617
16.7617
16.7617
18.2872
16.7617
15.2409
16.7617
16.7617
16.7617
16.7617
16.7617
15.2409
16.7617
16.7617
16.7617
18.2872
16.7617
16.7617
18.2872
16.7617
16.7617
16.7617
16.7617
16.7617
16.7617
16.7617
16.7617
16.7617
16.7617
16.7617
16.7617
16.7617
16.7617
16.7617
16.7617
16.7617
16.7617
16.7617
18.2872
18.2872
16.7617
16.7617
16.7617
16.7617
16.7617
16.7617
16.7617
16.7617
16.7617
16.7617
16.7617
16.7617
15.2409
16.7617
16.7617
16.7617
16.7617
15.2409
16.7617
16.7617
16.7617
16.7617
16.7617
16.7617
16.7617
16.7617
16.7617
16.7617
16.7617
16.7617
16.7617
15.2409
16.7617
16.7617
16.7617
16.7617
16.7617
16.7617
16.7617
16.7617
16.7617
16.7617
18.2872
16.7617
16.7617
16.7617
18.2872
16.7617
16.7617
16.7617
18.2872
16.7617
16.7617
16.7617
16.7617
16.7617
16.7617
16.7617
16.7617
16.7617
16.7617
16.7617
16.7617
16.7617
16.7617
16.7617
16.7617
16.7617
16.7617
16.7617
16.7617
16.7617
16.7617
16.7617
16.7617
16.7617
15.2409
16.7617
16.7617
16.7617
16.7617
16.7617
16.7617
16.7617
15.2409
16.7617
16.7617
16.7617
16.7617
16.7617
16.7617
16.7617
15.2409
18.2872
16.7617
16.7617
16.7617
15.2409
16.7617
15.2409
15.2409
16.7617
15.2409
16.7617
16.7617
16.7617
16.7617
15.2409
18.2872
16.7617
15.2409
16.7617
16.7617
16.7617
16.7617
16.7617
16.7617
16.7617
16.7617
16.7617
16.7617
15.2409
16.7617
15.2409
16.7617
15.2409
16.7617
16.7617
16.7617
18.2872
16.7617
16.7617
16.7617
16.7617
16.7617
16.7617
16.7617
15.2409
16.7617
16.7617
16.7617
16.7617
16.7617
15.2409
16.7617
16.7617
16.7617
15.2409
16.7617
16.7617
16.7617
16.7617
16.7617
16.7617
16.7617
16.7617
16.7617
16.7617
16.7617
16.7617
16.7617
15.2409
16.7617
16.7617
16.7617
16.7617
16.7617
16.7617
15.2409
16.7617
18.2872
16.7617
16.7617
16.7617
15.2409
16.7617
16.7617
15.2409
16.7617
16.7617
16.7617
15.2409
16.7617
16.7617
16.7617
16.7617
15.2409
16.7617
16.7617
16.7617
15.2409
16.7617
16.7617
16.7617
16.7617
18.2872
16.7617
16.7617
16.7617
16.7617
16.7617
16.7617
16.7617
16.7617
16.7617
15.2409
15.2409
16.7617
15.2409
16.7617
16.7617
16.7617
15.2409
16.7617
16.7617
16.7617
16.7617
15.2409
16.7617
16.7617
16.7617
16.7617
16.7617
16.7617
16.7617
16.7617
16.7617
16.7617
16.7617
16.7617
16.7617
16.7617
16.7617
16.7617
15.2409
15.2409
16.7617
15.2409
15.2409
16.7617
16.7617
16.7617
16.7617
16.7617
16.7617
16.7617
15.2409
15.2409
15.2409
16.7617
16.7617
16.7617
16.7617
16.7617
15.2409
16.7617
16.7617
15.2409
15.2409
15.2409
16.7617
16.7617
16.7617
16.7617
16.7617
16.7617
16.7617
16.7617
15.2409
16.7617
16.7617
15.2409
16.7617
16.7617
16.7617
16.7617
16.7617
18.2872
16.7617
16.7617
16.7617
16.7617
16.7617
16.7617
15.2409
16.7617
16.7617
16.7617
16.7617
