IEC 61083-2 TDG Version 2.1.0
Data File Version  2.1.0
37 LIC-M5f
16 bits, 9999 samples at 10ns
1.000000e-008
-394.4
162.4
162.4
162.4
162.4
162.4
162.4
162.4
162.4
162.4
162.4
162.4
162.4
162.4
162.4
162.4
162.4
162.4
162.4
162.4
162.4
162.4
162.4
162.4
162.4
162.4
-951.3
162.4
-394.4
-394.4
162.4
162.4
162.4
162.4
-951.3
162.4
-394.4
162.4
162.4
162.4
162.4
162.4
162.4
162.4
162.4
162.4
162.4
162.4
162.4
162.4
162.4
162.4
-394.4
162.4
162.4
162.4
162.4
162.4
162.4
162.4
-394.4
162.4
162.4
162.4
-394.4
162.4
162.4
162.4
162.4
162.4
162.4
162.4
162.4
162.4
162.4
162.4
-394.4
162.4
162.4
162.4
162.4
162.4
162.4
162.4
-394.4
162.4
162.4
162.4
162.4
162.4
162.4
162.4
-951.3
162.4
162.4
-394.4
162.4
162.4
-394.4
162.4
162.4
162.4
-394.4
162.4
162.4
162.4
162.4
162.4
162.4
162.4
162.4
162.4
162.4
162.4
162.4
162.4
162.4
-394.4
-394.4
162.4
162.4
162.4
162.4
162.4
162.4
162.4
162.4
162.4
162.4
162.4
162.4
162.4
162.4
162.4
162.4
162.4
162.4
162.4
162.4
162.4
162.4
162.4
162.4
162.4
162.4
162.4
162.4
162.4
162.4
162.4
162.4
162.4
162.4
162.4
162.4
162.4
162.4
162.4
162.4
162.4
162.4
162.4
162.4
162.4
162.4
162.4
-394.4
162.4
-394.4
162.4
162.4
162.4
162.4
162.4
-394.4
162.4
162.4
162.4
-394.4
162.4
-394.4
162.4
162.4
162.4
162.4
162.4
162.4
162.4
162.4
162.4
162.4
162.4
162.4
162.4
162.4
162.4
-394.4
162.4
162.4
162.4
-394.4
162.4
162.4
162.4
162.4
162.4
162.4
162.4
162.4
162.4
162.4
162.4
162.4
162.4
162.4
162.4
162.4
162.4
162.4
162.4
162.4
162.4
162.4
162.4
162.4
162.4
162.4
162.4
162.4
162.4
-394.4
162.4
-394.4
162.4
-394.4
162.4
162.4
162.4
162.4
162.4
162.4
162.4
162.4
162.4
162.4
162.4
162.4
162.4
162.4
162.4
162.4
162.4
162.4
162.4
162.4
162.4
162.4
162.4
162.4
162.4
162.4
162.4
-394.4
162.4
-394.4
162.4
-394.4
162.4
162.4
162.4
-394.4
162.4
-394.4
719.3
162.4
162.4
162.4
162.4
162.4
162.4
162.4
162.4
162.4
162.4
-394.4
162.4
162.4
162.4
162.4
162.4
-394.4
162.4
-951.3
162.4
162.4
-394.4
162.4
162.4
162.4
162.4
162.4
162.4
162.4
719.3
162.4
162.4
162.4
162.4
162.4
162.4
162.4
162.4
162.4
162.4
162.4
162.4
-394.4
162.4
162.4
162.4
162.4
162.4
162.4
162.4
-394.4
162.4
162.4
162.4
162.4
162.4
-394.4
162.4
162.4
162.4
-394.4
-394.4
162.4
162.4
162.4
162.4
162.4
162.4
162.4
162.4
162.4
162.4
162.4
162.4
162.4
162.4
162.4
162.4
162.4
162.4
162.4
162.4
-951.3
162.4
162.4
162.4
162.4
162.4
162.4
162.4
162.4
162.4
162.4
162.4
-394.4
162.4
162.4
162.4
-394.4
162.4
162.4
162.4
-394.4
162.4
162.4
162.4
162.4
162.4
162.4
162.4
162.4
162.4
162.4
162.4
162.4
162.4
-394.4
162.4
162.4
162.4
162.4
162.4
-394.4
162.4
162.4
162.4
162.4
162.4
-394.4
162.4
-394.4
162.4
162.4
162.4
162.4
162.4
-394.4
162.4
-394.4
162.4
162.4
162.4
162.4
162.4
162.4
162.4
162.4
162.4
162.4
162.4
162.4
162.4
162.4
162.4
162.4
162.4
162.4
162.4
162.4
162.4
162.4
162.4
162.4
162.4
162.4
162.4
162.4
162.4
162.4
162.4
162.4
162.4
162.4
162.4
162.4
162.4
162.4
162.4
-394.4
162.4
162.4
162.4
162.4
-951.3
162.4
162.4
-951.3
719.3
-951.3
-951.3
162.4
-394.4
-394.4
162.4
162.4
162.4
-951.3
-951.3
-951.3
-1508.2
-951.3
-2070.8
-394.4
-2070.8
-951.3
-2627.7
-1508.2
-4298.3
-2627.7
-4855.1
-2627.7
-5412.0
-4855.1
-4298.3
-6525.7
-3735.6
-8758.9
-5412.0
-13770.6
-8196.3
-20458.7
-15447.0
-26595.8
-26033.1
-28260.6
-36068.2
-33840.8
-42199.4
-34948.7
-50001.2
-39972.0
-53905.1
-53348.2
-55581.4
-72298.8
-62269.5
-79549.5
-84010.2
-84010.2
-95710.0
-98494.3
-105739.3
-106307.8
-117456.5
-120235.0
-123025.1
-138071.9
-130270.1
-152004.9
-146993.2
-157022.5
-164273.2
-167614.4
-169841.8
-182104.3
-180433.7
-188792.4
-193253.1
-199947.0
-202731.3
-210533.1
-216113.3
-221681.9
-226142.5
-230603.2
-234501.2
-238961.9
-241189.3
-246218.4
-249553.8
-252889.1
-256241.9
-262935.8
-265714.3
-270737.6
-276300.4
-279090.5
-282994.3
-288574.5
-290807.7
-294143.1
-298603.7
-301393.8
-304178.1
-308081.9
-308633.0
-315326.9
-314213.2
-318111.2
-323134.5
-323134.5
-327595.2
-332044.2
-331493.2
-338732.3
-339857.7
-342641.9
-345983.1
-345983.1
-349324.2
-351006.4
-352114.3
-354341.8
-355467.1
-356575.0
-358245.6
-360473.0
-361029.9
-362706.3
-365490.5
-365490.5
-367723.8
-369394.4
-368837.5
-371064.9
-371064.9
-372184.4
-372741.3
-373855.0
-373292.4
-374962.9
-374962.9
-375525.6
-375525.6
-376639.3
-375525.6
-376639.3
-377753.0
-376639.3
-377753.0
-378315.7
-377753.0
-379417.8
-378872.5
-379417.8
-379417.8
-378872.5
-378872.5
-378872.5
-378872.5
-377753.0
-378872.5
-377753.0
-377190.4
-378315.7
-377190.4
-377753.0
-377753.0
-377190.4
-377753.0
-377753.0
-376082.5
-376082.5
-375525.6
-374962.9
-374962.9
-374411.9
-374411.9
-372741.3
-372741.3
-372741.3
-372184.4
-372184.4
-371064.9
-371064.9
-369951.2
-369951.2
-368837.5
-367723.8
-368837.5
-367161.1
-367161.1
-366604.3
-365490.5
-365490.5
-364933.7
-364376.8
-363820.0
-363820.0
-363263.1
-362143.6
-362143.6
-361592.5
-361029.9
-361029.9
-360473.0
-359916.2
-359359.3
-359359.3
-358802.4
-358245.6
-357694.5
-357694.5
-357131.9
-356575.0
-356575.0
-356575.0
-355467.1
-354898.6
-354898.6
-354898.6
-354341.8
-354341.8
-353784.9
-353233.9
-353233.9
-352114.3
-352114.3
-352114.3
-351551.7
-351551.7
-351006.4
-350438.0
-350438.0
-349881.1
-349881.1
-349324.2
-349324.2
-349324.2
-349324.2
-348773.2
-348210.5
-347653.7
-348210.5
-347091.0
-347653.7
-347091.0
-347091.0
-347091.0
-347091.0
-346545.8
-347091.0
-346545.8
-346545.8
-346545.8
-345983.1
-346545.8
-345983.1
-345983.1
-345983.1
-345420.4
-345983.1
-345420.4
-345420.4
-344875.2
-345983.1
-345420.4
-345420.4
-345420.4
-344875.2
-344875.2
-345420.4
-344875.2
-344875.2
-344875.2
-344875.2
-345420.4
-344875.2
-344875.2
-344875.2
-344312.5
-344875.2
-344312.5
-344875.2
-344312.5
-344312.5
-344875.2
-344312.5
-344312.5
-344875.2
-344875.2
-344312.5
-344875.2
-344875.2
-344875.2
-344875.2
-344875.2
-344875.2
-344875.2
-344875.2
-344875.2
-345420.4
-344875.2
-345420.4
-344875.2
-345420.4
-344875.2
-344875.2
-345420.4
-345420.4
-344875.2
-345983.1
-345420.4
-345420.4
-345420.4
-345420.4
-345420.4
-345420.4
-344875.2
-345983.1
-345420.4
-345420.4
-345420.4
-345420.4
-345420.4
-345983.1
-345420.4
-345420.4
-345420.4
-345420.4
-345420.4
-345420.4
-345420.4
-345420.4
-345420.4
-345983.1
-345420.4
-345983.1
-345983.1
-345983.1
-345420.4
-345983.1
-345983.1
-345983.1
-345983.1
-345420.4
-345983.1
-345983.1
-345983.1
-345420.4
-345983.1
-345420.4
-345983.1
-346545.8
-345983.1
-345983.1
-345983.1
-345983.1
-346545.8
-345983.1
-345420.4
-345983.1
-345983.1
-345983.1
-345983.1
-345420.4
-345983.1
-345983.1
-345420.4
-345983.1
-345983.1
-345983.1
-345983.1
-345983.1
-345420.4
-345420.4
-345420.4
-345983.1
-345983.1
-345420.4
-345420.4
-345420.4
-345420.4
-345983.1
-345420.4
-345983.1
-345420.4
-345420.4
-345420.4
-345420.4
-345420.4
-345420.4
-345420.4
-345420.4
-345420.4
-345420.4
-345420.4
-345420.4
-345420.4
-345420.4
-344875.2
-345420.4
-345420.4
-345420.4
-344875.2
-345420.4
-345420.4
-345420.4
-344875.2
-344875.2
-344312.5
-344875.2
-344875.2
-344875.2
-344875.2
-344312.5
-344312.5
-344875.2
-344875.2
-344875.2
-344875.2
-344312.5
-344875.2
-344312.5
-344312.5
-344312.5
-344312.5
-344312.5
-344312.5
-344312.5
-344312.5
-344312.5
-344312.5
-344312.5
-344312.5
-344312.5
-343749.9
-344312.5
-343749.9
-344312.5
-343749.9
-343749.9
-343749.9
-343749.9
-343749.9
-343749.9
-343749.9
-343193.0
-343749.9
-343193.0
-343193.0
-343193.0
-343193.0
-343193.0
-343193.0
-343193.0
-343193.0
-343193.0
-343193.0
-343193.0
-343193.0
-343193.0
-343193.0
-343193.0
-342641.9
-343193.0
-342641.9
-342641.9
-342641.9
-342641.9
-343193.0
-342641.9
-342085.1
-342641.9
-342085.1
-342641.9
-342085.1
-342085.1
-342641.9
-342085.1
-342085.1
-342641.9
-342085.1
-342085.1
-341522.4
-342085.1
-341522.4
-342085.1
-341522.4
-342085.1
-342085.1
-342085.1
-341522.4
-341522.4
-341522.4
-342085.1
-341522.4
-341522.4
-341522.4
-341522.4
-340959.8
-340959.8
-340959.8
-340959.8
-340959.8
-340959.8
-340959.8
-340959.8
-340959.8
-340959.8
-340959.8
-340959.8
-340959.8
-340959.8
-340959.8
-340959.8
-340414.5
-340959.8
-340959.8
-340959.8
-340959.8
-340414.5
-339857.7
-340414.5
-340414.5
-340414.5
-340959.8
-340414.5
-340414.5
-340414.5
-340414.5
-340414.5
-339857.7
-340414.5
-339857.7
-340414.5
-339857.7
-340414.5
-338732.3
-339857.7
-339857.7
-339857.7
-339857.7
-339857.7
-339857.7
-339857.7
-339857.7
-339857.7
-339857.7
-339857.7
-339289.2
-339289.2
-339857.7
-339289.2
-339289.2
-339289.2
-338732.3
-338732.3
-338732.3
-338732.3
-338732.3
-338732.3
-338732.3
-338732.3
-338732.3
-338732.3
-338732.3
-338732.3
-338732.3
-338732.3
-338732.3
-338732.3
-338732.3
-338732.3
-338732.3
-338732.3
-338181.3
-338732.3
-338732.3
-338732.3
-338181.3
-338732.3
-338732.3
-338181.3
-338181.3
-338181.3
-338181.3
-338181.3
-338181.3
-338181.3
-338181.3
-338181.3
-338181.3
-338181.3
-337624.4
-337624.4
-337624.4
-337624.4
-337624.4
-338181.3
-337624.4
-337624.4
-337061.8
-337061.8
-337624.4
-337061.8
-337624.4
-337624.4
-337061.8
-337061.8
-337061.8
-337061.8
-337061.8
-337061.8
-336504.9
-337061.8
-336504.9
-337061.8
-336504.9
-336504.9
-337061.8
-336504.9
-336504.9
-336504.9
-336504.9
-336504.9
-336504.9
-336504.9
-336504.9
-336504.9
-336504.9
-336504.9
-335953.8
-336504.9
-335953.8
-336504.9
-335953.8
-335953.8
-335953.8
-335397.0
-335953.8
-335953.8
-335953.8
-335953.8
-335397.0
-335953.8
-335953.8
-335953.8
-335397.0
-335953.8
-335953.8
-335397.0
-335397.0
-335397.0
-335397.0
-335953.8
-335953.8
-335397.0
-335397.0
-335397.0
-335397.0
-335397.0
-334828.5
-335397.0
-334828.5
-335397.0
-334828.5
-335397.0
-334828.5
-334828.5
-334271.7
-335397.0
-334828.5
-334828.5
-334828.5
-335397.0
-334828.5
-334271.7
-334271.7
-334828.5
-334271.7
-334271.7
-334271.7
-334271.7
-334271.7
-334271.7
-334271.7
-333726.4
-333726.4
-333726.4
-334271.7
-334271.7
-334271.7
-334271.7
-334271.7
-333726.4
-333726.4
-333726.4
-333726.4
-333726.4
-333163.8
-333726.4
-333163.8
-333163.8
-333726.4
-333726.4
-333726.4
-333726.4
-333163.8
-333163.8
-333163.8
-333163.8
-333163.8
-333163.8
-333163.8
-333163.8
-333163.8
-333163.8
-333163.8
-333163.8
-333163.8
-333163.8
-333163.8
-333163.8
-333163.8
-333163.8
-333163.8
-333163.8
-333163.8
-333163.8
-333163.8
-332601.1
-332601.1
-333163.8
-332601.1
-332601.1
-332601.1
-332601.1
-332601.1
-333163.8
-332601.1
-332044.2
-332044.2
-333163.8
-332601.1
-332044.2
-332044.2
-332044.2
-332044.2
-332044.2
-332601.1
-332044.2
-332044.2
-332044.2
-332044.2
-332044.2
-332044.2
-332044.2
-331493.2
-332044.2
-332044.2
-332044.2
-332044.2
-332044.2
-332044.2
-332044.2
-331493.2
-332044.2
-331493.2
-332044.2
-331493.2
-331493.2
-331493.2
-331493.2
-331493.2
-331493.2
-330936.3
-331493.2
-331493.2
-331493.2
-331493.2
-331493.2
-331493.2
-331493.2
-331493.2
-331493.2
-331493.2
-331493.2
-331493.2
-331493.2
-330936.3
-331493.2
-330936.3
-331493.2
-330936.3
-330936.3
-330936.3
-330373.7
-331493.2
-330936.3
-330936.3
-330936.3
-330373.7
-330936.3
-330936.3
-330373.7
-330373.7
-330373.7
-331493.2
-330373.7
-330936.3
-330373.7
-330936.3
-330373.7
-330373.7
-330373.7
-329822.6
-330373.7
-329822.6
-330373.7
-329822.6
-330373.7
-330373.7
-330373.7
-330373.7
-330373.7
-329822.6
-329822.6
-329822.6
-329822.6
-329822.6
-329822.6
-329822.6
-329822.6
-329265.7
-329822.6
-329822.6
-329822.6
-329822.6
-329822.6
-329822.6
-329822.6
-329265.7
-329265.7
-329265.7
-329265.7
-329822.6
-329265.7
-329265.7
-329265.7
-329265.7
-329265.7
-328703.1
-329265.7
-329265.7
-329265.7
-329265.7
-329265.7
-329265.7
-329265.7
-329265.7
-329265.7
-329265.7
-329265.7
-328703.1
-328703.1
-329265.7
-328703.1
-328703.1
-328703.1
-328703.1
-328703.1
-328703.1
-328703.1
-328703.1
-328703.1
-328703.1
-328140.4
-328703.1
-328703.1
-328140.4
-328703.1
-328140.4
-328703.1
-328140.4
-328703.1
-328703.1
-328140.4
-328140.4
-328703.1
-328140.4
-327595.2
-328140.4
-328140.4
-328140.4
-328140.4
-327595.2
-328140.4
-327595.2
-328140.4
-327595.2
-327595.2
-327595.2
-327595.2
-327595.2
-327595.2
-327595.2
-327595.2
-327595.2
-327595.2
-327032.5
-327595.2
-327032.5
-327595.2
-327595.2
-327595.2
-327032.5
-327595.2
-327595.2
-327595.2
-327032.5
-327032.5
-327032.5
-327032.5
-326475.6
-327032.5
-327032.5
-327032.5
-326475.6
-326475.6
-326475.6
-326475.6
-326475.6
-326475.6
-326475.6
-326475.6
-326475.6
-326475.6
-326475.6
-326475.6
-326475.6
-325913.0
-326475.6
-326475.6
-325913.0
-326475.6
-325913.0
-326475.6
-326475.6
-325913.0
-325913.0
-325913.0
-325913.0
-325913.0
-325913.0
-325913.0
-325913.0
-325361.9
-325361.9
-325361.9
-325361.9
-325361.9
-325361.9
-325913.0
-325361.9
-325361.9
-325361.9
-325361.9
-325361.9
-325361.9
-325361.9
-325361.9
-325361.9
-325361.9
-325361.9
-325361.9
-324805.1
-325361.9
-324805.1
-324805.1
-324805.1
-324805.1
-324805.1
-324248.2
-324805.1
-324805.1
-324248.2
-324805.1
-324248.2
-324248.2
-324248.2
-324248.2
-324248.2
-324248.2
-324248.2
-324248.2
-324248.2
-324248.2
-324248.2
-324248.2
-323679.8
-324248.2
-324248.2
-324248.2
-323679.8
-323134.5
-323679.8
-323134.5
-323134.5
-323679.8
-323134.5
-323134.5
-323134.5
-323134.5
-323134.5
-323134.5
-323134.5
-323134.5
-323134.5
-323134.5
-323134.5
-323134.5
-323134.5
-323134.5
-323134.5
-322571.8
-322571.8
-323134.5
-323134.5
-323134.5
-322571.8
-322571.8
-322571.8
-322571.8
-322571.8
-323134.5
-322571.8
-322571.8
-322571.8
-322571.8
-322571.8
-322571.8
-322015.0
-322015.0
-322015.0
-322571.8
-322571.8
-322015.0
-322015.0
-322015.0
-322015.0
-322015.0
-322015.0
-320901.3
-322015.0
-322015.0
-322015.0
-322015.0
-322015.0
-321452.3
-322015.0
-322015.0
-321452.3
-322015.0
-321452.3
-320901.3
-320901.3
-321452.3
-320901.3
-320901.3
-320901.3
-320901.3
-320901.3
-320901.3
-320901.3
-320901.3
-320901.3
-320901.3
-320901.3
-320901.3
-320901.3
-320901.3
-320901.3
-320901.3
-320901.3
-320901.3
-320901.3
-320901.3
-320901.3
-320901.3
-320901.3
-320901.3
-320901.3
-320901.3
-320344.4
-320901.3
-320901.3
-320344.4
-320344.4
-320344.4
-320344.4
-320344.4
-320344.4
-320344.4
-319787.5
-320344.4
-319787.5
-319787.5
-319787.5
-319787.5
-319787.5
-319787.5
-319787.5
-319219.1
-319787.5
-319787.5
-319787.5
-319787.5
-319219.1
-318673.8
-319219.1
-319219.1
-319219.1
-319219.1
-319219.1
-319219.1
-319219.1
-319219.1
-319219.1
-318673.8
-319219.1
-319219.1
-319219.1
-318673.8
-318673.8
-318673.8
-318673.8
-318673.8
-318673.8
-318673.8
-318673.8
-318673.8
-318673.8
-318111.2
-318673.8
-318673.8
-318673.8
-318111.2
-318673.8
-318673.8
-318111.2
-318673.8
-318673.8
-318673.8
-318111.2
-318111.2
-318111.2
-318111.2
-318111.2
-318111.2
-318111.2
-318111.2
-318111.2
-318111.2
-318111.2
-317554.3
-317554.3
-317554.3
-317554.3
-317554.3
-317554.3
-317554.3
-317554.3
-317554.3
-317554.3
-317554.3
-317554.3
-317554.3
-317554.3
-317554.3
-317554.3
-317554.3
-317554.3
-317554.3
-316440.6
-317003.3
-317003.3
-317003.3
-317003.3
-317003.3
-316440.6
-317003.3
-316440.6
-316440.6
-316440.6
-317003.3
-317003.3
-316440.6
-316440.6
-316440.6
-316440.6
-316440.6
-316440.6
-316440.6
-316440.6
-316440.6
-316440.6
-316440.6
-316440.6
-316440.6
-316440.6
-316440.6
-315883.7
-316440.6
-315883.7
-315883.7
-316440.6
-315883.7
-315883.7
-316440.6
-316440.6
-315883.7
-315883.7
-315883.7
-315883.7
-315883.7
-315326.9
-315326.9
-315326.9
-315326.9
-315883.7
-315326.9
-315326.9
-315326.9
-315326.9
-315326.9
-315326.9
-315326.9
-315326.9
-315326.9
-314770.0
-315326.9
-315326.9
-315326.9
-314770.0
-315326.9
-315326.9
-315326.9
-314770.0
-314770.0
-315326.9
-315326.9
-314770.0
-314770.0
-314770.0
-314770.0
-314213.2
-315326.9
-314770.0
-314213.2
-314213.2
-314770.0
-314770.0
-314770.0
-314213.2
-314770.0
-314213.2
-314213.2
-314770.0
-314770.0
-314213.2
-314213.2
-314213.2
-314213.2
-314213.2
-314213.2
-314213.2
-314213.2
-314770.0
-314213.2
-314213.2
-314213.2
-313656.3
-313656.3
-313656.3
-313656.3
-313656.3
-313656.3
-313656.3
-314213.2
-313656.3
-314213.2
-313656.3
-313656.3
-314213.2
-313656.3
-313656.3
-313656.3
-313656.3
-313656.3
-314213.2
-313656.3
-313656.3
-313093.6
-313093.6
-313093.6
-313656.3
-313656.3
-313656.3
-313093.6
-313656.3
-313093.6
-313093.6
-313656.3
-312542.6
-313093.6
-313093.6
-313093.6
-313093.6
-313093.6
-312542.6
-313656.3
-313093.6
-313656.3
-313093.6
-312542.6
-312542.6
-312542.6
-312542.6
-312542.6
-312542.6
-312542.6
-312542.6
-312542.6
-312542.6
-312542.6
-312542.6
-312542.6
-311979.9
-311979.9
-312542.6
-311979.9
-311979.9
-312542.6
-311423.1
-311979.9
-311979.9
-311423.1
-311979.9
-311979.9
-311979.9
-311979.9
-311979.9
-311979.9
-311423.1
-311979.9
-311979.9
-311979.9
-311423.1
-311979.9
-311423.1
-311423.1
-311423.1
-311423.1
-311979.9
-311423.1
-311423.1
-311423.1
-311423.1
-311423.1
-311423.1
-311423.1
-311423.1
-310866.2
-311423.1
-310866.2
-310866.2
-310866.2
-310866.2
-310866.2
-310866.2
-310866.2
-310866.2
-310866.2
-310866.2
-310866.2
-310866.2
-310866.2
-310866.2
-310866.2
-310866.2
-310866.2
-310309.4
-310866.2
-310866.2
-310309.4
-310309.4
-310309.4
-310866.2
-310309.4
-310309.4
-310309.4
-310309.4
-309752.5
-309752.5
-309752.5
-309752.5
-310309.4
-309752.5
-310309.4
-309752.5
-309752.5
-309752.5
-309752.5
-309752.5
-309752.5
-309752.5
-309752.5
-309195.6
-309752.5
-309752.5
-309752.5
-309752.5
-309752.5
-309752.5
-309752.5
-309195.6
-309752.5
-309195.6
-309195.6
-309195.6
-309752.5
-309195.6
-309195.6
-309195.6
-309195.6
-308633.0
-309195.6
-309195.6
-308633.0
-308633.0
-308633.0
-308633.0
-308633.0
-308633.0
-308633.0
-308633.0
-308633.0
-308633.0
-308633.0
-308633.0
-308633.0
-308633.0
-308633.0
-308633.0
-308633.0
-308633.0
-308633.0
-308081.9
-308081.9
-308633.0
-308633.0
-308633.0
-308081.9
-307525.1
-308081.9
-308081.9
-307525.1
-307525.1
-308081.9
-307525.1
-307525.1
-307525.1
-307525.1
-307525.1
-307525.1
-307525.1
-307525.1
-307525.1
-307525.1
-307525.1
-307525.1
-307525.1
-307525.1
-307525.1
-306962.4
-306962.4
-307525.1
-306962.4
-306962.4
-306962.4
-306962.4
-307525.1
-307525.1
-306962.4
-306962.4
-306962.4
-307525.1
-306962.4
-306962.4
-306405.5
-306405.5
-306405.5
-306962.4
-306405.5
-306962.4
-306405.5
-306405.5
-306405.5
-306405.5
-305848.7
-306405.5
-306405.5
-306405.5
-306405.5
-306405.5
-306405.5
-306405.5
-305848.7
-306405.5
-305848.7
-306405.5
-305848.7
-305848.7
-305291.8
-305848.7
-305291.8
-305291.8
-305291.8
-305291.8
-305848.7
-305291.8
-305291.8
-305291.8
-305291.8
-305291.8
-305291.8
-305291.8
-305291.8
-305291.8
-305291.8
-305291.8
-305291.8
-305291.8
-304735.0
-304735.0
-304735.0
-305291.8
-304735.0
-304735.0
-304735.0
-304735.0
-304735.0
-304735.0
-304735.0
-304735.0
-304178.1
-304178.1
-304735.0
-304178.1
-304178.1
-304178.1
-304178.1
-304178.1
-304735.0
-304178.1
-304178.1
-304178.1
-304178.1
-304178.1
-304178.1
-303621.3
-304178.1
-304178.1
-304178.1
-304178.1
-303621.3
-304178.1
-303621.3
-304178.1
-303621.3
-304178.1
-303621.3
-304178.1
-303621.3
-304178.1
-303621.3
-304178.1
-303064.4
-303064.4
-303064.4
-303064.4
-303064.4
-303064.4
-303064.4
-303064.4
-303064.4
-303064.4
-303064.4
-303064.4
-303064.4
-303064.4
-303064.4
-303064.4
-303064.4
-303064.4
-303064.4
-303064.4
-303064.4
-303064.4
-303064.4
-303064.4
-303064.4
-303064.4
-303064.4
-303064.4
-303064.4
-302501.7
-302501.7
-303064.4
-303064.4
-302501.7
-303064.4
-302501.7
-302501.7
-302501.7
-302501.7
-301956.5
-302501.7
-302501.7
-301956.5
-302501.7
-302501.7
-301956.5
-301956.5
-301956.5
-301956.5
-301956.5
-301956.5
-301956.5
-301393.8
-301956.5
-301393.8
-301393.8
-301956.5
-301956.5
-301956.5
-301956.5
-301393.8
-301393.8
-301956.5
-301393.8
-301956.5
-301393.8
-301393.8
-301393.8
-301393.8
-300831.2
-301956.5
-300831.2
-301393.8
-301393.8
-300831.2
-300831.2
-300831.2
-300831.2
-300831.2
-301393.8
-300831.2
-300831.2
-300831.2
-300831.2
-300831.2
-300831.2
-300831.2
-300831.2
-300831.2
-300831.2
-300831.2
-300831.2
-300831.2
-300831.2
-300831.2
-300274.3
-300274.3
-300831.2
-300274.3
-300274.3
-300831.2
-300831.2
-300274.3
-300274.3
-300831.2
-300274.3
-300274.3
-300274.3
-300274.3
-300274.3
-299723.2
-300274.3
-299723.2
-300274.3
-300274.3
-299723.2
-299723.2
-300274.3
-299723.2
-299723.2
-299723.2
-299723.2
-299723.2
-299723.2
-299723.2
-299723.2
-299723.2
-299723.2
-299723.2
-299723.2
-299723.2
-299723.2
-299723.2
-299723.2
-299723.2
-299160.6
-299160.6
-299723.2
-299723.2
-299723.2
-299160.6
-299160.6
-299160.6
-299160.6
-299160.6
-299160.6
-299160.6
-299160.6
-299160.6
-298603.7
-298603.7
-299160.6
-298603.7
-298603.7
-298603.7
-298603.7
-298603.7
-298603.7
-298603.7
-298603.7
-298603.7
-298603.7
-298046.9
-298603.7
-298046.9
-298603.7
-298603.7
-298046.9
-298046.9
-298603.7
-298046.9
-298046.9
-298046.9
-298046.9
-297495.8
-298603.7
-298046.9
-298046.9
-297495.8
-298046.9
-298046.9
-297495.8
-297495.8
-297495.8
-297495.8
-297495.8
-297495.8
-298046.9
-297495.8
-297495.8
-297495.8
-297495.8
-297495.8
-297495.8
-297495.8
-297495.8
-297495.8
-297495.8
-297495.8
-297495.8
-297495.8
-296933.2
-297495.8
-297495.8
-296933.2
-297495.8
-297495.8
-297495.8
-296933.2
-297495.8
-296933.2
-296933.2
-296933.2
-297495.8
-296370.5
-296933.2
-296933.2
-296933.2
-296933.2
-296933.2
-296933.2
-296370.5
-296370.5
-296370.5
-296370.5
-296933.2
-296370.5
-296370.5
-296370.5
-296370.5
-296370.5
-296370.5
-296370.5
-296370.5
-296370.5
-296370.5
-296370.5
-296370.5
-295813.6
-296370.5
-295813.6
-296370.5
-296370.5
-295813.6
-295813.6
-296370.5
-296370.5
-295813.6
-295813.6
-296370.5
-295813.6
-295813.6
-295813.6
-295813.6
-295813.6
-295813.6
-295813.6
-295813.6
-295268.4
-295813.6
-295268.4
-295813.6
-295813.6
-295268.4
-295813.6
-295268.4
-295268.4
-295268.4
-295813.6
-295268.4
-295268.4
-295268.4
-295813.6
-294699.9
-295268.4
-295268.4
-295268.4
-294699.9
-294699.9
-295268.4
-294699.9
-294699.9
-294699.9
-295268.4
-294699.9
-294143.1
-294699.9
-294699.9
-294699.9
-294699.9
-295268.4
-294699.9
-294143.1
-294699.9
-294699.9
-294143.1
-294143.1
-294143.1
-294143.1
-294143.1
-293586.2
-294143.1
-294143.1
-294143.1
-294143.1
-294143.1
-294143.1
-293586.2
-293586.2
-294143.1
-293586.2
-294143.1
-293586.2
-293586.2
-293586.2
-293586.2
-293586.2
-293586.2
-293586.2
-293586.2
-293586.2
-293586.2
-293035.1
-293586.2
-293035.1
-293586.2
-293586.2
-293586.2
-293586.2
-293035.1
-293586.2
-293035.1
-293035.1
-293035.1
-293035.1
-293035.1
-293035.1
-293035.1
-293035.1
-293035.1
-293035.1
-293035.1
-293035.1
-293035.1
-293035.1
-293035.1
-293035.1
-293035.1
-292472.5
-292472.5
-293035.1
-292472.5
-292472.5
-292472.5
-292472.5
-292472.5
-292472.5
-291915.6
-291915.6
-291915.6
-291915.6
-291915.6
-292472.5
-292472.5
-291915.6
-291915.6
-291915.6
-291915.6
-291915.6
-291915.6
-291915.6
-291915.6
-291915.6
-291353.0
-291915.6
-291353.0
-291353.0
-291915.6
-291915.6
-291353.0
-291353.0
-291353.0
-291353.0
-291353.0
-290807.7
-290807.7
-291353.0
-291353.0
-291353.0
-290807.7
-290807.7
-290807.7
-290807.7
-290807.7
-290807.7
-290807.7
-290807.7
-290807.7
-290807.7
-290807.7
-290239.2
-290807.7
-290807.7
-290807.7
-290807.7
-290807.7
-290807.7
-290807.7
-290807.7
-290807.7
-290807.7
-290239.2
-290239.2
-290807.7
-290239.2
-289682.4
-290239.2
-290239.2
-290239.2
-290239.2
-289682.4
-289682.4
-290239.2
-289682.4
-289682.4
-289682.4
-289682.4
-289682.4
-289682.4
-289682.4
-289682.4
-289682.4
-289682.4
-289682.4
-289682.4
-289131.3
-289682.4
-289682.4
-289131.3
-289682.4
-289682.4
-289131.3
-289682.4
-289682.4
-289131.3
-289131.3
-289131.3
-289131.3
-289131.3
-288574.5
-289131.3
-289131.3
-289131.3
-288574.5
-289131.3
-289131.3
-288574.5
-288574.5
-288574.5
-289131.3
-288574.5
-289131.3
-288574.5
-288574.5
-288574.5
-288011.8
-288011.8
-288574.5
-288574.5
-288574.5
-288011.8
-288011.8
-288011.8
-288011.8
-288011.8
-288574.5
-288011.8
-288574.5
-288011.8
-288574.5
-287455.0
-288574.5
-288011.8
-288011.8
-288011.8
-287455.0
-287455.0
-288011.8
-287455.0
-287455.0
-287455.0
-287455.0
-287455.0
-287455.0
-287455.0
-287455.0
-287455.0
-286903.9
-287455.0
-287455.0
-287455.0
-286903.9
-286347.0
-287455.0
-286903.9
-287455.0
-287455.0
-287455.0
-286347.0
-286903.9
-286347.0
-286903.9
-286903.9
-287455.0
-286903.9
-286903.9
-286347.0
-286347.0
-286347.0
-286903.9
-286347.0
-286347.0
-286347.0
-286347.0
-286347.0
-286347.0
-286347.0
-286347.0
-286347.0
-286347.0
-286347.0
-286347.0
-286347.0
-285778.6
-286347.0
-285778.6
-286347.0
-285778.6
-286347.0
-286347.0
-285221.7
-286347.0
-286347.0
-285778.6
-285778.6
-285778.6
-285778.6
-285778.6
-285221.7
-285221.7
-285778.6
-285778.6
-285221.7
-285778.6
-285221.7
-285221.7
-285221.7
-285778.6
-285778.6
-285778.6
-285778.6
-285221.7
-285221.7
-285221.7
-285221.7
-285221.7
-285221.7
-285221.7
-285221.7
-285221.7
-285221.7
-285221.7
-285221.7
-285221.7
-285221.7
-285221.7
-285221.7
-285221.7
-285221.7
-285221.7
-285221.7
-285221.7
-284676.5
-285221.7
-285221.7
-285221.7
-285221.7
-285221.7
-284676.5
-284676.5
-285221.7
-284676.5
-285221.7
-284676.5
-284676.5
-284676.5
-284676.5
-284676.5
-284676.5
-284676.5
-285221.7
-284676.5
-284676.5
-284676.5
-284113.8
-284113.8
-284113.8
-284113.8
-284113.8
-284676.5
-284113.8
-284113.8
-284113.8
-284113.8
-284113.8
-283551.1
-284113.8
-284113.8
-284113.8
-284113.8
-284113.8
-283551.1
-283551.1
-283551.1
-284113.8
-284113.8
-283551.1
-283551.1
-283551.1
-283551.1
-284113.8
-283551.1
-282994.3
-283551.1
-283551.1
-283551.1
-282994.3
-283551.1
-284113.8
-282994.3
-282994.3
-283551.1
-282994.3
-282994.3
-282994.3
-283551.1
-282994.3
-282994.3
-282994.3
-282994.3
-283551.1
-282994.3
-282994.3
-283551.1
-282994.3
-282994.3
-282994.3
-282994.3
-282994.3
-282994.3
-282443.2
-282994.3
-282994.3
-282994.3
-282994.3
-282994.3
-282994.3
-282443.2
-282443.2
-282994.3
-282443.2
-282443.2
-282443.2
-282443.2
-282443.2
-282443.2
-281886.4
-282443.2
-282443.2
-281886.4
-281886.4
-282443.2
-282443.2
-281886.4
-282443.2
-282443.2
-282443.2
-281886.4
-281886.4
-282443.2
-281886.4
-281886.4
-281886.4
-281886.4
-281886.4
-281886.4
-281886.4
-281886.4
-281886.4
-281886.4
-281886.4
-281886.4
-281886.4
-281886.4
-281886.4
-281886.4
-281886.4
-281886.4
-281323.7
-281323.7
-281323.7
-281886.4
-281886.4
-281323.7
-281323.7
-281886.4
-281323.7
-281886.4
-281323.7
-281323.7
-280761.1
-281323.7
-280761.1
-281323.7
-280761.1
-280761.1
-280761.1
-280761.1
-281323.7
-280761.1
-280761.1
-280761.1
-280761.1
-280761.1
-280761.1
-280761.1
-280761.1
-280215.8
-280761.1
-280761.1
-280761.1
-280761.1
-280761.1
-280215.8
-280761.1
-280215.8
-280215.8
-279653.1
-280215.8
-279653.1
-279653.1
-280215.8
-280215.8
-280215.8
-280215.8
-280215.8
-279653.1
-280215.8
-279653.1
-280215.8
-279653.1
-279653.1
-279653.1
-279653.1
-279653.1
-279653.1
-280215.8
-279653.1
-279653.1
-279653.1
-279653.1
-279653.1
-279653.1
-279653.1
-279090.5
-279090.5
-279090.5
-279090.5
-279090.5
-279090.5
-279090.5
-279090.5
-279090.5
-279090.5
-279653.1
-279090.5
-279090.5
-278533.6
-278533.6
-279090.5
-278533.6
-278533.6
-278533.6
-278533.6
-278533.6
-278533.6
-278533.6
-278533.6
-278533.6
-278533.6
-278533.6
-278533.6
-278533.6
-278533.6
-278533.6
-278533.6
-278533.6
-278533.6
-278533.6
-277982.6
-278533.6
-277982.6
-277982.6
-277982.6
-277982.6
-277982.6
-277982.6
-277982.6
-277982.6
-277982.6
-277982.6
-277425.7
-277425.7
-277982.6
-277982.6
-277982.6
-277425.7
-277982.6
-277982.6
-277425.7
-277425.7
-277425.7
-277982.6
-277425.7
-277425.7
-277982.6
-277425.7
-276863.0
-277982.6
-277982.6
-277425.7
-277425.7
-277425.7
-277425.7
-276863.0
-277425.7
-276863.0
-277425.7
-277425.7
-276863.0
-276300.4
-276863.0
-276300.4
-277425.7
-276863.0
-276863.0
-276863.0
-276863.0
-276863.0
-276300.4
-276300.4
-276300.4
-276300.4
-276300.4
-276300.4
-275755.1
-276300.4
-276300.4
-275755.1
-275755.1
-275755.1
-275755.1
-276300.4
-275755.1
-275755.1
-275755.1
-275755.1
-275755.1
-276300.4
-275755.1
-275755.1
-275755.1
-275755.1
-275755.1
-275198.3
-275755.1
-275198.3
-275755.1
-275755.1
-275198.3
-275755.1
-275198.3
-275755.1
-275755.1
-275198.3
-275755.1
-275755.1
-275198.3
-275198.3
-275198.3
-275198.3
-275198.3
-275198.3
-274629.8
-275198.3
-275198.3
-275198.3
-275198.3
-275198.3
-275198.3
-275198.3
-275198.3
-274629.8
-274629.8
-275198.3
-274629.8
-274629.8
-274084.6
-275198.3
-274629.8
-274084.6
-274629.8
-274629.8
-274629.8
-274084.6
-274084.6
-274084.6
-274084.6
-274629.8
-274084.6
-274084.6
-274084.6
-274084.6
-274084.6
-274084.6
-274084.6
-273521.9
-273521.9
-274084.6
-273521.9
-274084.6
-273521.9
-273521.9
-274084.6
-274084.6
-273521.9
-273521.9
-273521.9
-273521.9
-274084.6
-273521.9
-273521.9
-273521.9
-273521.9
-272965.0
-273521.9
-272965.0
-272965.0
-272965.0
-272965.0
-272965.0
-272965.0
-272965.0
-272965.0
-272965.0
-272965.0
-272965.0
-272965.0
-272965.0
-272965.0
-272965.0
-272965.0
-272402.4
-272965.0
-272402.4
-272965.0
-272402.4
-272965.0
-272965.0
-272402.4
-272402.4
-272402.4
-272965.0
-272402.4
-272402.4
-272402.4
-272402.4
-272402.4
-271851.3
-272402.4
-272402.4
-271851.3
-272402.4
-271851.3
-272965.0
-272402.4
-271851.3
-271851.3
-272402.4
-271851.3
-271851.3
-271851.3
-271851.3
-271851.3
-271851.3
-271851.3
-271851.3
-271851.3
-271851.3
-271851.3
-271851.3
-271294.5
-271851.3
-271851.3
-271294.5
-271294.5
-271851.3
-271294.5
-271294.5
-271851.3
-271851.3
-271294.5
-271294.5
-271294.5
-270737.6
-271294.5
-271294.5
-271294.5
-271294.5
-271294.5
-270737.6
-271294.5
-270737.6
-270737.6
-271294.5
-270737.6
-270737.6
-270737.6
-270737.6
-270737.6
-270737.6
-270737.6
-270169.1
-270737.6
-270737.6
-270737.6
-270737.6
-270737.6
-270169.1
-270737.6
-270737.6
-270169.1
-270737.6
-270169.1
-270169.1
-270169.1
-270169.1
-270169.1
-270169.1
-270169.1
-270169.1
-270169.1
-270169.1
-269623.9
-270169.1
-270169.1
-270169.1
-270169.1
-270169.1
-269623.9
-269623.9
-269623.9
-269623.9
-269623.9
-269623.9
-269623.9
-269623.9
-269623.9
-269623.9
-269623.9
-269623.9
-269623.9
-269623.9
-269623.9
-269623.9
-269623.9
-269623.9
-269623.9
-269067.0
-269623.9
-269623.9
-269623.9
-269623.9
-269623.9
-269623.9
-269623.9
-269623.9
-269067.0
-269623.9
-269067.0
-269067.0
-269623.9
-269067.0
-269623.9
-269067.0
-269067.0
-269067.0
-269067.0
-269067.0
-269067.0
-269067.0
-269067.0
-268498.6
-268498.6
-269067.0
-268498.6
-268498.6
-269067.0
-268498.6
-269067.0
-269067.0
-268498.6
-268498.6
-268498.6
-268498.6
-268498.6
-268498.6
-268498.6
-268498.6
-268498.6
-268498.6
-268498.6
-268498.6
-268498.6
-268498.6
-268498.6
-268498.6
-268498.6
-268498.6
-268498.6
-268498.6
-267941.7
-268498.6
-267941.7
-267941.7
-267941.7
-267941.7
-267390.7
-268498.6
-267941.7
-267941.7
-268498.6
-267390.7
-267390.7
-268498.6
-267390.7
-267390.7
-267390.7
-267390.7
-267390.7
-267941.7
-267390.7
-267390.7
-267941.7
-267390.7
-267390.7
-267390.7
-267390.7
-267390.7
-267390.7
-267390.7
-267390.7
-267390.7
-267390.7
-267390.7
-267390.7
-267390.7
-267390.7
-267390.7
-267390.7
-267390.7
-267390.7
-267390.7
-267390.7
-267390.7
-267390.7
-267390.7
-267390.7
-267390.7
-267390.7
-266833.8
-266833.8
-267390.7
-266833.8
-267390.7
-266833.8
-266833.8
-266833.8
-267390.7
-266833.8
-266833.8
-266833.8
-266276.9
-266833.8
-266833.8
-266833.8
-266833.8
-266276.9
-266276.9
-266276.9
-266833.8
-266833.8
-266276.9
-266276.9
-266833.8
-266276.9
-266276.9
-266276.9
-266276.9
-266276.9
-266276.9
-266276.9
-266276.9
-266276.9
-266276.9
-265714.3
-265714.3
-265714.3
-265714.3
-265714.3
-266276.9
-265714.3
-265714.3
-265714.3
-266276.9
-265714.3
-265163.2
-265163.2
-265714.3
-265714.3
-265714.3
-265163.2
-265714.3
-265714.3
-265163.2
-265163.2
-265714.3
-265163.2
-265163.2
-265163.2
-265163.2
-265714.3
-265163.2
-265163.2
-265163.2
-265714.3
-265163.2
-265163.2
-265163.2
-265163.2
-265163.2
-265163.2
-265163.2
-265163.2
-265163.2
-265163.2
-265163.2
-264606.4
-264606.4
-264606.4
-264606.4
-264606.4
-264606.4
-264606.4
-264606.4
-264606.4
-264606.4
-264606.4
-264606.4
-264606.4
-264606.4
-264606.4
-264606.4
-264606.4
-264037.9
-264037.9
-264606.4
-264037.9
-264606.4
-264606.4
-264037.9
-264037.9
-264037.9
-264606.4
-264037.9
-264037.9
-264037.9
-264037.9
-264606.4
-264037.9
-264037.9
-264037.9
-263481.0
-264037.9
-263481.0
-263481.0
-264037.9
-264037.9
-263481.0
-264037.9
-263481.0
-263481.0
-263481.0
-263481.0
-262935.8
-263481.0
-263481.0
-263481.0
-263481.0
-262935.8
-262935.8
-263481.0
-263481.0
-263481.0
-262935.8
-262935.8
-262935.8
-262935.8
-262935.8
-262935.8
-262935.8
-262935.8
-262935.8
-262935.8
-262935.8
-262935.8
-262935.8
-262935.8
-262935.8
-262935.8
-262935.8
-262935.8
-262373.1
-262935.8
-262373.1
-261810.5
-262373.1
-262935.8
-261810.5
-261810.5
-262373.1
-261810.5
-261810.5
-262373.1
-261810.5
-262373.1
-261810.5
-261810.5
-261810.5
-261810.5
-261259.4
-261810.5
-261810.5
-261810.5
-261259.4
-261810.5
-261810.5
-261810.5
-261810.5
-261810.5
-261810.5
-261810.5
-261259.4
-261810.5
-261810.5
-261259.4
-261810.5
-261810.5
-261810.5
-261810.5
-261259.4
-261259.4
-261259.4
-261259.4
-260702.5
-260702.5
-261259.4
-261259.4
-261259.4
-261259.4
-260702.5
-260702.5
-261259.4
-261259.4
-260702.5
-261259.4
-260702.5
-260702.5
-260702.5
-260702.5
-260702.5
-260702.5
-260145.7
-260702.5
-260702.5
-260702.5
-260145.7
-260702.5
-260145.7
-260145.7
-260702.5
-260145.7
-260145.7
-260702.5
-260145.7
-260145.7
-260145.7
-260145.7
-260145.7
-260145.7
-260145.7
-260145.7
-260145.7
-260145.7
-259583.0
-259583.0
-260145.7
-259583.0
-259583.0
-259583.0
-260145.7
-260145.7
-259032.0
-259583.0
-260145.7
-260145.7
-259032.0
-259583.0
-259583.0
-259032.0
-259583.0
-259032.0
-259583.0
-259032.0
-259032.0
-259032.0
-259032.0
-259032.0
-259032.0
-259032.0
-259032.0
-258475.1
-258475.1
-258475.1
-259032.0
-259032.0
-258475.1
-258475.1
-258475.1
-259032.0
-259032.0
-258475.1
-258475.1
-258475.1
-259032.0
-258475.1
-259032.0
-258475.1
-257912.5
-258475.1
-257912.5
-258475.1
-257912.5
-257912.5
-258475.1
-258475.1
-257912.5
-257912.5
-257912.5
-257912.5
-257912.5
-257912.5
-257912.5
-257912.5
-257349.8
-257912.5
-257912.5
-257912.5
-257912.5
-257349.8
-257349.8
-257912.5
-257349.8
-257349.8
-257349.8
-257349.8
-257349.8
-257349.8
-257349.8
-257349.8
-257349.8
-257349.8
-257349.8
-257349.8
-257349.8
-257349.8
-257349.8
-257349.8
-256798.7
-257349.8
-257349.8
-257349.8
-256798.7
-256798.7
-256798.7
-256798.7
-257349.8
-257349.8
-257349.8
-256798.7
-256798.7
-256798.7
-256798.7
-256798.7
-256241.9
-256798.7
-256798.7
-256241.9
-256798.7
-256798.7
-256798.7
-256798.7
-256798.7
-256241.9
-256241.9
-256241.9
-256241.9
-256241.9
-256241.9
-256241.9
-255685.0
-256241.9
-256241.9
-256241.9
-256241.9
-256241.9
-256241.9
-256241.9
-256241.9
-256241.9
-256241.9
-256241.9
-255685.0
-255685.0
-255685.0
-255685.0
-255122.4
-256241.9
-255685.0
-255685.0
-255685.0
-255685.0
-256241.9
-255685.0
-255685.0
-255685.0
-255685.0
-255122.4
-255122.4
-255685.0
-255122.4
-255122.4
-255122.4
-255122.4
-255685.0
-255122.4
-255685.0
-255122.4
-255685.0
-255122.4
-255122.4
-255122.4
-255122.4
-255122.4
-255122.4
-255122.4
-255122.4
-255122.4
-255122.4
-254571.3
-255122.4
-254571.3
-255122.4
-255122.4
-255122.4
-254571.3
-255122.4
-254571.3
-254571.3
-254571.3
-255122.4
-254571.3
-255122.4
-255122.4
-255122.4
-254571.3
-254571.3
-254014.4
-254571.3
-254014.4
-254014.4
-255122.4
-254014.4
-254571.3
-254014.4
-254014.4
-254014.4
-254014.4
-254014.4
-254014.4
-254014.4
-254014.4
-254014.4
-254014.4
-254014.4
-254014.4
-254571.3
-254014.4
-254014.4
-254014.4
-254014.4
-254014.4
-254014.4
-254014.4
-254014.4
-254014.4
-254014.4
-254014.4
-253451.8
-253451.8
-254014.4
-253451.8
-254014.4
-253451.8
-254014.4
-254014.4
-253451.8
-253451.8
-254014.4
-253451.8
-253451.8
-253451.8
-254014.4
-253451.8
-252889.1
-253451.8
-253451.8
-253451.8
-253451.8
-252889.1
-252889.1
-253451.8
-252889.1
-252889.1
-252889.1
-252889.1
-252889.1
-252889.1
-252889.1
-252889.1
-252889.1
-252343.9
-252889.1
-252889.1
-252889.1
-252889.1
-252889.1
-252889.1
-252889.1
-252889.1
-252343.9
-252889.1
-252889.1
-252889.1
-252343.9
-252889.1
-252343.9
-252343.9
-252343.9
-252343.9
-252343.9
-252343.9
-252343.9
-251781.2
-252889.1
-252343.9
-251781.2
-251781.2
-251781.2
-251781.2
-251781.2
-251781.2
-251781.2
-251781.2
-251781.2
-251781.2
-251781.2
-251781.2
-251781.2
-251781.2
-251781.2
-251781.2
-251781.2
-251781.2
-251781.2
-251781.2
-251781.2
-251781.2
-251781.2
-251781.2
-251781.2
-251781.2
-251224.4
-251781.2
-251781.2
-251224.4
-251224.4
-251781.2
-251781.2
-251781.2
-251224.4
-251224.4
-251224.4
-251781.2
-251224.4
-251781.2
-251224.4
-251224.4
-251224.4
-251781.2
-251224.4
-251224.4
-251224.4
-251224.4
-251224.4
-251224.4
-251224.4
-251781.2
-251224.4
-251224.4
-251224.4
-250661.7
-250661.7
-250661.7
-250661.7
-250661.7
-250661.7
-250661.7
-250661.7
-250661.7
-250661.7
-250661.7
-250661.7
-250661.7
-250661.7
-250661.7
-250661.7
-250661.7
-250661.7
-250661.7
-250661.7
-250661.7
-250661.7
-250661.7
-250661.7
-250661.7
-250661.7
-250661.7
-250661.7
-250661.7
-250661.7
-250661.7
-250110.6
-250661.7
-250110.6
-250110.6
-250110.6
-249553.8
-250110.6
-250110.6
-250110.6
-250110.6
-249553.8
-250110.6
-250110.6
-250110.6
-249553.8
-249553.8
-249553.8
-249553.8
-249553.8
-249553.8
-249553.8
-249553.8
-249553.8
-249553.8
-249553.8
-249553.8
-249553.8
-249553.8
-249553.8
-249553.8
-249553.8
-249553.8
-249553.8
-249553.8
-249553.8
-249553.8
-249553.8
-249553.8
-249553.8
-249553.8
-249553.8
-249553.8
-249553.8
-249553.8
-249553.8
-248996.9
-249553.8
-249553.8
-248996.9
-248996.9
-248996.9
-248996.9
-248996.9
-249553.8
-248996.9
-248996.9
-248996.9
-248996.9
-248428.5
-248996.9
-248996.9
-248428.5
-248428.5
-248428.5
-248996.9
-248428.5
-248428.5
-248428.5
-248428.5
-248428.5
-247883.2
-248428.5
-247883.2
-247883.2
-248428.5
-248428.5
-248428.5
-247883.2
-247883.2
-247883.2
-247883.2
-247883.2
-247883.2
-247883.2
-247883.2
-247883.2
-247883.2
-247883.2
-247883.2
-247883.2
-247320.5
-247883.2
-247883.2
-247883.2
-247320.5
-247320.5
-247883.2
-247320.5
-247883.2
-247320.5
-247320.5
-247320.5
-247320.5
-247320.5
-247320.5
-247320.5
-247320.5
-247320.5
-247320.5
-247320.5
-247320.5
-247320.5
-247320.5
-247320.5
-247320.5
-247320.5
-246763.7
-247320.5
-246763.7
-247320.5
-246763.7
-246763.7
-246763.7
-246763.7
-246763.7
-246763.7
-246763.7
-246763.7
-246763.7
-246763.7
-246763.7
-246763.7
-246763.7
-246763.7
-246218.4
-246218.4
-246763.7
-246218.4
-246218.4
-246218.4
-246218.4
-246218.4
-246218.4
-246218.4
-246218.4
-246218.4
-246218.4
-245650.0
-246218.4
-245650.0
-246218.4
-246218.4
-245650.0
-246218.4
-246218.4
-246218.4
-245650.0
-246218.4
-245650.0
-246218.4
-245650.0
-246218.4
-245650.0
-245650.0
-245650.0
-245093.1
-245650.0
-245093.1
-245650.0
-245093.1
-245650.0
-245093.1
-245650.0
-245093.1
-245093.1
-245093.1
-245093.1
-245093.1
-245093.1
-245093.1
-245093.1
-245093.1
-244536.3
-245093.1
-245093.1
-244536.3
-245093.1
-245093.1
-245093.1
-244536.3
-244536.3
-244536.3
-244536.3
-245093.1
-245093.1
-244536.3
-245093.1
-244536.3
-243979.4
-244536.3
-243979.4
-243979.4
-244536.3
-243979.4
-245093.1
-243979.4
-243979.4
-243979.4
-243979.4
-243979.4
-243979.4
-243979.4
-243979.4
-243979.4
-243979.4
-243979.4
-243979.4
-243979.4
-243979.4
-243979.4
-243979.4
-243979.4
-243979.4
-243422.5
-243422.5
-243422.5
-243979.4
-243422.5
-243979.4
-243422.5
-243422.5
-243979.4
-243422.5
-243422.5
-243422.5
-243422.5
-243979.4
-243422.5
-242865.7
-242865.7
-243422.5
-242865.7
-242865.7
-243422.5
-243422.5
-242865.7
-242865.7
-242865.7
-242865.7
-243422.5
-243422.5
-242865.7
-242865.7
-242865.7
-242865.7
-242865.7
-242865.7
-242865.7
-242865.7
-242865.7
-242865.7
-242303.0
-242865.7
-242303.0
-242303.0
-242303.0
-242865.7
-242303.0
-242303.0
-242865.7
-242865.7
-242303.0
-242303.0
-242303.0
-242303.0
-242303.0
-242303.0
-242303.0
-242303.0
-242303.0
-242303.0
-242303.0
-242303.0
-242303.0
-242303.0
-242303.0
-241752.0
-242303.0
-242303.0
-241752.0
-242303.0
-242303.0
-241752.0
-241752.0
-241752.0
-241752.0
-241752.0
-241189.3
-241752.0
-241752.0
-241752.0
-241189.3
-241189.3
-242303.0
-241752.0
-241189.3
-241189.3
-241189.3
-241752.0
-241189.3
-241752.0
-240632.4
-241189.3
-241189.3
-241752.0
-241189.3
-241189.3
-241189.3
-241189.3
-241189.3
-240632.4
-240632.4
-241189.3
-241189.3
-241189.3
-241189.3
-240632.4
-241189.3
-240632.4
-240632.4
-240075.6
-240632.4
-240632.4
-240632.4
-240632.4
-240632.4
-240632.4
-240632.4
-240632.4
-240632.4
-240632.4
-240632.4
-240075.6
-240632.4
-240632.4
-240075.6
-240075.6
-240632.4
-240075.6
-240075.6
-240075.6
-240075.6
-240075.6
-240632.4
-240075.6
-240075.6
-240075.6
-240075.6
-240075.6
-240075.6
-240075.6
-240075.6
-240075.6
-240075.6
-240075.6
-240075.6
-239518.7
-240075.6
-240075.6
-240075.6
-239518.7
-239518.7
-239518.7
-239518.7
-239518.7
-239518.7
-239518.7
-239518.7
-239518.7
-239518.7
-239518.7
-239518.7
-239518.7
-239518.7
-239518.7
-239518.7
-239518.7
-239518.7
-239518.7
-238961.9
-239518.7
-239518.7
-238961.9
-238961.9
-239518.7
-239518.7
-239518.7
-238961.9
-238405.0
-238961.9
-238961.9
-238961.9
-239518.7
-238961.9
-238961.9
-239518.7
-238961.9
-238961.9
-238961.9
-238961.9
-238961.9
-238961.9
-238961.9
-239518.7
-238961.9
-238961.9
-238961.9
-238405.0
-238961.9
-238405.0
-238405.0
-238405.0
-238405.0
-238405.0
-238405.0
-238405.0
-237842.4
-238405.0
-238405.0
-238405.0
-238405.0
-238405.0
-238405.0
-238405.0
-237842.4
-238405.0
-238405.0
-237842.4
-237291.3
-238405.0
-238405.0
-237842.4
-237842.4
-237842.4
-237842.4
-237842.4
-237842.4
-237842.4
-237842.4
-237291.3
-237842.4
-237842.4
-237842.4
-237291.3
-237291.3
-237291.3
-237842.4
-237291.3
-237842.4
-237291.3
-237842.4
-237291.3
-237291.3
-237291.3
-237291.3
-237291.3
-237291.3
-237291.3
-237291.3
-237291.3
-237291.3
-237291.3
-237291.3
-237291.3
-237291.3
-236734.4
-237291.3
-237291.3
-237291.3
-237291.3
-237291.3
-236734.4
-237291.3
-236171.8
-236734.4
-237291.3
-236734.4
-236734.4
-236734.4
-237291.3
-236734.4
-236734.4
-237291.3
-236734.4
-236171.8
-236171.8
-236171.8
-236171.8
-236734.4
-236734.4
-236171.8
-236734.4
-236171.8
-236734.4
-236171.8
-236171.8
-236171.8
-236171.8
-236171.8
-236171.8
-236171.8
-236171.8
-236171.8
-236171.8
-236734.4
-236171.8
-236171.8
-236171.8
-236171.8
-236171.8
-236171.8
-236171.8
-235614.9
-236171.8
-235614.9
-236171.8
-235614.9
-236171.8
-235614.9
-235614.9
-235614.9
-236171.8
-235614.9
-235614.9
-235614.9
-236171.8
-235614.9
-235614.9
-235614.9
-235614.9
-235614.9
-235614.9
-235614.9
-235058.1
-235058.1
-235614.9
-235058.1
-235058.1
-235058.1
-235058.1
-235614.9
-235058.1
-235058.1
-235058.1
-235058.1
-235058.1
-235058.1
-235058.1
-235058.1
-235058.1
-235058.1
-235058.1
-235058.1
-235058.1
-235058.1
-235058.1
-235058.1
-235058.1
-235058.1
-235058.1
-235058.1
-235058.1
-234501.2
-235058.1
-235058.1
-234501.2
-234501.2
-235058.1
-234501.2
-234501.2
-233944.3
-234501.2
-234501.2
-233944.3
-234501.2
-233944.3
-234501.2
-233944.3
-233944.3
-234501.2
-233944.3
-233944.3
-233944.3
-233944.3
-234501.2
-233944.3
-233944.3
-233944.3
-233944.3
-233944.3
-233944.3
-233944.3
-233944.3
-233944.3
-233944.3
-233944.3
-233944.3
-233944.3
-233944.3
-233944.3
-233944.3
-233393.3
-233393.3
-233944.3
-233393.3
-233944.3
-233393.3
-233393.3
-233393.3
-233393.3
-233944.3
-233944.3
-233393.3
-233393.3
-233393.3
-233393.3
-233393.3
-233393.3
-233393.3
-232830.6
-232830.6
-232830.6
-233393.3
-232830.6
-232830.6
-232830.6
-232830.6
-233393.3
-232830.6
-232830.6
-232830.6
-232830.6
-232273.8
-232830.6
-232830.6
-232273.8
-232830.6
-232830.6
-232830.6
-232830.6
-232830.6
-232273.8
-232830.6
-232830.6
-232830.6
-232830.6
-232830.6
-232830.6
-232830.6
-232830.6
-232273.8
-232830.6
-232830.6
-232273.8
-232830.6
-232830.6
-231711.1
-232273.8
-232830.6
-232830.6
-231711.1
-231711.1
-232273.8
-232273.8
-231711.1
-231711.1
-231711.1
-231711.1
-231711.1
-232273.8
-231711.1
-231711.1
-231711.1
-231711.1
-232273.8
-231711.1
-231711.1
-231711.1
-231711.1
-231711.1
-231711.1
-231711.1
-231711.1
-231711.1
-231711.1
-231711.1
-231711.1
-231711.1
-231711.1
-231711.1
-231711.1
-231711.1
-231165.9
-231165.9
-231711.1
-231711.1
-231711.1
-231711.1
-231165.9
-231165.9
-231711.1
-231165.9
-231165.9
-231165.9
-231165.9
-231165.9
-231165.9
-231165.9
-231165.9
-231165.9
-231165.9
-231165.9
-230603.2
-230603.2
-230603.2
-231165.9
-231165.9
-231711.1
-231165.9
-231165.9
-231165.9
-230603.2
-231165.9
-230603.2
-230603.2
-230603.2
-230603.2
-230603.2
-230603.2
-230603.2
-230603.2
-230603.2
-230040.5
-230603.2
-230603.2
-230040.5
-230603.2
-229483.7
-230040.5
-230603.2
-230040.5
-230603.2
-230040.5
-230040.5
-230040.5
-230040.5
-230603.2
-230040.5
-229483.7
-230040.5
-230040.5
-229483.7
-230040.5
-230040.5
-230040.5
-230040.5
-230040.5
-229483.7
-229483.7
-230040.5
-229483.7
-229483.7
-230040.5
-229483.7
-229483.7
-229483.7
-229483.7
-229483.7
-229483.7
-229483.7
-229483.7
-229483.7
-229483.7
-229483.7
-229483.7
-229483.7
-229483.7
-229483.7
-229483.7
-228932.6
-229483.7
-229483.7
-228932.6
-229483.7
-228932.6
-229483.7
-228932.6
-229483.7
-228932.6
-228932.6
-228932.6
-228932.6
-229483.7
-229483.7
-228932.6
-228932.6
-228932.6
-228932.6
-228370.0
-229483.7
-228932.6
-228932.6
-228370.0
-228932.6
-228370.0
-228932.6
-228932.6
-228370.0
-228932.6
-228932.6
-228370.0
-228370.0
-228370.0
-228370.0
-228932.6
-228932.6
-228932.6
-228370.0
-228370.0
-228370.0
-228370.0
-228370.0
-228370.0
-228370.0
-227813.1
-228370.0
-228370.0
-227813.1
-228370.0
-228370.0
-227813.1
-227813.1
-228370.0
-227813.1
-228370.0
-227813.1
-227813.1
-227813.1
-227813.1
-227813.1
-227813.1
-227813.1
-227813.1
-227813.1
-227813.1
-227256.2
-227256.2
-227813.1
-227813.1
-227256.2
-227813.1
-227256.2
-227256.2
-227256.2
-227256.2
-227256.2
-227256.2
-227256.2
-227256.2
-227256.2
-227256.2
-226705.2
-227256.2
-227256.2
-227256.2
-227256.2
-227256.2
-227256.2
-227256.2
-227256.2
-227256.2
-226705.2
-227256.2
-226705.2
-226705.2
-227256.2
-227256.2
-226705.2
-226705.2
-226705.2
-226142.5
-226142.5
-226705.2
-226705.2
-226705.2
-226705.2
-226705.2
-226705.2
-226705.2
-226142.5
-226705.2
-226142.5
-226142.5
-226705.2
-226142.5
-226142.5
-226142.5
-226142.5
-226705.2
-226142.5
-226142.5
-226142.5
-226142.5
-226142.5
-226142.5
-226142.5
-226142.5
-226142.5
-226142.5
-226142.5
-226142.5
-226142.5
-226142.5
-226142.5
-226142.5
-226142.5
-226142.5
-226142.5
-226142.5
-225579.9
-225579.9
-225579.9
-225579.9
-226142.5
-225579.9
-225579.9
-225579.9
-225023.0
-226142.5
-225579.9
-225579.9
-225579.9
-225023.0
-225579.9
-225579.9
-225579.9
-225579.9
-225579.9
-225023.0
-225579.9
-225023.0
-225023.0
-225579.9
-225023.0
-225023.0
-225023.0
-225023.0
-224471.9
-225023.0
-225023.0
-225023.0
-225023.0
-225023.0
-225023.0
-225023.0
-224471.9
-225023.0
-225023.0
-224471.9
-224471.9
-225023.0
-225023.0
-224471.9
-224471.9
-224471.9
-224471.9
-224471.9
-224471.9
-224471.9
-224471.9
-224471.9
-224471.9
-224471.9
-224471.9
-224471.9
-224471.9
-224471.9
-224471.9
-224471.9
-224471.9
-224471.9
-223909.3
-224471.9
-224471.9
-223909.3
-223909.3
-224471.9
-223909.3
-224471.9
-223909.3
-224471.9
-223909.3
-223909.3
-223909.3
-224471.9
-223909.3
-223352.4
-223909.3
-223909.3
-223909.3
-223352.4
-223352.4
-223909.3
-223352.4
-223352.4
-223352.4
-223352.4
-223352.4
-223352.4
-223352.4
-223909.3
-223352.4
-222795.6
-223352.4
-223352.4
-223352.4
-223352.4
-223909.3
-223352.4
-222795.6
-222795.6
-223352.4
-222795.6
-222795.6
-222795.6
-222795.6
-222795.6
-222795.6
-222795.6
-222244.5
-222795.6
-222795.6
-222795.6
-222795.6
-222795.6
-222244.5
-222244.5
-222795.6
-222795.6
-222795.6
-222795.6
-222244.5
-222795.6
-222795.6
-222244.5
-222244.5
-222244.5
-222244.5
-222244.5
-222244.5
-222244.5
-222244.5
-222244.5
-222244.5
-222244.5
-222244.5
-222244.5
-222244.5
-222244.5
-222244.5
-222244.5
-222244.5
-221681.9
-221681.9
-221681.9
-222244.5
-222244.5
-221681.9
-221681.9
-221681.9
-221681.9
-221681.9
-221681.9
-221681.9
-221681.9
-221681.9
-221681.9
-221681.9
-221681.9
-221681.9
-221681.9
-221681.9
-221681.9
-221681.9
-221119.2
-221119.2
-221681.9
-221681.9
-221119.2
-221681.9
-221681.9
-221119.2
-221119.2
-221119.2
-221681.9
-221119.2
-221119.2
-221119.2
-221681.9
-221119.2
-221119.2
-221119.2
-221119.2
-221119.2
-221119.2
-220562.3
-221119.2
-220562.3
-220562.3
-221119.2
-220562.3
-220562.3
-220562.3
-220562.3
-220562.3
-220562.3
-220562.3
-220562.3
-220562.3
-220562.3
-220562.3
-220562.3
-220562.3
-220562.3
-220562.3
-220562.3
-220562.3
-220017.1
-220562.3
-220562.3
-220562.3
-220562.3
-220562.3
-220017.1
-220017.1
-220562.3
-220017.1
-220017.1
-220562.3
-220017.1
-220017.1
-220017.1
-219448.6
-220562.3
-220017.1
-220017.1
-219448.6
-220017.1
-219448.6
-219448.6
-219448.6
-219448.6
-219448.6
-220017.1
-219448.6
-219448.6
-219448.6
-219448.6
-219448.6
-219448.6
-219448.6
-219448.6
-219448.6
-219448.6
-219448.6
-219448.6
-219448.6
-219448.6
-218891.8
-219448.6
-219448.6
-219448.6
-218891.8
-219448.6
-219448.6
-218891.8
-218891.8
-218891.8
-218891.8
-219448.6
-218891.8
-219448.6
-218891.8
-219448.6
-218891.8
-218891.8
-219448.6
-218891.8
-218891.8
-218891.8
-218340.7
-218891.8
-218891.8
-218891.8
-218891.8
-218340.7
-218340.7
-218891.8
-218340.7
-218340.7
-218340.7
-218340.7
-218340.7
-218340.7
-218340.7
-218340.7
-218340.7
-218340.7
-218340.7
-218340.7
-218340.7
-218340.7
-217783.8
-218340.7
-218340.7
-217783.8
-218340.7
-218340.7
-218340.7
-218340.7
-218340.7
-217783.8
-217783.8
-218340.7
-218340.7
-217783.8
-218340.7
-217783.8
-217783.8
-218340.7
-217783.8
-218340.7
-217783.8
-218340.7
-218340.7
-217783.8
-218340.7
-217783.8
-217783.8
-217783.8
-217221.2
-217783.8
-217783.8
-217221.2
-217221.2
-217221.2
-217221.2
-217221.2
-217783.8
-217221.2
-217221.2
-217221.2
-217221.2
-217221.2
-217221.2
-217221.2
-217221.2
-217221.2
-217221.2
-217221.2
-217221.2
-217221.2
-217221.2
-216664.3
-217221.2
-217221.2
-217221.2
-216664.3
-217221.2
-217221.2
-217221.2
-217221.2
-217221.2
-216664.3
-217221.2
-216664.3
-216664.3
-217221.2
-216664.3
-216664.3
-217221.2
-216113.3
-216664.3
-216664.3
-216664.3
-216664.3
-216664.3
-216113.3
-216664.3
-216664.3
-217221.2
-216664.3
-216113.3
-216664.3
-216664.3
-216113.3
-216113.3
-216664.3
-216113.3
-216113.3
-216113.3
-216113.3
-216113.3
-216664.3
-216113.3
-216113.3
-216113.3
-216113.3
-216113.3
-216113.3
-216113.3
-216113.3
-216113.3
-216113.3
-216113.3
-216113.3
-216113.3
-216113.3
-216113.3
-216113.3
-216113.3
-216113.3
-215556.4
-215556.4
-216113.3
-216113.3
-216113.3
-216113.3
-216113.3
-215556.4
-216113.3
-215556.4
-215556.4
-216113.3
-216113.3
-216113.3
-215556.4
-215556.4
-215556.4
-215556.4
-215556.4
-215556.4
-215556.4
-214988.0
-215556.4
-215556.4
-215556.4
-215556.4
-215556.4
-215556.4
-214988.0
-214988.0
-215556.4
-214988.0
-215556.4
-215556.4
-215556.4
-214988.0
-214988.0
-214988.0
-214988.0
-214988.0
-214988.0
-214988.0
-214988.0
-214988.0
-214988.0
-214988.0
-214988.0
-214988.0
-215556.4
-214988.0
-214988.0
-214988.0
-214988.0
-214988.0
-214988.0
-214988.0
-214988.0
-214988.0
-214988.0
-214431.1
-214988.0
-214988.0
-214431.1
-214988.0
-214988.0
-214431.1
-214988.0
-214431.1
-214431.1
-214431.1
-214431.1
-213885.8
-214988.0
-213885.8
-213885.8
-214431.1
-214431.1
-214431.1
-214431.1
-214431.1
-214431.1
-213885.8
-214431.1
-213885.8
-214431.1
-213885.8
-213885.8
-214431.1
-213885.8
-213885.8
-213885.8
-213885.8
-213885.8
-213885.8
-213885.8
-213885.8
-213885.8
-213885.8
-213885.8
-213885.8
-213885.8
-213885.8
-213885.8
-213885.8
-213885.8
-213885.8
-213885.8
-213885.8
-213885.8
-213885.8
-213885.8
-213885.8
-213885.8
-213885.8
-213885.8
-213885.8
-213323.2
-213323.2
-213885.8
-213323.2
-213323.2
-213885.8
-213885.8
-213885.8
-213885.8
-213885.8
-213323.2
-213323.2
-213323.2
-212760.5
-212760.5
-213323.2
-213323.2
-213323.2
-213323.2
-212760.5
-212760.5
-212760.5
-213323.2
-212760.5
-212760.5
-212760.5
-212760.5
-212760.5
-212760.5
-212760.5
-212760.5
-212760.5
-212760.5
-212760.5
-212203.7
-212203.7
-212760.5
-212760.5
-212760.5
-212760.5
-212760.5
-212203.7
-212760.5
-212203.7
-212760.5
-212203.7
-212203.7
-212760.5
-212203.7
-212203.7
-212760.5
-212203.7
-212760.5
-212203.7
-212203.7
-211652.6
-212203.7
-212203.7
-212203.7
-211652.6
-212760.5
-212203.7
-211652.6
-212203.7
-211652.6
-211652.6
-212203.7
-211652.6
-211652.6
-211652.6
-211652.6
-211652.6
-211652.6
-211652.6
-211652.6
-211652.6
-211652.6
-211652.6
-211652.6
-211652.6
-211652.6
-211652.6
-211652.6
-211652.6
-211652.6
-211095.7
-211652.6
-211095.7
-211652.6
-211095.7
-211095.7
-211652.6
-211652.6
-211652.6
-211095.7
-211095.7
-211652.6
-211095.7
-211095.7
-211095.7
-211095.7
-211095.7
-211095.7
-211095.7
-211095.7
-211095.7
-211095.7
-211095.7
-211095.7
-211095.7
-210533.1
-211095.7
-211095.7
-210533.1
-211095.7
-211095.7
-211095.7
-210533.1
-210533.1
-211095.7
-210533.1
-211095.7
-210533.1
-210533.1
-210533.1
-210533.1
-210533.1
-209970.4
-210533.1
-209970.4
-210533.1
-210533.1
-210533.1
-209970.4
-210533.1
-209970.4
-209970.4
-210533.1
-210533.1
-209970.4
-210533.1
-210533.1
-209970.4
-209970.4
-209970.4
-209425.2
-210533.1
-209970.4
-209970.4
-209970.4
-209970.4
-209970.4
-209970.4
-209970.4
-210533.1
-209425.2
-209425.2
-209425.2
-209425.2
-209425.2
-209425.2
-209425.2
-209970.4
-209425.2
-209425.2
-209425.2
-209425.2
-208862.5
-209425.2
-209425.2
-209425.2
-208862.5
-209425.2
-209425.2
-209425.2
-209425.2
-208862.5
-208299.9
-209425.2
-209425.2
-209425.2
-209425.2
-208862.5
-208862.5
-208862.5
-208862.5
-208862.5
-208862.5
-208862.5
-208299.9
-208862.5
-208862.5
-208862.5
-208299.9
-208299.9
-208299.9
-208299.9
-208299.9
-208299.9
-208299.9
-208299.9
-208299.9
-208299.9
-208299.9
-208862.5
-208299.9
-208299.9
-208299.9
-208299.9
-208299.9
-208299.9
-208299.9
-208299.9
-208299.9
-208299.9
-208299.9
-208299.9
-208299.9
-208299.9
-208299.9
-208299.9
-208299.9
-208299.9
-207743.0
-207743.0
-208299.9
-208299.9
-207743.0
-207743.0
-207743.0
-207191.9
-207743.0
-207743.0
-207191.9
-208299.9
-207191.9
-207743.0
-207191.9
-207191.9
-207191.9
-207191.9
-207191.9
-207743.0
-207191.9
-207191.9
-207191.9
-207191.9
-207191.9
-207191.9
-207191.9
-207191.9
-207191.9
-207191.9
-207191.9
-207191.9
-207191.9
-207191.9
-206635.1
-207191.9
-207191.9
-207191.9
-206635.1
-206635.1
-207191.9
-206635.1
-206635.1
-206635.1
-206635.1
-207191.9
-207191.9
-206635.1
-206635.1
-206635.1
-206635.1
-206635.1
-206635.1
-207191.9
-206635.1
-206635.1
-206635.1
-206635.1
-206635.1
-206635.1
-206635.1
-206635.1
-206635.1
-206635.1
-206635.1
-206635.1
-206072.4
-206635.1
-206635.1
-206635.1
-206072.4
-206072.4
-206072.4
-206072.4
-206072.4
-206072.4
-205521.4
-206635.1
-206072.4
-206072.4
-206072.4
-206072.4
-206072.4
-206072.4
-206072.4
-206072.4
-206072.4
-205521.4
-205521.4
-206072.4
-205521.4
-205521.4
-206072.4
-205521.4
-205521.4
-206072.4
-205521.4
-205521.4
-205521.4
-205521.4
-205521.4
-205521.4
-204964.5
-205521.4
-205521.4
-205521.4
-204964.5
-205521.4
-204964.5
-205521.4
-205521.4
-204964.5
-204964.5
-205521.4
-204964.5
-205521.4
-204964.5
-204964.5
-204964.5
-205521.4
-204964.5
-204964.5
-204407.6
-204964.5
-204964.5
-204964.5
-204964.5
-204964.5
-204964.5
-204407.6
-204407.6
-204964.5
-204964.5
-204964.5
-204407.6
-204964.5
-204407.6
-204407.6
-204407.6
-204407.6
-204407.6
-204407.6
-204407.6
-204407.6
-204407.6
-204407.6
-204407.6
-204407.6
-204407.6
-204964.5
-204407.6
-204407.6
-204407.6
-204407.6
-204407.6
-203839.2
-203839.2
-204407.6
-204407.6
-204407.6
-203839.2
-204407.6
-204407.6
-203839.2
-203839.2
-203839.2
-203839.2
-204407.6
-203839.2
-203839.2
-203839.2
-203839.2
-203839.2
-203839.2
-203839.2
-203839.2
-203839.2
-203839.2
-203293.9
-203839.2
-203839.2
-203839.2
-203839.2
-203839.2
-203839.2
-203839.2
-203839.2
-203293.9
-203293.9
-203839.2
-203293.9
-203293.9
-203293.9
-203293.9
-203293.9
-203293.9
-202731.3
-203293.9
-203293.9
-202731.3
-202731.3
-203293.9
-202731.3
-203839.2
-203293.9
-203839.2
-203293.9
-202731.3
-202731.3
-203839.2
-203293.9
-203293.9
-202731.3
-203293.9
-202731.3
-202731.3
-202731.3
-203293.9
-202731.3
-202731.3
-202731.3
-203293.9
-203293.9
-203293.9
-202731.3
-202731.3
-202731.3
-202174.4
-202731.3
-202731.3
-202174.4
-202731.3
-202731.3
-202174.4
-202731.3
-202731.3
-202731.3
-202731.3
-202731.3
-202174.4
-202174.4
-202174.4
-202174.4
-202731.3
-202174.4
-202174.4
-202174.4
-202174.4
-202174.4
-202174.4
-202174.4
-202174.4
-202174.4
-202174.4
-202174.4
-201611.8
-201611.8
-202174.4
-202174.4
-201611.8
-201611.8
-202174.4
-201611.8
-201611.8
-201611.8
-202174.4
-201611.8
-201611.8
-202174.4
-202174.4
-201611.8
-201611.8
-201611.8
-201611.8
-201611.8
-201611.8
-201611.8
-201611.8
-201611.8
-201611.8
-201611.8
-201611.8
-201611.8
-201611.8
-201611.8
-201611.8
-201611.8
-201060.7
-201611.8
-201611.8
-201611.8
-201611.8
-201611.8
-201611.8
-201060.7
-201611.8
-201060.7
-201611.8
-201060.7
-201060.7
-200503.8
-201611.8
-201060.7
-201060.7
-201060.7
-201611.8
-200503.8
-201060.7
-201060.7
-201060.7
-200503.8
-200503.8
-201060.7
-201060.7
-201060.7
-200503.8
-201060.7
-200503.8
-200503.8
-200503.8
-200503.8
-200503.8
-200503.8
-200503.8
-200503.8
-200503.8
-200503.8
-200503.8
-200503.8
-200503.8
-200503.8
-200503.8
-200503.8
-200503.8
-200503.8
-199947.0
-200503.8
-200503.8
-200503.8
-200503.8
-199947.0
-200503.8
-200503.8
-200503.8
-199947.0
-200503.8
-199947.0
-200503.8
-199947.0
-199947.0
-200503.8
-199947.0
-199947.0
-200503.8
-199947.0
-199947.0
-199378.5
-200503.8
-199378.5
-199378.5
-199947.0
-199378.5
-199947.0
-199378.5
-199378.5
-199378.5
-199947.0
-199378.5
-199378.5
-199947.0
-199947.0
-199947.0
-199378.5
-199378.5
-199378.5
-199378.5
-199378.5
-199378.5
-199378.5
-199947.0
-199378.5
-199378.5
-198833.3
-198833.3
-199378.5
-199378.5
-198833.3
-199378.5
-199378.5
-198833.3
-199378.5
-199378.5
-198270.6
-198833.3
-198833.3
-198833.3
-198833.3
-199378.5
-199378.5
-198833.3
-198833.3
-198270.6
-198833.3
-199378.5
-198833.3
-199378.5
-198833.3
-198833.3
-198833.3
-198833.3
-198833.3
-198833.3
-198833.3
-198270.6
-198270.6
-198270.6
-198270.6
-198833.3
-198270.6
-198833.3
-198270.6
-198833.3
-198270.6
-198270.6
-198270.6
-198270.6
-198270.6
-198270.6
-198270.6
-198270.6
-198270.6
-198270.6
-198270.6
-198270.6
-198270.6
-198270.6
-197713.7
-198270.6
-198270.6
-198270.6
-198270.6
-198270.6
-198270.6
-197713.7
-197713.7
-197713.7
-197713.7
-198270.6
-197713.7
-197713.7
-197713.7
-197713.7
-198270.6
-197713.7
-197713.7
-198270.6
-197713.7
-198270.6
-197713.7
-197713.7
-197713.7
-198270.6
-197713.7
-197713.7
-197713.7
-197151.1
-197151.1
-197713.7
-197151.1
-197151.1
-197713.7
-197713.7
-197151.1
-197151.1
-197151.1
-197151.1
-197151.1
-197713.7
-197151.1
-197151.1
-197151.1
-197151.1
-197151.1
-197151.1
-197151.1
-197151.1
-197151.1
-197151.1
-197151.1
-197151.1
-196043.2
-197151.1
-196600.0
-197151.1
-197151.1
-197151.1
-197151.1
-197151.1
-196043.2
-197151.1
-196600.0
-197151.1
-197151.1
-196600.0
-196600.0
-197151.1
-196600.0
-197151.1
-197151.1
-196600.0
-196600.0
-196600.0
-196043.2
-196600.0
-196600.0
-196600.0
-196600.0
-197151.1
-196043.2
-196043.2
-196043.2
-196043.2
-196043.2
-196043.2
-196043.2
-196043.2
-196043.2
-196043.2
-196043.2
-196043.2
-196043.2
-196043.2
-196043.2
-196043.2
-196043.2
-196043.2
-196043.2
-196043.2
-196043.2
-196043.2
-196043.2
-196043.2
-196043.2
-196043.2
-196043.2
-195486.3
-196043.2
-196043.2
-196043.2
-196043.2
-196043.2
-196043.2
-196043.2
-196043.2
-196043.2
-196043.2
-196043.2
-196043.2
-196043.2
-196043.2
-195486.3
-196043.2
-196043.2
-195486.3
-196043.2
-195486.3
-195486.3
-195486.3
-195486.3
-196043.2
-196043.2
-195486.3
-195486.3
-195486.3
-195486.3
-195486.3
-195486.3
-196043.2
-194917.8
-195486.3
-194917.8
-195486.3
-195486.3
-195486.3
-195486.3
-195486.3
-195486.3
-195486.3
-195486.3
-194917.8
-194917.8
-194917.8
-195486.3
-194917.8
-194917.8
-194917.8
-194917.8
-194917.8
-194917.8
-194917.8
-194917.8
-194372.6
-194917.8
-194917.8
-194372.6
-195486.3
-193815.7
-194917.8
-194372.6
-194917.8
-194372.6
-194372.6
-194917.8
-194372.6
-194917.8
-194372.6
-194917.8
-194372.6
-193815.7
-194917.8
-193815.7
-194917.8
-194372.6
-194372.6
-193815.7
-194372.6
-193815.7
-194372.6
-193815.7
-194372.6
-194372.6
-194372.6
-194372.6
-194372.6
-193815.7
-194372.6
-194372.6
-194372.6
-193815.7
-193815.7
-194372.6
-193815.7
-193815.7
-193815.7
-193815.7
-193815.7
-193815.7
-193815.7
-193815.7
-193815.7
-193815.7
-193815.7
-193815.7
-193815.7
-193815.7
-193815.7
-193815.7
-193815.7
-193815.7
-193815.7
-193815.7
-193815.7
-193815.7
-193253.1
-193253.1
-193815.7
-193815.7
-193253.1
-193253.1
-193253.1
-193815.7
-193253.1
-193253.1
-193253.1
-193815.7
-193253.1
-193253.1
-193253.1
-193253.1
-193253.1
-193253.1
-193253.1
-193253.1
-193253.1
-193253.1
-193253.1
-193253.1
-193253.1
-193253.1
-193253.1
-192690.4
-192690.4
-192690.4
-193253.1
-192690.4
-193253.1
-192690.4
-192690.4
-192690.4
-192690.4
-192690.4
-193253.1
-192690.4
-192690.4
-192690.4
-192690.4
-192690.4
-192690.4
-192690.4
-192690.4
-192690.4
-192690.4
-192690.4
-192690.4
-192690.4
-192690.4
-192690.4
-192690.4
-192690.4
-192690.4
-192690.4
-192139.4
-192139.4
-192690.4
-192139.4
-192690.4
-192690.4
-192139.4
-192139.4
-191582.5
-192139.4
-192139.4
-192139.4
-192139.4
-192139.4
-192139.4
-192139.4
-191582.5
-191582.5
-192139.4
-191582.5
-191582.5
-192139.4
-191582.5
-191582.5
-191582.5
-191582.5
-192139.4
-191582.5
-191582.5
-192139.4
-191582.5
-191582.5
-191582.5
-191582.5
-191582.5
-191025.6
-191582.5
-191582.5
-191582.5
-191025.6
-191582.5
-191582.5
-191582.5
-191025.6
-191582.5
-191025.6
-191582.5
-191582.5
-191582.5
-191582.5
-191025.6
-191582.5
-191582.5
-191025.6
-191025.6
-191582.5
-191025.6
-190468.8
-191025.6
-191025.6
-191025.6
-190468.8
-191025.6
-191025.6
-190468.8
-191025.6
-190468.8
-190468.8
-190468.8
-191025.6
-190468.8
-190468.8
-191025.6
-191025.6
-190468.8
-190468.8
-191025.6
-190468.8
-190468.8
-190468.8
-190468.8
-190468.8
-190468.8
-190468.8
-190468.8
-190468.8
-190468.8
-189911.9
-190468.8
-190468.8
-190468.8
-189911.9
-190468.8
-190468.8
-190468.8
-190468.8
-189911.9
-190468.8
-190468.8
-190468.8
-190468.8
-190468.8
-189911.9
-189911.9
-190468.8
-189911.9
-190468.8
-189911.9
-189911.9
-189911.9
-189911.9
-189355.1
-189911.9
-189911.9
-190468.8
-189355.1
-189355.1
-189355.1
-189355.1
-189355.1
-189355.1
-189355.1
-189355.1
-189355.1
-189911.9
-189355.1
-189355.1
-189355.1
-189355.1
-189355.1
-189355.1
-189355.1
-189355.1
-189355.1
-189355.1
-189355.1
-189355.1
-188792.4
-189355.1
-189355.1
-189355.1
-188792.4
-189355.1
-188792.4
-189355.1
-189355.1
-188792.4
-188792.4
-189355.1
-188792.4
-188792.4
-188792.4
-189355.1
-188792.4
-188792.4
-188792.4
-188792.4
-188792.4
-188792.4
-188792.4
-188792.4
-188792.4
-188792.4
-188792.4
-188792.4
-188792.4
-188792.4
-188792.4
-188241.3
-188792.4
-188241.3
-188792.4
-188792.4
-188241.3
-188241.3
-188792.4
-188792.4
-188241.3
-188241.3
-188241.3
-188241.3
-188792.4
-188241.3
-187684.5
-188792.4
-188241.3
-188241.3
-188241.3
-188792.4
-187684.5
-187684.5
-188241.3
-188241.3
-187684.5
-188241.3
-188241.3
-188241.3
-187684.5
-187684.5
-187684.5
-187684.5
-187121.8
-187684.5
-187684.5
-188241.3
-187684.5
-187684.5
-187684.5
-187684.5
-187121.8
-187684.5
-187121.8
-187684.5
-187121.8
-187684.5
-187684.5
-187684.5
-187121.8
-187684.5
-187121.8
-187121.8
-187121.8
-187121.8
-187121.8
-187121.8
-187121.8
-187121.8
-187121.8
-187121.8
-187121.8
-187121.8
-187121.8
-187121.8
-187121.8
-187121.8
-187121.8
-187121.8
-186565.0
-186565.0
-187121.8
-187121.8
-186565.0
-187121.8
-186565.0
-187121.8
-186565.0
-186565.0
-186565.0
-186565.0
-186565.0
-186565.0
-186565.0
-186565.0
-187121.8
-186565.0
-186565.0
-186565.0
-186565.0
-186565.0
-186565.0
-186565.0
-186565.0
-186565.0
-186565.0
-186565.0
-186565.0
-186565.0
-186008.1
-186565.0
-186565.0
-186565.0
-186008.1
-186008.1
-186565.0
-186008.1
-186008.1
-186008.1
-186008.1
-186008.1
-186008.1
-186008.1
-186008.1
-186565.0
-186008.1
-186008.1
-186008.1
-186008.1
-186008.1
-186008.1
-186008.1
-186008.1
-186008.1
-186008.1
-186008.1
-186008.1
-186008.1
-186008.1
-186008.1
-186008.1
-186008.1
-186008.1
-186008.1
-186008.1
-185451.3
-186008.1
-185451.3
-186008.1
-185451.3
-186008.1
-186008.1
-185451.3
-185451.3
-186008.1
-185451.3
-185451.3
-186008.1
-185451.3
-185451.3
-185451.3
-185451.3
-185451.3
-184894.4
-184894.4
-185451.3
-184894.4
-184894.4
-184894.4
-184894.4
-184894.4
-185451.3
-184894.4
-184894.4
-184894.4
-184894.4
-185451.3
-184894.4
-184894.4
-184894.4
-184894.4
-184894.4
-185451.3
-184894.4
-184894.4
-184337.5
-184894.4
-184894.4
-184337.5
-184337.5
-184894.4
-184894.4
-184894.4
-184894.4
-184894.4
-184337.5
-184337.5
-184337.5
-184337.5
-183780.7
-184337.5
-184337.5
-184337.5
-184337.5
-184894.4
-184337.5
-184337.5
-184337.5
-184337.5
-184337.5
-184337.5
-183780.7
-183780.7
-183780.7
-184337.5
-183780.7
-183780.7
-183780.7
-184337.5
-183780.7
-183780.7
-183780.7
-184337.5
-183780.7
-183780.7
-183780.7
-183780.7
-183780.7
-183780.7
-183780.7
-183780.7
-183780.7
-183780.7
-183780.7
-183780.7
-183780.7
-183780.7
-183780.7
-183780.7
-183780.7
-183780.7
-183780.7
-183780.7
-183780.7
-183223.8
-183780.7
-183780.7
-183780.7
-183780.7
-183780.7
-183780.7
-183223.8
-183780.7
-183223.8
-183780.7
-183780.7
-183223.8
-183780.7
-183780.7
-183223.8
-183780.7
-183223.8
-183223.8
-183223.8
-183780.7
-183223.8
-183780.7
-183223.8
-183223.8
-183223.8
-183223.8
-182661.2
-183223.8
-182661.2
-182661.2
-183223.8
-183223.8
-182661.2
-182661.2
-182661.2
-183223.8
-182661.2
-182661.2
-182661.2
-182661.2
-182661.2
-182661.2
-182661.2
-182661.2
-182661.2
-182661.2
-182661.2
-182661.2
-182661.2
-182661.2
-182661.2
-182661.2
-182661.2
-182661.2
-182661.2
-182661.2
-182104.3
-182661.2
-182661.2
-182661.2
-182661.2
-182661.2
-182104.3
-182661.2
-182661.2
-182661.2
-182661.2
-182661.2
-182104.3
-182104.3
-182104.3
-182661.2
-182104.3
-182661.2
-182104.3
-182104.3
-181553.2
-182104.3
-182104.3
-182104.3
-182104.3
-182104.3
-182104.3
-182104.3
-181553.2
-182104.3
-181553.2
-182104.3
-181553.2
-182104.3
-181553.2
-182104.3
-181553.2
-182104.3
-181553.2
-182104.3
-181553.2
-181553.2
-181553.2
-181553.2
-181553.2
-181553.2
-181553.2
-181553.2
-181553.2
-181553.2
-181553.2
-181553.2
-181553.2
-181553.2
-181553.2
-181553.2
-181553.2
-181553.2
-181553.2
-180990.6
-180990.6
-181553.2
-180990.6
-180990.6
-181553.2
-181553.2
-181553.2
-181553.2
-180990.6
-181553.2
-181553.2
-181553.2
-181553.2
-180990.6
-180433.7
-180990.6
-180433.7
-180990.6
-181553.2
-181553.2
-180433.7
-180990.6
-181553.2
-180433.7
-180990.6
-180433.7
-180990.6
-180433.7
-180990.6
-180433.7
-180433.7
-180433.7
-180433.7
-180990.6
-180990.6
-180433.7
-180433.7
-180990.6
-180990.6
-180433.7
-180433.7
-180433.7
-180433.7
-180433.7
-180433.7
-180433.7
-180433.7
-180433.7
-180433.7
-180433.7
-180433.7
-180433.7
-180433.7
-180433.7
-180433.7
-180433.7
-179876.9
-180433.7
-180433.7
-180433.7
-180433.7
-180433.7
-180433.7
-180433.7
-180433.7
-179876.9
-180433.7
-180433.7
-180433.7
-180433.7
-180433.7
-179876.9
-179876.9
-179876.9
-179320.0
-180433.7
-179876.9
-180433.7
-179876.9
-179876.9
-179876.9
-179320.0
-179876.9
-179876.9
-179320.0
-179876.9
-179876.9
-179876.9
-179876.9
-179876.9
-178763.2
-180433.7
-179876.9
-179320.0
-180433.7
-179876.9
-179876.9
-179320.0
-179876.9
-179876.9
-179320.0
-179876.9
-179876.9
-179320.0
-179320.0
-179876.9
-179320.0
-178763.2
-178763.2
-179320.0
-179320.0
-179320.0
-179876.9
-179320.0
-179320.0
-179320.0
-179320.0
-179320.0
-179320.0
-179320.0
-179320.0
-179320.0
-179320.0
-179320.0
-179320.0
-179320.0
-179320.0
-179320.0
-179320.0
-179320.0
-179320.0
-179320.0
-179320.0
-179320.0
-179320.0
-179320.0
-178206.3
-179320.0
-178763.2
-178206.3
-178763.2
-179320.0
-178763.2
-178763.2
-179320.0
-178763.2
-178206.3
-178206.3
-178206.3
-178206.3
-179320.0
-178206.3
-178206.3
-178763.2
-178206.3
-178206.3
-178206.3
-178206.3
-178206.3
-178206.3
-178206.3
-178206.3
-178206.3
-178206.3
-178206.3
-178206.3
-178206.3
-178206.3
-178206.3
-178206.3
-178206.3
-178206.3
-178206.3
-178206.3
-178206.3
-178206.3
-178206.3
-178206.3
-178206.3
-178206.3
-178206.3
-178206.3
-177655.2
-178206.3
-178206.3
-178206.3
-178206.3
-178206.3
-178206.3
-178206.3
-177655.2
-177655.2
-178206.3
-178206.3
-177655.2
-178206.3
-178206.3
-178206.3
-178206.3
-177655.2
-178206.3
-177655.2
-177655.2
-178206.3
-177655.2
-177092.6
-177655.2
-177655.2
-177655.2
-177655.2
-177655.2
-177655.2
-177655.2
-178206.3
-177655.2
-177092.6
-177655.2
-177655.2
-177092.6
-177655.2
-177092.6
-177092.6
-177092.6
-177655.2
-177092.6
-177092.6
-177092.6
-177092.6
-177092.6
-177655.2
-177092.6
-177092.6
-177092.6
-177092.6
-176529.9
-177092.6
-177092.6
-176529.9
-177092.6
-177092.6
-177092.6
-177092.6
-177092.6
-177092.6
-177092.6
-177092.6
-176529.9
-176529.9
-176529.9
-177092.6
-176529.9
-177092.6
-176529.9
-176529.9
-176529.9
-176529.9
-176529.9
-176529.9
-176529.9
-176529.9
-176529.9
-176529.9
-176529.9
-175973.1
-175973.1
-176529.9
-176529.9
-176529.9
-176529.9
-175973.1
-176529.9
-175973.1
-175973.1
-175973.1
-175973.1
-176529.9
-175973.1
-175973.1
-175973.1
-175973.1
-175973.1
-175973.1
-175973.1
-175973.1
-175973.1
-175973.1
-175973.1
-175973.1
-175973.1
-175973.1
-175973.1
-175973.1
-175973.1
-175973.1
-175427.8
-175973.1
-175427.8
-175973.1
-175973.1
-175973.1
-175973.1
-175973.1
-175427.8
-175427.8
-175973.1
-175427.8
-175427.8
-175973.1
-175427.8
-175973.1
-175427.8
-175427.8
-175427.8
-175427.8
-174859.3
-175973.1
-175427.8
-175427.8
-174859.3
-175427.8
-175427.8
-175427.8
-175427.8
-175427.8
-175427.8
-175427.8
-174859.3
-175427.8
-174859.3
-175427.8
-174859.3
-175427.8
-174859.3
-174859.3
-175427.8
-175427.8
-174859.3
-174859.3
-175427.8
-174859.3
-174859.3
-174859.3
-175427.8
-174859.3
-174859.3
-174859.3
-174859.3
-174859.3
-174302.5
-174859.3
-174859.3
-174859.3
-174859.3
-174859.3
-174859.3
-174859.3
-174302.5
-174859.3
-174859.3
-174302.5
-174859.3
-174859.3
-174302.5
-174302.5
-174302.5
-174859.3
-174859.3
-174859.3
-174859.3
-174859.3
-174859.3
-174859.3
-174302.5
-174302.5
-173745.6
-174302.5
-174302.5
-174859.3
-173745.6
-174302.5
-173745.6
-174302.5
-173745.6
-174302.5
-174302.5
-173745.6
-173745.6
-174302.5
-173745.6
-173745.6
-174302.5
-174302.5
-173745.6
-173745.6
-173745.6
-174302.5
-173745.6
-173745.6
-173745.6
-173745.6
-173745.6
-173745.6
-173745.6
-173745.6
-173745.6
-173745.6
-173745.6
-173745.6
-173745.6
-173745.6
-173745.6
-173745.6
-173745.6
-173745.6
-173745.6
-173745.6
-173745.6
-173745.6
-173745.6
-173745.6
-172631.9
-173745.6
-173745.6
-172631.9
-173745.6
-172631.9
-173194.6
-173194.6
-172631.9
-173194.6
-173194.6
-173194.6
-172631.9
-173194.6
-172631.9
-173194.6
-172631.9
-173745.6
-173194.6
-172631.9
-172631.9
-172631.9
-172631.9
-172631.9
-172631.9
-172631.9
-172631.9
-172631.9
-172631.9
-173194.6
-172631.9
-172631.9
-172631.9
-172631.9
-172631.9
-172631.9
-172631.9
-172631.9
-172075.1
-172631.9
-172631.9
-172631.9
-172075.1
-172631.9
-172075.1
-172631.9
-172075.1
-172631.9
-172631.9
-172631.9
-172075.1
-172631.9
-172075.1
-172631.9
-171512.4
-172631.9
-172631.9
-172631.9
-172075.1
-172075.1
-172075.1
-172075.1
-171512.4
-172075.1
-171512.4
-172631.9
-171512.4
-172075.1
-172075.1
-172075.1
-171512.4
-172075.1
-172075.1
-172075.1
-171512.4
-171512.4
-172075.1
-172075.1
-171512.4
-171512.4
-171512.4
-172075.1
-171512.4
-171512.4
-171512.4
-171512.4
-172075.1
-171512.4
-170967.1
-171512.4
-172075.1
-171512.4
-171512.4
-171512.4
-171512.4
-171512.4
-171512.4
-171512.4
-171512.4
-171512.4
-171512.4
-171512.4
-171512.4
-171512.4
-170967.1
-171512.4
-170967.1
-171512.4
-171512.4
-170967.1
-170967.1
-171512.4
-170967.1
-170967.1
-170967.1
-170967.1
-170967.1
-170967.1
-170967.1
-170967.1
-170967.1
-171512.4
-170967.1
-170967.1
-170967.1
-170967.1
-170967.1
-170398.7
-170967.1
-170967.1
-170967.1
-170967.1
-170967.1
-170967.1
-170398.7
-170967.1
-170967.1
-170967.1
-170398.7
-170398.7
-170398.7
-170967.1
-170398.7
-170967.1
-170398.7
-170967.1
-170967.1
-170967.1
-170398.7
-170398.7
-170398.7
-170967.1
-169841.8
-170398.7
-169841.8
-170398.7
-169841.8
-170398.7
-169841.8
-170398.7
-170398.7
-170398.7
-169841.8
-170967.1
-169841.8
-170398.7
-169841.8
-170398.7
-169841.8
-170398.7
-169841.8
-169841.8
-169841.8
-170398.7
-169841.8
-169841.8
-170398.7
-169841.8
-169285.0
-169841.8
-169841.8
-169841.8
-169841.8
-169841.8
-169841.8
-169285.0
-169841.8
-169285.0
-169285.0
-169841.8
-169841.8
-169285.0
-169285.0
-169285.0
-169285.0
-169285.0
-169285.0
-169841.8
-169285.0
-169285.0
-169285.0
-169285.0
-169285.0
-169285.0
-169285.0
-169285.0
-168733.9
-169285.0
-169285.0
-169285.0
-169285.0
-169285.0
-168733.9
-169285.0
-169285.0
-169285.0
-168733.9
-169285.0
-168733.9
-169285.0
-168733.9
-168733.9
-168733.9
-168733.9
-168733.9
-168733.9
-168733.9
-168733.9
-168733.9
-168733.9
-168733.9
-168733.9
-168733.9
-168733.9
-168733.9
-168733.9
-168733.9
-168733.9
-168171.2
-168733.9
-168733.9
-168171.2
-168733.9
-168733.9
-168733.9
-168733.9
-168171.2
-168733.9
-168171.2
-168733.9
-168733.9
-168171.2
-168171.2
-168171.2
-168171.2
-168171.2
-168171.2
-168171.2
-168171.2
-168171.2
-168171.2
-168171.2
-168171.2
-168171.2
-168171.2
-168171.2
-168171.2
-168171.2
-168171.2
-168171.2
-168171.2
-168171.2
-168171.2
-168171.2
-168171.2
-167614.4
-167614.4
-167614.4
-168171.2
-168171.2
-168171.2
-168171.2
-167614.4
-168171.2
-168171.2
-167614.4
-167614.4
-168171.2
-167614.4
-167614.4
-167614.4
-167614.4
-167051.7
-167614.4
-167051.7
-167614.4
-167051.7
-167051.7
-167051.7
-167051.7
-167614.4
-167614.4
-167051.7
-167051.7
-167051.7
-167051.7
-167051.7
-167051.7
-167614.4
-167051.7
-167051.7
-167051.7
-167051.7
-167051.7
-167051.7
-167614.4
-167051.7
-167051.7
-167051.7
-167051.7
-167051.7
-167051.7
-167051.7
-167051.7
-167051.7
-167051.7
-167051.7
-166506.5
-166506.5
-167051.7
-167051.7
-167051.7
-167051.7
-167051.7
-166506.5
-167051.7
-167051.7
-167051.7
-166506.5
-166506.5
-166506.5
-167051.7
-166506.5
-166506.5
-166506.5
-166506.5
-166506.5
-166506.5
-166506.5
-166506.5
-167051.7
-166506.5
-166506.5
-167051.7
-166506.5
-166506.5
-165938.0
-166506.5
-165938.0
-166506.5
-165938.0
-165938.0
-166506.5
-166506.5
-165938.0
-165938.0
-165938.0
-166506.5
-165938.0
-165938.0
-165938.0
-165938.0
-165938.0
-165938.0
-165938.0
-165938.0
-165938.0
-165938.0
-165938.0
-165938.0
-165938.0
-165938.0
-165938.0
-165938.0
-165938.0
-166506.5
-165938.0
-165938.0
-165381.1
-165938.0
-165938.0
-165938.0
-165938.0
-165938.0
-165938.0
-165938.0
-165938.0
-165938.0
-165938.0
-165938.0
-165381.1
-165938.0
-165381.1
-165381.1
-165381.1
-165381.1
-165381.1
-165938.0
-165381.1
-165938.0
-165381.1
-165938.0
-165381.1
-165381.1
-164824.3
-164824.3
-165381.1
-165938.0
-165381.1
-164824.3
-165381.1
-165381.1
-165381.1
-165381.1
-165381.1
-164824.3
-164824.3
-164824.3
-164824.3
-165381.1
-164824.3
-164824.3
-165381.1
-164824.3
-164824.3
-164824.3
-164824.3
-164824.3
-164824.3
-164824.3
-164824.3
-164824.3
-164824.3
-164824.3
-164824.3
-164824.3
-164824.3
-164824.3
-164824.3
-164824.3
-164824.3
-164824.3
-164824.3
-164824.3
-164824.3
-164824.3
-164824.3
-164824.3
-164824.3
-164824.3
-164273.2
-164273.2
-164273.2
-164273.2
-164824.3
-164273.2
-164824.3
-164273.2
-164824.3
-164273.2
-164273.2
-164824.3
-164273.2
-164824.3
-164273.2
-164824.3
-164273.2
-163710.6
-164273.2
-164273.2
-164273.2
-164273.2
-163710.6
-164273.2
-163710.6
-164824.3
-163710.6
-164273.2
-164273.2
-164273.2
-163710.6
-164273.2
-163710.6
-163710.6
-163710.6
-163710.6
-164273.2
-163710.6
-163710.6
-163710.6
-164273.2
-163710.6
-163710.6
-163710.6
-163710.6
-163710.6
-163710.6
-163710.6
-163710.6
-163710.6
-163710.6
-163710.6
-163710.6
-163710.6
-163710.6
-163710.6
-163710.6
-163710.6
-163710.6
-163710.6
-163153.7
-163710.6
-163710.6
-163710.6
-163710.6
-163710.6
-163710.6
-163710.6
-163153.7
-163710.6
-163153.7
-163710.6
-163710.6
-163710.6
-163153.7
-163710.6
-162602.7
-163153.7
-163153.7
-162602.7
-162602.7
-163153.7
-163153.7
-163153.7
-163153.7
-163153.7
-163153.7
-163153.7
-162602.7
-162602.7
-162602.7
-162602.7
-162602.7
-163153.7
-162602.7
-163153.7
-163153.7
-163153.7
-162602.7
-162602.7
-162602.7
-163153.7
-163153.7
-162602.7
-162602.7
-162602.7
-162602.7
-162602.7
-162602.7
-162602.7
-162602.7
-162602.7
-162602.7
-162602.7
-162602.7
-162602.7
-162602.7
-162602.7
-162602.7
-162602.7
-162602.7
-162602.7
-162602.7
-162602.7
-162045.8
-162602.7
-162602.7
-162602.7
-162602.7
-162602.7
-162602.7
-162602.7
-162602.7
-162602.7
-162045.8
-162602.7
-162045.8
-162602.7
-162045.8
-162602.7
-162045.8
-162602.7
-162602.7
-162045.8
-162045.8
-162602.7
-162045.8
-162602.7
-162045.8
-162045.8
-162045.8
-162045.8
-161483.1
-162045.8
-162045.8
-162045.8
-162045.8
-161483.1
-162045.8
-161483.1
-162602.7
-161483.1
-161483.1
-162045.8
-162045.8
-162045.8
-161483.1
-161483.1
-161483.1
-162045.8
-161483.1
-161483.1
-161483.1
-162045.8
-161483.1
-161483.1
-161483.1
-162045.8
-161483.1
-162045.8
-161483.1
-161483.1
-161483.1
-161483.1
-161483.1
-161483.1
-161483.1
-161483.1
-161483.1
-161483.1
-161483.1
-161483.1
-161483.1
-161483.1
-161483.1
-161483.1
-161483.1
-161483.1
-161483.1
-161483.1
-161483.1
-161483.1
-161483.1
-161483.1
-160920.5
-161483.1
-161483.1
-160920.5
-160920.5
-161483.1
-160920.5
-161483.1
-161483.1
-160920.5
-160920.5
-161483.1
-160920.5
-161483.1
-160920.5
-161483.1
-160920.5
-160375.2
-160375.2
-160375.2
-160375.2
-161483.1
-160375.2
-160920.5
-160920.5
-160375.2
-160375.2
-160375.2
-160920.5
-160375.2
-160375.2
-160375.2
-160375.2
-160375.2
-160375.2
-160375.2
-160375.2
-160375.2
-160375.2
-160375.2
-160375.2
-160375.2
-160375.2
-160375.2
-160375.2
-160375.2
-160375.2
-160375.2
-160375.2
-160375.2
-160375.2
-160375.2
-160375.2
-160375.2
-160375.2
-160375.2
-159812.6
-160375.2
-159812.6
-160375.2
-160375.2
-160375.2
-160375.2
-160375.2
-159812.6
-160375.2
-160375.2
-159812.6
-160375.2
-160375.2
-159812.6
-159812.6
-160375.2
-159812.6
-159812.6
-160375.2
-160375.2
-160375.2
-160375.2
-160375.2
-159812.6
-159812.6
-159812.6
-159812.6
-159249.9
-159812.6
-159812.6
-159812.6
-159812.6
-159812.6
-159812.6
-159249.9
-159812.6
-159812.6
-159812.6
-159812.6
-159812.6
-159249.9
-159812.6
-159812.6
-159249.9
-159812.6
-159249.9
-159812.6
-158693.0
-159249.9
-159249.9
-159249.9
-159249.9
-159249.9
-159249.9
-159249.9
-159249.9
-159812.6
-159249.9
-159249.9
-158693.0
-159249.9
-158693.0
-159249.9
-158693.0
-158693.0
-158693.0
-159249.9
-159249.9
-158693.0
-159249.9
-159249.9
-158693.0
-159249.9
-158693.0
-158693.0
-158693.0
-158693.0
-158693.0
-159249.9
-158693.0
-159249.9
-158693.0
-159249.9
-158693.0
-159249.9
-158693.0
-158693.0
-158693.0
-158693.0
-158693.0
-158693.0
-158693.0
-158693.0
-158142.0
-158693.0
-158693.0
-158693.0
-158693.0
-158142.0
-158142.0
-158142.0
-158693.0
-158142.0
-158142.0
-158142.0
-158142.0
-158142.0
-158142.0
-158693.0
-158142.0
-158142.0
-158142.0
-158693.0
-158693.0
-158142.0
-158142.0
-158142.0
-158142.0
-158142.0
-158142.0
-158142.0
-157585.1
-158142.0
-158142.0
-158142.0
-158142.0
-158142.0
-158142.0
-158142.0
-158142.0
-158142.0
-157585.1
-158142.0
-158142.0
-158142.0
-158142.0
-158142.0
-157585.1
-158142.0
-157585.1
-158142.0
-158142.0
-158142.0
-157585.1
-157585.1
-157585.1
-157585.1
-157585.1
-157585.1
-157585.1
-158142.0
-157585.1
-157585.1
-157585.1
-157022.5
-157585.1
-157585.1
-157022.5
-157585.1
-157585.1
-157585.1
-157585.1
-157022.5
-157585.1
-157585.1
-157585.1
-157022.5
-157585.1
-157022.5
-157585.1
-157585.1
-157022.5
-157022.5
-157022.5
-157585.1
-157022.5
-157022.5
-157022.5
-157022.5
-157022.5
-157022.5
-157022.5
-157022.5
-157022.5
-157022.5
-157022.5
-157022.5
-156459.8
-157022.5
-157022.5
-157022.5
-157022.5
-157585.1
-157022.5
-157022.5
-157022.5
-157022.5
-157022.5
-157022.5
-157022.5
-157022.5
-157022.5
-157022.5
-157022.5
-157022.5
-156459.8
-156459.8
-157022.5
-156459.8
-157022.5
-157022.5
-156459.8
-157022.5
-156459.8
-156459.8
-156459.8
-156459.8
-155914.6
-156459.8
-156459.8
-156459.8
-155914.6
-156459.8
-156459.8
-156459.8
-155914.6
-155914.6
-156459.8
-156459.8
-155914.6
-156459.8
-156459.8
-156459.8
-155914.6
-155914.6
-155914.6
-155914.6
-155914.6
-156459.8
-156459.8
-155914.6
-156459.8
-155914.6
-155914.6
-155914.6
-155914.6
-155914.6
-155914.6
-155914.6
-155357.7
-155914.6
-155914.6
-155914.6
-155357.7
-155914.6
-155357.7
-155914.6
-155914.6
-155914.6
-155914.6
-155914.6
-155357.7
-155357.7
-155357.7
-155914.6
-155357.7
-155914.6
-155914.6
-155914.6
-155357.7
-155357.7
-154789.2
-155357.7
-155357.7
-155357.7
-155357.7
-154789.2
-155914.6
-154789.2
-155914.6
-154789.2
-154789.2
-154789.2
-154789.2
-155357.7
-155357.7
-155357.7
-155357.7
-154789.2
-154789.2
-155357.7
-154789.2
-155357.7
-154789.2
-154789.2
-155357.7
-154789.2
-154789.2
-154789.2
-154789.2
-154789.2
-154789.2
-154789.2
-154789.2
-154789.2
-154789.2
-154789.2
-154789.2
-154789.2
-154789.2
-154789.2
-154789.2
-154789.2
-154789.2
-154789.2
-154789.2
-154789.2
-154789.2
-154789.2
-154789.2
-154789.2
-154789.2
-154232.4
-154232.4
-154789.2
-154232.4
-154232.4
-154232.4
-154232.4
-154232.4
-154232.4
-154232.4
-154789.2
-154232.4
-154232.4
-154232.4
-154232.4
-154232.4
-154232.4
-153681.3
-154789.2
-154232.4
-154789.2
-154232.4
-154232.4
-154232.4
-154232.4
-153681.3
-154789.2
-153681.3
-154232.4
-153681.3
-153681.3
-154232.4
-154232.4
-154232.4
-154232.4
-153681.3
-153681.3
-153681.3
-153681.3
-153681.3
-153681.3
-153681.3
-153681.3
-153681.3
-153681.3
-153681.3
-153681.3
-153681.3
-153681.3
-153681.3
-153681.3
-153681.3
-153681.3
-153681.3
-153681.3
-153124.5
-153681.3
-153681.3
-153681.3
-153681.3
-153681.3
-153124.5
-153124.5
-153124.5
-153124.5
-153681.3
-153124.5
-153124.5
-153681.3
-153124.5
-153124.5
-153124.5
-153124.5
-153124.5
-153681.3
-153124.5
-153124.5
-153124.5
-153681.3
-153124.5
-153124.5
-153124.5
-153124.5
-153124.5
-153124.5
-153124.5
-153124.5
-153124.5
-153124.5
-153124.5
-153124.5
-152561.8
-153124.5
-153124.5
-153124.5
-153124.5
-153124.5
-153124.5
-153124.5
-153124.5
-153124.5
-153124.5
-152561.8
-152561.8
-153124.5
-153124.5
-153124.5
-152561.8
-153124.5
-152561.8
-153124.5
-152561.8
-152561.8
-152561.8
-152004.9
-153124.5
-152561.8
-152004.9
-153124.5
-152561.8
-152004.9
-152561.8
-153124.5
-152561.8
-152561.8
-152004.9
-153124.5
-152004.9
-152004.9
-152561.8
-152004.9
-152004.9
-152561.8
-152561.8
-152004.9
-152561.8
-152561.8
-152004.9
-152004.9
-152561.8
-152004.9
-152004.9
-152004.9
-152004.9
-152004.9
-152004.9
-151453.9
-152004.9
-152004.9
-152004.9
-152004.9
-152004.9
-152004.9
-152004.9
-151453.9
-151453.9
-151453.9
-152004.9
-151453.9
-151453.9
-151453.9
-151453.9
-151453.9
-151453.9
-152004.9
-151453.9
-152004.9
-150897.0
-151453.9
-151453.9
-151453.9
-151453.9
-151453.9
-151453.9
-151453.9
-150897.0
-151453.9
-150897.0
-151453.9
-150897.0
-151453.9
-151453.9
-151453.9
-151453.9
-150897.0
-150897.0
-151453.9
-151453.9
-151453.9
-150897.0
-151453.9
-150897.0
-150897.0
-150897.0
-150897.0
-150897.0
-150897.0
-150897.0
-150897.0
-150897.0
-150897.0
-150897.0
-150897.0
-150897.0
-150897.0
-150897.0
-150897.0
-150897.0
-150897.0
-150897.0
-150897.0
-150897.0
-150897.0
-150897.0
-150328.6
-150897.0
-150328.6
-150897.0
-150897.0
-150328.6
-150897.0
-150328.6
-150897.0
-150328.6
-150328.6
-150328.6
-150897.0
-150328.6
-150897.0
-150328.6
-150897.0
-150328.6
-150328.6
-150328.6
-150897.0
-150328.6
-150328.6
-150328.6
-150328.6
-150328.6
-150328.6
-150328.6
-150328.6
-150328.6
-150328.6
-150328.6
-150328.6
-150328.6
-150328.6
-150328.6
-150328.6
-150328.6
-149783.3
-149783.3
-149783.3
-150328.6
-150328.6
-149783.3
-150328.6
-150328.6
-149783.3
-150328.6
-150328.6
-149783.3
-150328.6
-149783.3
-149226.5
-149783.3
-149783.3
-149783.3
-150328.6
-149783.3
-150328.6
-149783.3
-150328.6
-149226.5
-149783.3
-149226.5
-149783.3
-149226.5
-149783.3
-149226.5
-149783.3
-149226.5
-149783.3
-149783.3
-149226.5
-149226.5
-149226.5
-149226.5
-149783.3
-149226.5
-149783.3
-149226.5
-149226.5
-149783.3
-149226.5
-149226.5
-149226.5
-149226.5
-149226.5
-149226.5
-149226.5
-149226.5
-149226.5
-149226.5
-149226.5
-149226.5
-149226.5
-149226.5
-149226.5
-148663.8
-149226.5
-148663.8
-149226.5
-149226.5
-149226.5
-148663.8
-149226.5
-149226.5
-149226.5
-148663.8
-149226.5
-148663.8
-148663.8
-148663.8
-149226.5
-149226.5
-148663.8
-148663.8
-149226.5
-148663.8
-148663.8
-148663.8
-148663.8
-148663.8
-148663.8
-148663.8
-148663.8
-148663.8
-149226.5
-148663.8
-149226.5
-148663.8
-148663.8
-148101.1
-148663.8
-148663.8
-148663.8
-148663.8
-148663.8
-148663.8
-148663.8
-148663.8
-148101.1
-148101.1
-148663.8
-148101.1
-148101.1
-148101.1
-148663.8
-148101.1
-148101.1
-148101.1
-148101.1
-148101.1
-148663.8
-148101.1
-148101.1
-148101.1
-148101.1
-148101.1
-148101.1
-148101.1
-148101.1
-148101.1
-148101.1
-148101.1
-148101.1
-148101.1
-148101.1
-148101.1
-148101.1
-148101.1
-148101.1
-148101.1
-148101.1
-147550.1
-148101.1
-147550.1
-148101.1
-148101.1
-147550.1
-148101.1
-148101.1
-147550.1
-148101.1
-148101.1
-148101.1
-147550.1
-148101.1
-147550.1
-146993.2
-147550.1
-148101.1
-147550.1
-147550.1
-147550.1
-147550.1
-147550.1
-147550.1
-146993.2
-147550.1
-147550.1
-147550.1
-148101.1
-146993.2
-148101.1
-146993.2
-147550.1
-148101.1
-147550.1
-147550.1
-146993.2
-147550.1
-146993.2
-147550.1
-146993.2
-146993.2
-146993.2
-147550.1
-146993.2
-146993.2
-146993.2
-146993.2
-146993.2
-146993.2
-146993.2
-146993.2
-147550.1
-146993.2
-146993.2
-146993.2
-146993.2
-147550.1
-146993.2
-146993.2
-146993.2
-146993.2
-146993.2
-146993.2
-146993.2
-146993.2
-146993.2
-146993.2
-146993.2
-146993.2
-146993.2
-146993.2
-146993.2
-146993.2
-146993.2
-146993.2
-146993.2
-146993.2
-146993.2
-146436.4
-146436.4
-146436.4
-146436.4
-146993.2
-146993.2
-146993.2
-146436.4
-146436.4
-146993.2
-146993.2
-146436.4
-146436.4
-146436.4
-146993.2
-146436.4
-146436.4
-146436.4
-146436.4
-146436.4
-146436.4
-146436.4
-146436.4
-146436.4
-146436.4
-145873.7
-146436.4
-145873.7
-146436.4
-145873.7
-146436.4
-145873.7
-145873.7
-146436.4
-146436.4
-145873.7
-146436.4
-145873.7
-145873.7
-145873.7
-145873.7
-145873.7
-145873.7
-145873.7
-145873.7
-145873.7
-145873.7
-145873.7
-145873.7
-145873.7
-145873.7
-145873.7
-145873.7
-145873.7
-145873.7
-145873.7
-145873.7
-145873.7
-145873.7
-145873.7
-145873.7
-145873.7
-145873.7
-145873.7
-145873.7
-145873.7
-145873.7
-145873.7
-145873.7
-145322.6
-145873.7
-145873.7
-145322.6
-145322.6
-145322.6
-145873.7
-145873.7
-145322.6
-145322.6
-145322.6
-145322.6
-145322.6
-145322.6
-145322.6
-145873.7
-145322.6
-144765.8
-145322.6
-144765.8
-144765.8
-144765.8
-144765.8
-145322.6
-144765.8
-145322.6
-144765.8
-144765.8
-144765.8
-145322.6
-144765.8
-144765.8
-144765.8
-145322.6
-144765.8
-145322.6
-144765.8
-145322.6
-144765.8
-145322.6
-144765.8
-144765.8
-144765.8
-144765.8
-144765.8
-144765.8
-144765.8
-145322.6
-144765.8
-144765.8
-144765.8
-144765.8
-144765.8
-144765.8
-144765.8
-145322.6
-144765.8
-144765.8
-144765.8
-144765.8
-144765.8
-144765.8
-144203.1
-144765.8
-144765.8
-144765.8
-144765.8
-144765.8
-144765.8
-144765.8
-144765.8
-144765.8
-144765.8
-144203.1
-144765.8
-144765.8
-144203.1
-144765.8
-144765.8
-144765.8
-144765.8
-144765.8
-144765.8
-144765.8
-144203.1
-144203.1
-144203.1
-144765.8
-144765.8
-144203.1
-144203.1
-144765.8
-144203.1
-144203.1
-144203.1
-144203.1
-144203.1
-144765.8
-144203.1
-144203.1
-143095.2
-144203.1
-143640.5
-143640.5
-144203.1
-144203.1
-144203.1
-144203.1
-144203.1
-144203.1
-143640.5
-144203.1
-143640.5
-144203.1
-143640.5
-144203.1
-143640.5
-143640.5
-143640.5
-143640.5
-143640.5
-143640.5
-143640.5
-143640.5
-144203.1
-144203.1
-143640.5
-143640.5
-143640.5
-143640.5
-143640.5
-143640.5
-143640.5
-143640.5
-143640.5
-143640.5
-143640.5
-143640.5
-143640.5
-143640.5
-143640.5
-143640.5
-143640.5
-143640.5
-143640.5
-143640.5
-143640.5
-143640.5
-143640.5
-143640.5
-143095.2
-143095.2
-143640.5
-143095.2
-143095.2
-143640.5
-143640.5
-143095.2
-143640.5
-143640.5
-142532.6
-143095.2
-143640.5
-143095.2
-142532.6
-143640.5
-142532.6
-142532.6
-143640.5
-142532.6
-142532.6
-143640.5
-142532.6
-142532.6
-143095.2
-142532.6
-142532.6
-142532.6
-142532.6
-143095.2
-142532.6
-142532.6
-142532.6
-142532.6
-142532.6
-142532.6
-142532.6
-142532.6
-142532.6
-143095.2
-142532.6
-142532.6
-142532.6
-142532.6
-143095.2
-143095.2
-142532.6
-142532.6
-142532.6
-142532.6
-142532.6
-142532.6
-142532.6
-142532.6
-142532.6
-142532.6
-142532.6
-142532.6
-142532.6
-142532.6
-142532.6
-142532.6
-142532.6
-142532.6
-142532.6
-142532.6
-142532.6
-142532.6
-142532.6
-142532.6
-142532.6
-142532.6
-142532.6
-142532.6
-142532.6
-142532.6
-142532.6
-142532.6
-142532.6
-142532.6
-141975.7
-142532.6
-142532.6
-142532.6
-141975.7
-142532.6
-142532.6
-142532.6
-141975.7
-142532.6
-141975.7
-141975.7
-141975.7
-142532.6
-142532.6
-142532.6
-141975.7
-142532.6
-141975.7
-141975.7
-141975.7
-142532.6
-141975.7
-141413.0
-141975.7
-141975.7
-141975.7
-141413.0
-141413.0
-141975.7
-141413.0
-141413.0
-141975.7
-141413.0
-141413.0
-141413.0
-141413.0
-141975.7
-141413.0
-141975.7
-141413.0
-141975.7
-141975.7
-141413.0
-141413.0
-141975.7
-141413.0
-141413.0
-140862.0
-141413.0
-141413.0
-141413.0
-141413.0
-141413.0
-141413.0
-141413.0
-141413.0
-141413.0
-141413.0
-141413.0
-141413.0
-141413.0
-141413.0
-141413.0
-141413.0
-141975.7
-140862.0
-141413.0
-141413.0
-141413.0
-141413.0
-141413.0
-140862.0
-141413.0
-140862.0
-140862.0
-140862.0
-141413.0
-140862.0
-141413.0
-140862.0
-140862.0
-140305.1
-140862.0
-140305.1
-140862.0
-140862.0
-141413.0
-140862.0
-140862.0
-140862.0
-140862.0
-140305.1
-140862.0
-140305.1
-140862.0
-140862.0
-140862.0
-140305.1
-140305.1
-140862.0
-140862.0
-140305.1
-140305.1
-140305.1
-140862.0
-140305.1
-140305.1
-140305.1
-140305.1
-140305.1
-140862.0
-140305.1
-140862.0
-140305.1
-140305.1
-140305.1
-140305.1
-140305.1
-140305.1
-140305.1
-140305.1
-140305.1
-140305.1
-139748.3
-140305.1
-140305.1
-140305.1
-140305.1
-140305.1
-140305.1
-140305.1
-139748.3
-140305.1
-139748.3
-140305.1
-140305.1
-139748.3
-140305.1
-140305.1
-140305.1
-140305.1
-140305.1
-140305.1
-140305.1
-140305.1
-139748.3
-139748.3
-139748.3
-139748.3
-139748.3
-140305.1
-139748.3
-139748.3
-139748.3
-140305.1
-139748.3
-139748.3
-139748.3
-139748.3
-139748.3
-139748.3
-139179.8
-139748.3
-139748.3
-139748.3
-139748.3
-139748.3
-139748.3
-139748.3
-139179.8
-139748.3
-139179.8
-139748.3
-139179.8
-139748.3
-139179.8
-139748.3
-139179.8
-139748.3
-139179.8
-139179.8
-139179.8
-139748.3
-139179.8
-139748.3
-139179.8
-139748.3
-139179.8
-139748.3
-139179.8
-139748.3
-139179.8
-139748.3
-139179.8
-139179.8
-139179.8
-139179.8
-139179.8
-139179.8
-138634.5
-139179.8
-139179.8
-139179.8
-139179.8
-139179.8
-138634.5
-139179.8
-139179.8
-139179.8
-139179.8
-139179.8
-138634.5
-139179.8
-138634.5
-139179.8
-139179.8
-138634.5
-138634.5
-139179.8
-138634.5
-139179.8
-138634.5
-138634.5
-138634.5
-139179.8
-138634.5
-138634.5
-139179.8
-138634.5
-138634.5
-139179.8
-138634.5
-138634.5
-138071.9
-138071.9
-138634.5
-138634.5
-138071.9
-138634.5
-138071.9
-139179.8
-138071.9
-138071.9
-138071.9
-138071.9
-138071.9
-138071.9
-138071.9
-138634.5
-138634.5
-138071.9
-138071.9
-139179.8
-138071.9
-138071.9
-138071.9
-138071.9
-138071.9
-138634.5
-138071.9
-138071.9
-138071.9
-138071.9
-138071.9
-138071.9
-138071.9
-138071.9
-138071.9
-138071.9
-138071.9
-138071.9
-138071.9
-138071.9
-138071.9
-138071.9
-138071.9
-138071.9
-138071.9
-138071.9
-137515.0
-138071.9
-137515.0
-137515.0
-137515.0
-137515.0
-136952.4
-137515.0
-137515.0
-138071.9
-137515.0
-136952.4
-136952.4
-137515.0
-136952.4
-137515.0
-136952.4
-138071.9
-137515.0
-137515.0
-137515.0
-137515.0
-136952.4
-137515.0
-137515.0
-137515.0
-136952.4
-137515.0
-137515.0
-137515.0
-136952.4
-136952.4
-136952.4
-136952.4
-136952.4
-137515.0
-137515.0
-137515.0
-136952.4
-136952.4
-136952.4
-136952.4
-136952.4
-136952.4
-136952.4
-136952.4
-136952.4
-136952.4
-136952.4
-136952.4
-136952.4
-136952.4
-136952.4
-136952.4
-136952.4
-136952.4
-136952.4
-136952.4
-136952.4
-136952.4
-136952.4
-136952.4
-136952.4
-136952.4
-136952.4
-136952.4
-136401.3
-136401.3
-136401.3
-136952.4
-136401.3
-136952.4
-136952.4
-136952.4
-136401.3
-136952.4
-136401.3
-136952.4
-136952.4
-136952.4
-136401.3
-136952.4
-136952.4
-136401.3
-136401.3
-136952.4
-136952.4
-136952.4
-136401.3
-136401.3
-136401.3
-136401.3
-136401.3
-136401.3
-136401.3
-136401.3
-136401.3
-136401.3
-135844.5
-135844.5
-135844.5
-135844.5
-135844.5
-136401.3
-135844.5
-135844.5
-135844.5
-135844.5
-135844.5
-135844.5
-135287.6
-135844.5
-135844.5
-136401.3
-135844.5
-136401.3
-135844.5
-136401.3
-135844.5
-135844.5
-135287.6
-136401.3
-135844.5
-135844.5
-135844.5
-135844.5
-135844.5
-135844.5
-135844.5
-135844.5
-135844.5
-135844.5
-135844.5
-135844.5
-135287.6
-135287.6
-135844.5
-135844.5
-135844.5
-135844.5
-135287.6
-135844.5
-135287.6
-136401.3
-135844.5
-135287.6
-135287.6
-135287.6
-135287.6
-135287.6
-135287.6
-135844.5
-135287.6
-135287.6
-135287.6
-135287.6
-135287.6
-135287.6
-135287.6
-135287.6
-135287.6
-135287.6
-135287.6
-135287.6
-135287.6
-135287.6
-135287.6
-135287.6
-135287.6
-135287.6
-135287.6
-135287.6
-135287.6
-135287.6
-135287.6
-135287.6
-135287.6
-135287.6
-134730.7
-135287.6
-134730.7
-135287.6
-134730.7
-135287.6
-135287.6
-135287.6
-135287.6
-134730.7
-134730.7
-135287.6
-134730.7
-134730.7
-134730.7
-135287.6
-134730.7
-134730.7
-134730.7
-135287.6
-134173.9
-134730.7
-134173.9
-134730.7
-134730.7
-134173.9
-134730.7
-134730.7
-134173.9
-134173.9
-134173.9
-134173.9
-134173.9
-134730.7
-134173.9
-134730.7
-134173.9
-134173.9
-134173.9
-134173.9
-134173.9
-134173.9
-134173.9
-134173.9
-134173.9
-134173.9
-134173.9
-134730.7
-134173.9
-134173.9
-134730.7
-133611.2
-134173.9
-134173.9
-133611.2
-134173.9
-133611.2
-134173.9
-133611.2
-134173.9
-133611.2
-134173.9
-134173.9
-134173.9
-134173.9
-134173.9
-133611.2
-133611.2
-133611.2
-134173.9
-133611.2
-133611.2
-133611.2
-134173.9
-133611.2
-133611.2
-133611.2
-133611.2
-133611.2
-134173.9
-133611.2
-133611.2
-133611.2
-133611.2
-133611.2
-133611.2
-133611.2
-133611.2
-133611.2
-133611.2
-133611.2
-133611.2
-133611.2
-133611.2
-133054.4
-133611.2
-133611.2
-133611.2
-133611.2
-133611.2
-133054.4
-133054.4
-133054.4
-133611.2
-133054.4
-133054.4
-133054.4
-133054.4
-133054.4
-133611.2
-133054.4
-133611.2
-133611.2
-133054.4
-133611.2
-133054.4
-133054.4
-133054.4
-133054.4
-133054.4
-133054.4
-133054.4
-133054.4
-133054.4
-133054.4
-132503.3
-133054.4
-133054.4
-133054.4
-133054.4
-133054.4
-133054.4
-133054.4
-133054.4
-133054.4
-133054.4
-133054.4
-133054.4
-132503.3
-133054.4
-133054.4
-132503.3
-133054.4
-133054.4
-132503.3
-133054.4
-132503.3
-132503.3
-132503.3
-132503.3
-132503.3
-132503.3
-132503.3
-133054.4
-132503.3
-132503.3
-132503.3
-132503.3
-132503.3
-132503.3
-132503.3
-132503.3
-132503.3
-132503.3
-132503.3
-132503.3
-132503.3
-132503.3
-132503.3
-132503.3
-131940.6
-133054.4
-132503.3
-132503.3
-132503.3
-132503.3
-132503.3
-131940.6
-131940.6
-132503.3
-131383.8
-132503.3
-131940.6
-132503.3
-132503.3
-131940.6
-132503.3
-131940.6
-131383.8
-132503.3
-131940.6
-131940.6
-131940.6
-132503.3
-131940.6
-131940.6
-132503.3
-131940.6
-131940.6
-131940.6
-131383.8
-131383.8
-131383.8
-131940.6
-131940.6
-132503.3
-131940.6
-131940.6
-131940.6
-131940.6
-131940.6
-131940.6
-131383.8
-131940.6
-131383.8
-131940.6
-131383.8
-131940.6
-131383.8
-131940.6
-131383.8
-131383.8
-131383.8
-131940.6
-131383.8
-131940.6
-131383.8
-131383.8
-131383.8
-131383.8
-131383.8
-131383.8
-131383.8
-131383.8
-131383.8
-131383.8
-131383.8
-131383.8
-131383.8
-131383.8
-131383.8
-131383.8
-131383.8
-131383.8
-130826.9
-131383.8
-131383.8
-131383.8
-131383.8
-130826.9
-130826.9
-130826.9
-130826.9
-131383.8
-130826.9
-131383.8
-131383.8
-131383.8
-130826.9
-131383.8
-130826.9
-130826.9
-130826.9
-131383.8
-131383.8
-130826.9
-131383.8
-131383.8
-130826.9
-131383.8
-130826.9
-131383.8
-130826.9
-130826.9
-130270.1
-130826.9
-130270.1
-130826.9
-130826.9
-131383.8
-130826.9
-130826.9
-130826.9
-130826.9
-130826.9
-130826.9
-130826.9
-130826.9
-130270.1
-130270.1
-130270.1
-130270.1
-130270.1
-130826.9
-130826.9
-130826.9
-130270.1
-130270.1
-130270.1
-130826.9
-130826.9
-130270.1
-130270.1
-130270.1
-130270.1
-130270.1
-130270.1
-130826.9
-130270.1
-130270.1
-130270.1
-130270.1
-130270.1
-130270.1
-130270.1
-130270.1
-130270.1
-130270.1
-130270.1
-130270.1
-130270.1
-130270.1
-130270.1
-130270.1
-130270.1
-130270.1
-130270.1
-130270.1
-130270.1
-130270.1
-130270.1
-129713.2
-130270.1
-130270.1
-129713.2
-130270.1
-130270.1
-129713.2
-130270.1
-129713.2
-129713.2
-130270.1
-129713.2
-129713.2
-130270.1
-129713.2
-129713.2
-130270.1
-129713.2
-129713.2
-130270.1
-129713.2
-129713.2
-130270.1
-129713.2
-129713.2
-129713.2
-129156.3
-129713.2
-129713.2
-129156.3
-129713.2
-129156.3
-129713.2
-129713.2
-129713.2
-129713.2
-129713.2
-129156.3
-129713.2
-129156.3
-129713.2
-129156.3
-129156.3
-129156.3
-129156.3
-129156.3
-129156.3
-129156.3
-129713.2
-129156.3
-129156.3
-129156.3
-129713.2
-129713.2
-129156.3
-129156.3
-129156.3
-129156.3
-129156.3
-129156.3
-129156.3
-129156.3
-129156.3
-129156.3
-129156.3
-129156.3
-129156.3
-129156.3
-129156.3
-129156.3
-129156.3
-129156.3
-129156.3
-129156.3
-129156.3
-129156.3
-129156.3
-128593.7
-129156.3
-129156.3
-129156.3
-128593.7
-129156.3
-129156.3
-129156.3
-129156.3
-128593.7
-129156.3
-129156.3
-128593.7
-129156.3
-128593.7
-129156.3
-128593.7
-128593.7
-128593.7
-129156.3
-128593.7
-129156.3
-128593.7
-129156.3
-128593.7
-128593.7
-128593.7
-128593.7
-128593.7
-128593.7
-128042.6
-128593.7
-129156.3
-128593.7
-129156.3
-128593.7
-128593.7
-128593.7
-128593.7
-129156.3
-128593.7
-128593.7
-128593.7
-128593.7
-128042.6
-128593.7
-128593.7
-129156.3
-128593.7
-128593.7
-128042.6
-128042.6
-128042.6
-128042.6
-128042.6
-128593.7
-128593.7
-128042.6
-128042.6
-128042.6
-128042.6
-128042.6
-128042.6
-128042.6
-128042.6
-128042.6
-128042.6
-128042.6
-128042.6
-128042.6
-128042.6
-128042.6
-128042.6
-128042.6
-128042.6
-128042.6
-128042.6
-128042.6
-128042.6
-128042.6
-128042.6
-128042.6
-128042.6
-128042.6
-128042.6
-128042.6
-128042.6
-128042.6
-128042.6
-127480.0
-127480.0
-128042.6
-127480.0
-128042.6
-128042.6
-128042.6
-128042.6
-128042.6
-127480.0
-128042.6
-127480.0
-128042.6
-127480.0
-128042.6
-128042.6
-127480.0
-127480.0
-128042.6
-126923.1
-128042.6
-127480.0
-127480.0
-127480.0
-127480.0
-127480.0
-128042.6
-126923.1
-127480.0
-128042.6
-127480.0
-126923.1
-127480.0
-127480.0
-127480.0
-126923.1
-126923.1
-126923.1
-127480.0
-127480.0
-126923.1
-126923.1
-127480.0
-126923.1
-127480.0
-127480.0
-127480.0
-126923.1
-127480.0
-126923.1
-127480.0
-126923.1
-127480.0
-126923.1
-127480.0
-126923.1
-126923.1
-126923.1
-126923.1
-126923.1
-126923.1
-126923.1
-126923.1
-127480.0
-126923.1
-126923.1
-126923.1
-126923.1
-126923.1
-126923.1
-126366.3
-126923.1
-126923.1
-127480.0
-126923.1
-126923.1
-126923.1
-126923.1
-126366.3
-126923.1
-126923.1
