IEC 61083-2 TDG Version 2.1.0
Data File Version  2.1.0
31 LIC-M1
16 bits, 159 samples at 10ns
1.000000e-008
-14.3
-14.3
3727.9
-28.6
3570.8
328.5
-14.3
-14.3
-14.3
-14.3
-14.3
-14.3
-14.3
3585.0
3727.9
7984.2
11769.2
7727.1
11969.2
15597.1
19582.1
19753.5
23767.0
27980.5
34807.8
47448.3
55389.7
63174.0
79056.7
87383.7
102252.4
126319.3
154128.4
177695.5
206290.2
233699.3
262265.5
283204.4
290703.0
296016.3
296773.3
283932.8
283447.2
283818.6
297601.7
329895.7
360932.8
397925.9
437561.4
462171.1
486166.6
506905.6
518846.3
527001.9
538999.6
558510.3
577949.5
590790.0
610472.0
630839.7
646451.1
658577.4
667104.4
686629.3
702612.0
718609.1
734406.1
754616.6
774227.3
786724.9
802907.6
818533.3
831059.5
838858.1
851055.8
848756.3
822061.2
757030.5
640295.1
478539.5
291174.4
116849.7
-10112.4
-74429.0
-69844.1
-23709.9
40506.7
89754.7
127104.9
128233.3
109508.2
77799.8
45805.8
9941.0
-18082.3
-39192.7
-59231.8
-63973.8
-60445.9
-48533.8
-40749.6
-36293.2
-24224.1
-23795.6
-24124.1
-27637.7
-36007.6
-35793.3
-39992.6
-43663.3
-44148.9
-36236.1
-29094.6
-12569.1
-414.2
7684.3
11640.7
11954.9
11769.2
12083.5
15982.7
15954.2
19667.8
19767.7
23952.7
23767.0
27966.2
27966.2
27966.2
27966.2
28123.3
24109.8
23652.7
23938.4
23938.4
20053.4
24138.4
19910.6
20110.5
15925.6
16125.6
11940.6
12112.0
7927.1
7955.7
4227.8
3985.0
3985.0
4142.1
-14.3
-14.3
-14.3
-14.3
-14.3
-14.3
-14.3
-14.3
-14.3
-14.3
