IEC 61083-2 TDG Version 2.1.0
Data File Version  2.1.0
35 LIC-M4f
16 bits, 9399 samples at 10ns
1.000000e-008
7.3566
7.3566
7.3566
7.3566
7.3566
7.3566
7.3566
7.3566
7.3566
7.3566
7.3566
7.3566
7.3566
7.3566
7.3566
7.3566
7.3566
7.3566
7.3566
7.3566
7.3566
7.3566
7.3566
7.3566
7.3566
7.3566
7.3566
6.6217
6.6217
6.6217
6.6217
7.3566
6.6217
7.3566
7.3566
6.6217
7.3566
7.3566
7.3566
7.3566
7.3566
7.3566
7.3566
7.3566
7.3566
7.3566
7.3566
7.3566
7.3566
7.3566
7.3566
7.3566
7.3566
7.3566
7.3566
7.3566
7.3566
7.3566
7.3566
7.3566
7.3566
7.3566
7.3566
7.3566
7.3566
7.3566
7.3566
7.3566
7.3566
7.3566
7.3566
7.3566
7.3566
7.3566
7.3566
7.3566
7.3566
7.3566
7.3566
7.3566
7.3566
7.3566
7.3566
7.3566
7.3566
7.3566
7.3566
6.6217
7.3566
7.3566
7.3566
7.3566
7.3566
7.3566
7.3566
7.3566
7.3566
7.3566
7.3566
7.3566
7.3566
7.3566
7.3566
7.3566
7.3566
7.3566
7.3566
7.3566
7.3566
7.3566
7.3566
7.3566
7.3566
7.3566
7.3566
7.3566
7.3566
7.3566
7.3566
7.3566
7.3566
7.3566
7.3566
7.3566
7.3566
7.3566
7.3566
7.3566
7.3566
7.3566
7.3566
7.3566
7.3566
7.3566
7.3566
6.6217
6.6217
7.3566
7.3566
7.3566
7.3566
7.3566
7.3566
7.3566
7.3566
7.3566
7.3566
7.3566
7.3566
7.3566
7.3566
7.3566
7.3566
7.3566
7.3566
7.3566
7.3566
7.3566
7.3566
6.6217
7.3566
7.3566
7.3566
7.3566
7.3566
7.3566
7.3566
7.3566
7.3566
7.3566
7.3566
7.3566
7.3566
7.3566
7.3566
7.3566
7.3566
7.3566
7.3566
7.3566
7.3566
7.3566
7.3566
7.3566
7.3566
7.3566
7.3566
7.3566
7.3566
7.3566
6.6217
7.3566
7.3566
7.3566
6.6217
7.3566
6.6217
7.3566
7.3566
7.3566
7.3566
7.3566
7.3566
6.6217
7.3566
7.3566
7.3566
7.3566
7.3566
7.3566
7.3566
7.3566
7.3566
7.3566
7.3566
7.3566
7.3566
7.3566
7.3566
7.3566
7.3566
7.3566
7.3566
7.3566
7.3566
7.3566
7.3566
7.3566
7.3566
6.6217
7.3566
7.3566
7.3566
7.3566
6.6217
7.3566
7.3566
7.3566
7.3566
7.3566
7.3566
7.3566
7.3566
7.3566
7.3566
7.3566
7.3566
7.3566
7.3566
7.3566
7.3566
7.3566
7.3566
7.3566
7.3566
7.3566
7.3566
7.3566
7.3566
7.3566
7.3566
7.3566
7.3566
7.3566
7.3566
7.3566
7.3566
7.3566
7.3566
7.3566
7.3566
7.3566
7.3566
7.3566
7.3566
7.3566
7.3566
7.3566
7.3566
7.3566
7.3566
7.3566
7.3566
7.3566
7.3566
7.3566
7.3566
7.3566
7.3566
7.3566
7.3566
7.3566
7.3566
7.3566
7.3566
7.3566
7.3566
7.3566
7.3566
7.3566
7.3566
7.3566
6.6217
7.3566
7.3566
7.3566
7.3566
7.3566
7.3566
7.3566
7.3566
7.3566
7.3566
7.3566
7.3566
7.3566
7.3566
7.3566
7.3566
7.3566
7.3566
6.6217
7.3566
7.3566
7.3566
7.3566
7.3566
7.3566
7.3566
7.3566
7.3566
7.3566
7.3566
7.3566
7.3566
7.3566
7.3566
7.3566
7.3566
7.3566
7.3566
7.3566
7.3566
7.3566
7.3566
8.0916
8.8266
8.0916
8.0916
8.8266
8.8266
8.0916
8.8266
8.8266
8.8266
8.8266
8.8266
9.5639
9.5639
9.5639
9.5639
9.5639
10.2989
11.0339
11.0339
11.7711
11.7711
12.5061
12.5061
12.5061
13.2411
12.5061
13.2411
13.2411
13.2411
13.9783
14.7133
14.7133
15.4483
15.4483
16.9205
17.6577
17.6577
19.1277
19.1277
19.8627
20.5977
21.3350
22.0699
22.8072
23.5399
24.2772
25.0144
26.4844
27.9566
28.6916
30.8988
32.3710
34.5783
38.2577
41.9349
47.0843
51.4988
55.9132
58.8577
59.5904
61.0626
61.0626
63.2699
66.2143
68.4215
69.8915
70.6265
70.6265
71.3637
73.5710
76.5132
80.1904
82.3976
83.8698
85.3420
86.8143
88.2843
90.4915
92.6987
94.9059
96.3781
97.1131
97.8481
97.8481
98.5853
100.0576
101.5276
102.9976
104.4698
105.9420
105.9420
107.4142
108.1470
109.6214
111.0914
112.5637
114.0336
114.7709
115.5036
116.2409
116.9781
117.7131
119.1853
120.6553
121.3903
121.3903
122.8647
123.5975
123.5975
124.3347
125.0697
125.8047
126.5420
127.2769
128.7469
128.7469
129.4842
130.2214
130.9542
131.6914
132.4264
133.1636
133.1636
133.8986
134.6336
134.6336
133.8986
134.6336
135.3708
135.3708
136.1058
136.8408
136.8408
137.5780
138.3130
138.3130
139.0480
139.7853
139.7853
140.5203
140.5203
141.2553
141.2553
141.2553
141.2553
141.9902
141.9902
142.7275
142.7275
143.4647
143.4647
143.4647
143.4647
144.1975
144.1975
144.9347
144.9347
144.9347
145.6697
144.9347
145.6697
146.4047
146.4047
146.4047
146.4047
146.4047
146.4047
146.4047
147.1419
147.1419
147.1419
147.8769
147.1419
147.1419
147.8769
148.6141
147.8769
148.6141
149.3469
149.3469
148.6141
149.3469
149.3469
150.0841
149.3469
150.0841
149.3469
150.0841
150.0841
150.0841
150.0841
150.0841
150.0841
150.0841
150.0841
150.0841
150.8214
150.0841
150.8214
150.8214
150.8214
151.5541
151.5541
151.5541
150.8214
150.8214
151.5541
151.5541
151.5541
151.5541
151.5541
151.5541
151.5541
151.5541
151.5541
151.5541
151.5541
151.5541
152.2913
151.5541
151.5541
152.2913
151.5541
152.2913
152.2913
152.2913
152.2913
152.2913
152.2913
152.2913
152.2913
152.2913
152.2913
152.2913
152.2913
152.2913
152.2913
153.0286
152.2913
152.2913
152.2913
152.2913
152.2913
152.2913
153.0286
152.2913
153.0286
152.2913
153.0286
152.2913
152.2913
152.2913
153.0286
152.2913
152.2913
152.2913
152.2913
152.2913
152.2913
153.0286
152.2913
153.0286
152.2913
153.0286
153.0286
153.0286
152.2913
152.2913
152.2913
152.2913
152.2913
152.2913
152.2913
152.2913
152.2913
152.2913
152.2913
152.2913
153.0286
152.2913
153.0286
152.2913
152.2913
152.2913
152.2913
153.0286
152.2913
153.0286
152.2913
152.2913
152.2913
152.2913
152.2913
152.2913
152.2913
152.2913
152.2913
152.2913
152.2913
152.2913
152.2913
152.2913
152.2913
152.2913
152.2913
152.2913
152.2913
152.2913
152.2913
152.2913
152.2913
151.5541
152.2913
152.2913
152.2913
152.2913
152.2913
152.2913
152.2913
152.2913
152.2913
152.2913
152.2913
152.2913
152.2913
151.5541
152.2913
152.2913
152.2913
151.5541
151.5541
151.5541
152.2913
151.5541
152.2913
151.5541
151.5541
152.2913
152.2913
151.5541
151.5541
152.2913
152.2913
151.5541
151.5541
151.5541
151.5541
151.5541
151.5541
151.5541
152.2913
151.5541
151.5541
151.5541
151.5541
150.8214
151.5541
150.8214
151.5541
151.5541
151.5541
151.5541
151.5541
151.5541
151.5541
150.8214
151.5541
151.5541
150.8214
151.5541
150.8214
150.8214
151.5541
150.8214
151.5541
150.8214
151.5541
150.8214
151.5541
150.8214
150.8214
151.5541
150.8214
150.8214
151.5541
150.8214
150.8214
150.8214
150.8214
150.8214
150.8214
150.8214
150.8214
150.8214
150.8214
150.8214
150.8214
150.8214
150.8214
150.8214
150.8214
150.8214
150.8214
150.0841
150.0841
150.0841
150.0841
150.8214
150.0841
150.0841
150.0841
150.0841
150.0841
150.0841
150.8214
150.0841
150.0841
150.0841
150.0841
150.0841
150.0841
150.0841
150.0841
150.0841
150.0841
150.0841
150.0841
150.0841
150.0841
150.0841
150.0841
150.0841
150.0841
149.3469
150.0841
149.3469
149.3469
149.3469
150.0841
149.3469
149.3469
149.3469
149.3469
149.3469
149.3469
149.3469
149.3469
149.3469
149.3469
149.3469
149.3469
149.3469
149.3469
149.3469
150.0841
149.3469
149.3469
149.3469
149.3469
149.3469
149.3469
149.3469
149.3469
149.3469
149.3469
149.3469
149.3469
149.3469
149.3469
149.3469
149.3469
148.6141
149.3469
149.3469
149.3469
148.6141
148.6141
148.6141
148.6141
148.6141
148.6141
148.6141
148.6141
148.6141
148.6141
148.6141
148.6141
148.6141
148.6141
148.6141
148.6141
148.6141
148.6141
148.6141
148.6141
147.8769
148.6141
148.6141
148.6141
147.8769
148.6141
147.8769
148.6141
148.6141
147.8769
147.8769
147.8769
147.8769
147.8769
147.8769
147.8769
147.8769
147.8769
147.8769
148.6141
147.8769
147.8769
147.1419
147.8769
147.8769
147.8769
147.8769
147.8769
147.1419
147.8769
147.1419
147.1419
147.1419
147.1419
147.8769
147.8769
147.1419
147.1419
147.1419
147.8769
147.1419
147.1419
147.1419
147.1419
147.1419
147.1419
147.1419
147.1419
146.4069
147.1419
147.1419
147.8769
147.1419
147.1419
147.1419
147.1419
146.4069
146.4069
147.1419
147.1419
147.1419
146.4069
146.4047
147.1419
146.4047
146.4069
146.4047
146.4047
146.4047
146.4047
146.4047
146.4047
146.4047
146.4047
146.4047
146.4047
147.1419
146.4047
146.4047
146.4047
146.4047
146.4047
146.4047
145.6697
146.4047
146.4047
146.4047
146.4047
146.4047
145.6697
145.6697
146.4047
145.6697
145.6697
145.6697
146.4047
145.6697
145.6697
145.6697
145.6697
145.6697
145.6697
145.6697
145.6697
145.6697
145.6697
145.6697
145.6697
145.6697
145.6697
145.6697
145.6697
144.9347
145.6697
145.6697
145.6697
145.6697
145.6697
144.9347
144.9347
144.9347
144.9347
145.6697
145.6697
144.9347
144.9347
145.6697
144.9347
144.9347
144.9347
144.9347
144.9347
144.9347
145.6697
144.9347
144.9347
144.9347
144.9347
144.9347
144.9347
144.9347
144.1975
144.9347
144.1975
144.1975
144.9347
144.9347
144.1975
144.1975
144.1975
144.1975
144.1975
144.1975
144.9347
144.1975
144.1975
144.1975
144.1975
144.1975
144.1975
144.1975
144.1975
144.1975
144.1975
144.1975
144.1975
144.1975
144.1975
144.1975
144.1975
144.1975
144.1975
144.1975
144.1975
143.4647
144.1975
144.1975
143.4647
144.1975
144.1975
143.4647
143.4647
143.4647
143.4647
144.1975
143.4647
144.1975
144.1975
143.4647
143.4647
143.4647
143.4647
143.4647
143.4647
144.1975
144.1975
143.4647
143.4647
143.4647
143.4647
143.4647
143.4647
143.4647
143.4647
142.7275
143.4647
143.4647
143.4647
143.4647
143.4647
143.4647
143.4647
142.7275
143.4647
142.7275
143.4647
142.7275
142.7275
143.4647
142.7275
142.7275
142.7275
142.7275
142.7275
142.7275
142.7275
142.7275
142.7275
142.7275
142.7275
142.7275
141.9902
142.7275
142.7275
141.9902
142.7275
142.7275
142.7275
142.7275
142.7275
142.7275
141.9902
142.7275
141.9902
142.7275
141.9902
141.9902
142.7275
142.7275
141.9902
142.7275
141.9902
141.9902
141.9902
141.9902
141.9902
141.9902
141.9902
141.9902
141.9902
141.9902
141.2575
141.2553
141.9902
141.2553
141.9902
141.2575
141.2553
141.2575
141.2553
141.2575
141.2575
141.2575
141.2575
141.2553
141.9902
141.2553
141.2553
141.2553
141.2553
141.2553
141.2553
141.2553
141.2553
141.2553
141.2553
141.2553
141.2553
141.2553
141.2553
141.2553
141.2553
141.2553
141.2553
140.5203
141.2553
141.2553
141.2553
141.2553
140.5203
140.5203
141.2553
140.5203
140.5203
140.5203
140.5203
140.5203
141.2553
140.5203
141.2553
140.5203
140.5203
140.5203
140.5203
140.5203
140.5203
140.5203
140.5203
140.5203
140.5203
140.5203
140.5203
140.5203
140.5203
140.5203
140.5203
139.7853
139.7853
140.5203
140.5203
140.5203
140.5203
140.5203
139.7853
140.5203
140.5203
139.7853
140.5203
139.7853
140.5203
139.7853
140.5203
139.7853
139.7853
139.7853
139.7853
139.7853
139.7853
139.7853
139.7853
139.7853
139.7853
139.7853
139.7853
139.7853
139.7853
139.7853
139.7853
139.7853
139.7853
139.7853
139.7853
139.7853
139.7853
139.7853
139.0480
139.0480
139.0480
139.7853
139.7853
139.7853
139.0480
139.7853
139.0480
139.7853
139.7853
139.7853
139.0480
139.7853
139.0480
138.3130
139.0480
139.0480
139.0480
138.3130
139.0480
138.3130
139.0480
139.0480
139.0480
139.0480
139.0480
138.3130
138.3130
138.3130
139.0480
138.3130
138.3130
139.0480
139.0480
138.3130
138.3130
138.3130
138.3130
138.3130
138.3130
138.3130
138.3130
138.3130
138.3130
138.3130
138.3130
138.3130
138.3130
138.3130
138.3130
138.3130
137.5780
138.3130
138.3130
138.3130
138.3130
138.3130
138.3130
137.5780
137.5780
137.5780
137.5780
137.5780
137.5780
138.3130
138.3130
137.5780
137.5780
137.5780
137.5780
137.5780
137.5780
137.5780
137.5780
137.5780
137.5780
137.5780
137.5780
137.5780
137.5780
137.5780
137.5780
137.5780
137.5780
137.5780
137.5780
137.5780
137.5780
137.5780
136.8408
137.5780
136.8408
136.8408
137.5780
137.5780
136.8408
136.8408
137.5780
136.8408
137.5780
137.5780
136.8408
136.8408
136.8408
136.8408
136.8408
136.8408
136.8408
136.8408
136.8408
136.8408
136.8408
136.1081
136.8408
136.8408
136.1058
136.8408
136.8408
136.1081
136.1081
136.1058
136.8408
136.1058
136.1058
136.1058
136.1058
136.1058
136.1058
136.1058
136.1058
136.1058
136.1058
136.1058
136.1058
136.1058
136.1058
136.1058
136.1058
136.1058
136.1058
136.1058
135.3708
136.1058
136.1058
136.1058
136.1058
135.3708
135.3708
135.3708
136.1058
136.1058
135.3708
136.1058
136.1058
136.1058
135.3708
135.3708
135.3708
135.3708
136.1058
135.3708
135.3708
135.3708
135.3708
135.3708
135.3708
135.3708
135.3708
135.3708
135.3708
135.3708
135.3708
135.3708
135.3708
135.3708
135.3708
135.3708
135.3708
135.3708
135.3708
135.3708
134.6336
134.6336
134.6336
135.3708
134.6336
135.3708
135.3708
134.6336
134.6336
134.6336
134.6336
134.6336
134.6336
134.6336
134.6336
134.6336
134.6336
134.6336
134.6336
134.6336
134.6336
134.6336
134.6336
134.6336
134.6336
134.6336
134.6336
134.6336
133.8986
134.6336
133.8986
134.6336
134.6336
133.8986
134.6336
134.6336
133.8986
133.8986
133.8986
133.8986
134.6336
133.8986
133.8986
133.8986
133.8986
133.8986
133.8986
133.8986
133.8986
133.8986
133.8986
133.8986
133.8986
133.8986
133.8986
133.8986
133.8986
133.8986
133.1636
133.8986
133.8986
133.8986
133.8986
133.8986
133.8986
133.8986
133.1636
133.1636
133.8986
133.1636
133.1636
133.8986
133.1636
133.1636
133.1636
133.8986
133.8986
133.1636
133.1636
133.1636
133.1636
133.1636
133.1636
133.1636
133.1636
133.1636
133.1636
133.1636
133.1636
133.1636
133.1636
133.1636
133.1636
133.1636
133.1636
133.1636
132.4264
133.1636
133.1636
133.1636
132.4264
133.1636
132.4264
132.4264
132.4264
132.4264
133.1636
132.4264
132.4264
132.4264
132.4264
132.4264
132.4264
132.4264
132.4264
132.4264
132.4264
131.6914
132.4264
132.4264
132.4264
132.4264
132.4264
132.4264
132.4264
132.4264
131.6914
131.6914
132.4264
132.4264
131.6914
132.4264
132.4264
132.4264
132.4264
132.4264
131.6914
132.4264
131.6914
131.6914
131.6914
131.6914
132.4264
131.6914
131.6914
131.6914
131.6914
131.6914
131.6914
131.6914
130.9564
132.4264
131.6914
131.6914
131.6914
131.6914
131.6914
131.6914
131.6914
131.6914
131.6914
131.6914
130.9564
130.9542
131.6914
130.9564
131.6914
131.6914
130.9564
131.6914
130.9542
131.6914
130.9542
130.9542
130.9542
130.9542
130.9542
130.9542
130.9542
130.9564
130.9542
130.9542
130.2214
130.9542
130.9542
130.9542
130.9542
130.9564
130.9542
130.9542
130.2214
130.9542
130.9542
130.9542
130.2214
130.2214
130.2214
130.9542
130.9542
130.2214
130.2214
130.2214
130.9542
130.2214
130.9542
130.2214
130.2214
130.2214
130.2214
130.2214
130.2214
130.2214
130.2214
130.2214
130.2214
130.2214
130.2214
130.2214
130.2214
130.2214
130.2214
130.2214
130.2214
130.2214
129.4842
129.4842
130.2214
130.2214
130.2214
129.4842
130.2214
130.2214
130.2214
130.2214
129.4842
129.4842
129.4842
129.4842
130.2214
129.4842
129.4842
129.4842
129.4842
129.4842
129.4842
130.2214
129.4842
129.4842
129.4842
129.4842
129.4842
129.4842
129.4842
128.7469
129.4842
129.4842
129.4842
129.4842
129.4842
129.4842
128.7469
129.4842
128.7469
128.7469
129.4842
129.4842
129.4842
129.4842
129.4842
128.7469
128.7469
128.7469
128.7469
129.4842
128.7469
128.7469
128.7469
128.7469
128.7469
128.7469
128.7469
128.0142
128.7469
128.7469
128.7469
128.7469
128.7469
128.7469
128.7469
128.0142
128.7469
128.7469
128.0142
128.7469
128.0142
128.0142
128.7469
128.7469
128.0142
128.0142
128.7469
128.0142
128.0142
128.7469
128.0142
128.0142
128.0142
128.0142
128.0142
128.0142
128.0142
128.0142
128.0142
128.0142
128.0142
128.0142
128.0142
128.0142
128.0142
128.0142
127.2769
128.0142
127.2769
128.0142
127.2769
128.0142
127.2769
128.0142
128.0142
128.0142
127.2769
128.0142
127.2769
127.2769
127.2769
127.2769
127.2769
127.2769
127.2769
127.2769
128.0142
127.2769
127.2769
127.2769
127.2769
128.0142
127.2769
127.2769
127.2769
127.2769
127.2769
127.2769
127.2769
127.2769
127.2769
126.5420
127.2769
126.5420
127.2769
127.2769
127.2769
127.2769
126.5420
127.2769
126.5420
127.2769
127.2769
126.5420
127.2769
126.5420
126.5420
126.5420
126.5420
126.5420
126.5420
126.5420
126.5420
126.5420
126.5420
126.5420
126.5420
126.5420
126.5420
126.5420
126.5420
126.5420
126.5420
126.5420
126.5420
126.5420
126.5420
126.5420
126.5420
126.5420
126.5420
125.8070
126.5420
126.5420
125.8047
126.5420
125.8047
125.8047
126.5420
125.8070
125.8070
125.8047
125.8047
125.8070
125.8047
125.8047
125.8047
125.8070
125.8047
125.8047
125.8047
125.8047
125.8047
125.8047
125.8047
125.8070
125.8047
125.8047
125.8047
125.8047
125.0697
125.8047
125.8047
125.0697
125.8047
125.0697
125.0697
125.8047
125.8047
125.0697
125.0697
125.0697
125.0697
125.8047
125.0697
125.8047
125.8047
125.8047
125.0697
125.0697
125.0697
125.0697
125.0697
125.0697
125.0697
124.3347
125.0697
125.0697
125.0697
125.0697
125.0697
124.3347
125.0697
125.0697
125.0697
125.0697
125.0697
124.3347
125.0697
124.3347
124.3347
125.0697
124.3347
124.3347
124.3347
125.0697
124.3347
125.0697
124.3347
124.3347
124.3347
124.3347
124.3347
124.3347
125.0697
124.3347
124.3347
124.3347
124.3347
124.3347
124.3347
124.3347
124.3347
124.3347
124.3347
123.5975
124.3347
123.5975
124.3347
124.3347
124.3347
123.5975
124.3347
124.3347
124.3347
123.5975
123.5975
123.5975
124.3347
123.5975
124.3347
123.5975
123.5975
123.5975
123.5975
123.5975
123.5975
123.5975
123.5975
123.5975
123.5975
123.5975
123.5975
123.5975
123.5975
123.5975
123.5975
123.5975
123.5975
123.5975
123.5975
123.5975
122.8647
123.5975
122.8647
123.5975
123.5975
122.8647
123.5975
123.5975
122.8647
122.8647
122.8647
122.8647
123.5975
122.8647
122.8647
122.8647
122.8647
123.5975
122.8647
122.8647
122.8647
122.8647
122.8647
122.8647
122.8647
122.8647
122.8647
122.1275
122.8647
122.8647
122.8647
122.8647
122.8647
122.8647
122.8647
122.8647
122.8647
122.8647
122.8647
122.8647
122.1275
122.1275
122.8647
122.8647
122.8647
122.8647
122.1275
122.1275
122.1275
122.1275
122.1275
122.1275
122.8647
122.1275
122.1275
122.1275
122.1275
122.1275
122.8647
122.1275
122.1275
122.1275
122.1275
122.1275
122.1275
122.1275
122.1275
122.1275
122.1275
121.3903
122.1275
121.3903
122.1275
122.1275
122.1275
122.1275
122.1275
121.3903
122.1275
121.3903
121.3903
121.3903
121.3903
122.1275
121.3903
122.1275
121.3903
121.3903
121.3903
121.3903
121.3903
121.3903
121.3903
121.3903
121.3903
121.3903
121.3903
121.3903
121.3903
121.3903
121.3903
121.3903
121.3903
121.3903
121.3903
121.3903
121.3903
120.6575
121.3903
121.3903
121.3903
121.3903
121.3903
121.3903
120.6575
120.6553
120.6575
121.3903
120.6553
121.3903
120.6553
121.3903
120.6575
120.6553
121.3903
120.6553
120.6553
120.6553
120.6553
120.6553
120.6553
120.6553
120.6553
120.6553
120.6553
120.6553
120.6553
120.6553
120.6553
120.6553
120.6553
120.6553
120.6553
120.6553
120.6553
120.6553
119.9203
120.6553
119.9203
119.9203
120.6553
119.9203
119.9203
120.6553
119.9203
119.9203
119.9203
119.9203
119.9203
119.9203
119.9203
119.9203
119.9203
119.9203
119.9203
119.9203
119.9203
119.9203
119.9203
119.9203
119.9203
119.9203
119.9203
119.9203
119.9203
119.9203
119.9203
119.9203
119.9203
119.1853
119.9203
119.1853
119.1853
119.1853
119.9203
119.9203
119.9203
119.1853
119.9203
119.9203
119.1853
119.9203
119.1853
119.1853
119.9203
119.9203
119.1853
119.1853
119.1853
118.4481
119.1853
119.1853
119.1853
119.1853
119.1853
119.9203
119.1853
119.1853
119.1853
118.4481
119.1853
119.1853
119.1853
119.1853
118.4481
119.1853
119.1853
118.4481
119.1853
119.1853
119.1853
118.4481
118.4481
119.1853
119.1853
119.1853
119.1853
119.1853
119.1853
118.4481
119.1853
119.1853
118.4481
118.4481
118.4481
118.4481
118.4481
118.4481
118.4481
118.4481
118.4481
118.4481
118.4481
118.4481
118.4481
117.7131
118.4481
117.7131
118.4481
118.4481
118.4481
118.4481
117.7131
117.7131
118.4481
118.4481
118.4481
117.7131
118.4481
117.7131
117.7131
117.7131
117.7131
117.7131
117.7131
117.7131
117.7131
117.7131
117.7131
117.7131
117.7131
117.7131
117.7131
117.7131
117.7131
117.7131
117.7131
117.7131
117.7131
117.7131
117.7131
117.7131
116.9781
117.7131
117.7131
117.7131
117.7131
117.7131
116.9781
116.9781
116.9781
116.9781
117.7131
116.9781
116.9781
116.9781
117.7131
116.9781
116.9781
116.9781
116.9781
116.9781
116.9781
116.9781
116.9781
117.7131
116.9781
116.9781
116.9781
116.9781
116.9781
116.9781
116.9781
116.9781
116.9781
116.9781
116.9781
116.9781
116.9781
116.2409
116.9781
116.9781
116.2409
116.9781
116.9781
116.9781
116.9781
116.2409
116.9781
116.2409
116.9781
116.2409
116.2409
116.2409
116.2409
116.9781
116.9781
116.2409
116.9781
116.2409
116.2409
116.2409
116.2409
116.2409
116.9781
116.2409
116.2409
116.2409
116.2409
116.2409
116.2409
116.2409
116.2409
116.2409
115.5059
115.5036
116.2409
116.2409
116.2409
116.2409
115.5059
116.2409
115.5036
115.5059
115.5036
116.2409
115.5059
115.5059
116.2409
116.2409
116.2409
115.5036
116.2409
115.5036
116.2409
115.5036
115.5036
115.5036
115.5036
115.5036
115.5036
115.5036
115.5036
115.5036
114.7709
115.5036
115.5036
115.5036
115.5036
115.5036
115.5036
115.5036
115.5036
115.5036
115.5036
115.5036
114.7709
115.5036
115.5036
115.5036
115.5036
115.5036
114.7709
114.7709
114.7709
114.7709
115.5036
115.5036
114.7709
114.7709
115.5036
114.7709
114.7709
114.7709
114.7709
114.7709
114.7709
114.7709
114.7709
114.7709
114.7709
115.5036
114.7709
114.7709
114.7709
114.7709
114.7709
114.7709
114.7709
114.7709
114.7709
114.7709
114.7709
114.7709
114.7709
114.7709
114.7709
114.7709
114.7709
114.7709
114.7709
114.0336
114.7709
114.0336
114.7709
114.0336
114.7709
114.7709
114.0336
114.7709
114.7709
114.0336
114.7709
114.0336
114.0336
114.0336
114.0336
114.0336
114.0336
114.0336
114.0336
114.0336
114.0336
114.0336
114.0336
113.2986
114.0336
114.0336
114.0336
114.0336
114.0336
114.0336
114.0336
113.2986
114.0336
113.2986
114.0336
113.2986
114.0336
114.0336
113.2986
114.0336
114.0336
113.2986
113.2986
114.0336
113.2986
113.2986
113.2986
113.2986
114.0336
113.2986
113.2986
113.2986
113.2986
113.2986
113.2986
113.2986
113.2986
113.2986
113.2986
113.2986
113.2986
113.2986
112.5637
113.2986
113.2986
113.2986
113.2986
112.5637
113.2986
113.2986
113.2986
113.2986
113.2986
112.5637
112.5637
112.5637
112.5637
112.5637
112.5637
112.5637
112.5637
113.2986
112.5637
112.5637
112.5637
113.2986
112.5637
112.5637
112.5637
112.5637
112.5637
112.5637
112.5637
112.5637
112.5637
112.5637
112.5637
112.5637
112.5637
112.5637
112.5637
112.5637
112.5637
111.8264
112.5637
112.5637
112.5637
112.5637
111.8264
111.8264
112.5637
112.5637
112.5637
111.8264
111.8264
112.5637
111.8264
111.8264
112.5637
112.5637
111.8264
112.5637
111.8264
111.8264
111.8264
111.8264
111.8264
111.8264
111.8264
111.8264
111.8264
111.8264
111.8264
111.8264
111.8264
111.8264
111.8264
111.8264
111.8264
111.8264
111.8264
111.8264
111.0914
111.8264
111.8264
111.8264
111.8264
111.8264
111.0914
111.8264
111.8264
111.8264
111.8264
111.8264
111.8264
111.0914
111.0914
111.0914
111.0914
111.0914
111.0914
111.0914
111.0914
111.0914
111.0914
111.0914
111.0914
111.0914
111.0914
111.0914
111.0914
111.0914
111.0914
111.0914
111.0914
110.3564
111.0914
111.0914
110.3542
111.0914
111.0914
111.0914
111.0914
110.3564
111.0914
110.3564
110.3542
111.0914
110.3542
111.0914
110.3542
110.3542
111.0914
110.3542
110.3542
110.3542
110.3542
110.3542
110.3542
110.3542
110.3542
110.3542
110.3542
110.3542
111.0914
110.3542
110.3542
110.3542
110.3542
110.3542
110.3542
110.3542
110.3542
109.6214
110.3542
110.3542
110.3542
110.3542
110.3542
109.6214
110.3542
110.3542
110.3542
110.3542
110.3542
110.3542
110.3542
110.3542
109.6214
110.3542
109.6214
110.3542
109.6214
109.6214
110.3542
109.6214
109.6214
109.6214
109.6214
109.6214
109.6214
109.6214
109.6214
109.6214
109.6214
109.6214
109.6214
109.6214
109.6214
109.6214
109.6214
109.6214
109.6214
109.6214
109.6214
109.6214
109.6214
109.6214
109.6214
109.6214
109.6214
109.6214
109.6214
109.6214
109.6214
108.8842
109.6214
108.8842
109.6214
108.8842
109.6214
109.6214
109.6214
108.8842
109.6214
108.8842
108.8842
108.8842
108.8842
108.8842
108.8842
108.8842
108.8842
108.8842
108.8842
108.8842
108.8842
108.8842
108.8842
108.8842
108.8842
108.8842
108.8842
108.8842
108.8842
108.8842
108.8842
108.8842
108.8842
108.8842
108.8842
108.8842
108.8842
108.1470
108.8842
108.8842
108.8842
108.8842
108.8842
108.1470
108.1470
108.1470
108.1470
108.1470
108.8842
108.1470
108.1470
108.1470
108.8842
108.1470
108.1470
108.1470
108.1470
108.1470
108.1470
108.1470
108.1470
108.1470
108.1470
108.1470
108.1470
108.1470
108.1470
108.1470
108.1470
108.1470
108.1470
108.1470
107.4142
107.4142
108.1470
108.1470
108.1470
108.1470
108.1470
107.4142
108.1470
107.4142
108.1470
108.1470
107.4142
108.1470
108.1470
107.4142
107.4142
107.4142
107.4142
107.4142
107.4142
108.1470
107.4142
107.4142
107.4142
107.4142
107.4142
107.4142
107.4142
107.4142
107.4142
107.4142
107.4142
107.4142
107.4142
107.4142
107.4142
107.4142
107.4142
107.4142
107.4142
107.4142
107.4142
106.6770
106.6770
106.6770
107.4142
107.4142
107.4142
106.6770
107.4142
106.6770
107.4142
106.6770
106.6770
106.6770
106.6770
106.6770
106.6770
106.6770
106.6770
107.4142
106.6770
106.6770
106.6770
106.6770
107.4142
106.6770
106.6770
106.6770
106.6770
106.6770
106.6770
106.6770
106.6770
106.6770
105.9420
106.6770
106.6770
106.6770
106.6770
106.6770
106.6770
105.9420
106.6770
106.6770
106.6770
105.9420
105.9420
105.9420
106.6770
105.9420
105.9420
105.9420
105.9420
105.9420
105.9420
105.9420
106.6770
105.9420
106.6770
105.9420
105.9420
105.9420
105.9420
105.9420
105.9420
105.9420
105.9420
105.9420
105.9420
105.9420
105.9420
105.9420
105.9420
105.9420
105.9420
105.9420
105.9420
105.9420
105.9420
105.9420
105.9420
105.9420
105.9420
105.9420
105.9420
105.9420
105.9420
105.9420
105.9420
105.2070
105.9420
105.9420
105.2070
105.2070
105.2070
105.2070
105.9420
105.2070
105.2070
105.2070
105.2070
105.2070
105.9420
105.2070
105.2070
105.2070
105.2070
105.2070
105.2070
105.2070
105.2070
105.2070
105.2070
105.2070
105.2070
105.2070
105.2070
105.2070
105.2070
105.2048
105.2070
105.2070
105.2070
105.2070
105.2070
105.2048
104.4698
105.2070
104.4698
105.2048
104.4698
104.4698
105.2070
105.2048
105.2070
104.4698
104.4698
104.4698
104.4698
104.4698
104.4698
104.4698
104.4698
104.4698
104.4698
104.4698
104.4698
104.4698
104.4698
104.4698
104.4698
104.4698
104.4698
104.4698
104.4698
104.4698
104.4698
104.4698
104.4698
104.4698
104.4698
104.4698
104.4698
104.4698
104.4698
104.4698
104.4698
103.7348
103.7348
103.7348
103.7348
104.4698
104.4698
103.7348
103.7348
104.4698
104.4698
103.7348
103.7348
103.7348
104.4698
103.7348
103.7348
103.7348
104.4698
103.7348
104.4698
103.7348
103.7348
103.7348
104.4698
103.7348
103.7348
103.7348
103.7348
103.7348
103.7348
103.7348
103.7348
103.7348
103.7348
102.9976
103.7348
103.7348
103.7348
102.9976
103.7348
103.7348
103.7348
102.9976
102.9976
102.9976
102.9976
103.7348
103.7348
102.9976
102.9976
103.7348
102.9976
102.9976
102.9976
102.9976
102.9976
102.9976
102.9976
102.9976
102.9976
102.9976
102.9976
102.9976
102.9976
102.9976
102.9976
102.9976
102.9976
102.9976
102.9976
102.9976
102.9976
102.9976
102.9976
102.9976
102.9976
102.9976
102.9976
102.9976
102.9976
102.2648
102.9976
102.9976
102.9976
102.9976
102.9976
102.9976
102.9976
102.9976
102.2648
102.9976
102.2648
102.2648
102.9976
102.2648
102.2648
102.2648
102.2648
102.2648
102.2648
102.2648
102.9976
102.2648
102.2648
102.2648
102.2648
102.2648
102.2648
102.2648
102.2648
102.2648
102.2648
102.2648
102.2648
102.2648
102.2648
102.2648
101.5276
102.2648
102.2648
102.2648
102.2648
102.2648
102.2648
102.2648
102.2648
102.2648
101.5276
102.2648
101.5276
101.5276
102.2648
101.5276
102.2648
102.2648
102.2648
102.2648
101.5276
101.5276
102.2648
101.5276
101.5276
101.5276
101.5276
102.2648
101.5276
102.2648
102.2648
101.5276
101.5276
100.7903
101.5276
101.5276
101.5276
101.5276
101.5276
101.5276
101.5276
101.5276
101.5276
101.5276
101.5276
100.7903
100.7903
101.5276
101.5276
101.5276
101.5276
100.7903
100.7903
100.7903
100.7903
101.5276
100.7903
100.7903
101.5276
101.5276
100.7903
100.7903
101.5276
100.7903
101.5276
101.5276
100.7903
100.7903
100.7903
100.7903
100.7903
100.7903
100.7903
100.7903
100.7903
100.7903
100.7903
100.7903
100.7903
100.7903
100.7903
100.7903
100.7903
100.7903
100.7903
100.7903
100.7903
100.7903
100.7903
100.0576
100.7903
100.7903
100.0576
100.7903
100.7903
100.7903
100.7903
100.7903
100.0576
100.0576
100.7903
100.0576
100.7903
100.0576
100.7903
100.7903
100.7903
100.0576
100.0576
100.0576
100.0576
100.0576
100.0576
100.7903
100.0576
100.0576
100.0576
100.0576
100.7903
100.0576
100.7903
100.0576
100.0576
100.0576
100.0576
100.0576
100.0576
100.0576
100.0576
100.0576
100.0553
100.0576
100.0576
100.0576
100.0576
100.0576
100.0576
99.3203
100.0576
99.3203
99.3203
100.0553
99.3203
100.0553
100.0576
100.0553
100.0553
99.3203
99.3203
99.3203
99.3203
99.3203
99.3203
100.0553
99.3203
99.3203
99.3203
99.3203
99.3203
99.3203
99.3203
99.3203
99.3203
99.3203
99.3203
99.3203
99.3203
99.3203
99.3203
99.3203
99.3203
99.3203
99.3203
99.3203
99.3203
99.3203
99.3203
99.3203
99.3203
98.5853
99.3203
99.3203
98.5853
98.5853
99.3203
99.3203
98.5853
99.3203
98.5853
99.3203
98.5853
98.5853
99.3203
99.3203
99.3203
98.5853
98.5853
98.5853
98.5853
98.5853
98.5853
98.5853
98.5853
98.5853
98.5853
98.5853
98.5853
98.5853
98.5853
98.5853
98.5853
98.5853
98.5853
98.5853
98.5853
98.5853
98.5853
98.5853
98.5853
98.5853
98.5853
98.5853
98.5853
98.5853
98.5853
98.5853
98.5853
98.5853
97.8481
98.5853
98.5853
98.5853
97.8481
98.5853
98.5853
98.5853
97.8481
97.8481
98.5853
98.5853
97.8481
98.5853
98.5853
97.8504
97.8481
97.8481
97.8481
97.8481
97.8481
97.8504
97.8481
97.8481
98.5853
97.8481
97.8481
97.8481
98.5853
97.8481
97.8481
97.8481
98.5853
97.8481
97.1131
97.8481
97.1131
97.8481
97.8481
97.1131
97.1131
97.8481
97.8481
97.8481
97.8481
97.8481
97.1131
97.8481
97.1131
97.1131
97.1131
97.1131
97.1131
97.1131
97.1131
97.1131
97.8481
97.1131
97.1131
97.1131
97.1131
97.1131
97.1109
97.1131
97.1131
97.1131
97.1131
97.1131
97.1131
97.1131
97.1131
97.1131
97.1131
97.1131
97.1109
97.1131
97.1109
97.1131
97.1131
97.1109
97.1131
97.1109
96.3781
97.1131
97.1109
96.3781
97.1131
97.1109
97.1109
96.3781
97.1109
96.3781
96.3781
97.1109
96.3781
96.3781
97.1131
96.3781
96.3781
96.3781
96.3781
96.3781
96.3781
96.3781
96.3781
96.3781
96.3781
96.3781
96.3781
96.3781
96.3781
96.3781
96.3781
96.3781
96.3781
96.3781
96.3781
96.3781
96.3781
95.6409
96.3781
96.3781
95.6409
96.3781
96.3781
96.3781
96.3781
96.3781
96.3781
95.6409
96.3781
96.3781
96.3781
96.3781
96.3781
96.3781
95.6409
95.6409
96.3781
96.3781
96.3781
96.3781
96.3781
95.6409
95.6409
96.3781
95.6409
96.3781
95.6409
96.3781
95.6409
95.6409
95.6409
95.6409
95.6409
95.6409
95.6409
95.6409
95.6409
95.6409
95.6409
95.6409
95.6409
95.6409
95.6409
94.9059
95.6409
95.6409
95.6409
94.9059
95.6409
95.6409
94.9037
94.9059
95.6409
94.9037
94.9037
94.9037
95.6409
94.9037
95.6409
94.9059
94.9037
94.9037
94.9059
94.9037
95.6409
94.9037
94.9037
94.9037
94.9037
94.9037
94.9037
94.9037
94.9037
94.9037
94.1709
94.9037
94.9037
94.9037
94.9037
94.9037
94.1709
94.9037
94.9037
94.9037
94.9037
94.9037
94.9037
94.9037
94.9037
94.9037
94.9037
94.1709
94.9037
94.9037
94.1709
94.1709
94.1709
94.1709
94.1709
94.1709
94.1709
94.1709
94.1709
94.1709
94.1709
94.1709
94.1709
94.1709
94.1709
94.1709
94.1709
94.1709
94.1709
94.1709
94.1709
94.9037
94.1709
94.1709
94.1709
94.1709
94.1709
94.1709
94.1709
94.1709
94.1709
94.1709
94.1709
94.1709
94.9037
94.1709
93.4337
94.1709
94.1709
94.1709
94.1709
94.1709
94.1709
94.1709
94.1709
94.1709
94.1709
94.1709
94.1709
94.1709
94.1709
94.1709
94.1709
94.1709
94.1709
93.4337
94.1709
94.1709
93.4337
94.1709
93.4337
94.1709
93.4337
93.4337
93.4337
93.4337
93.4337
93.4337
93.4337
93.4337
93.4337
94.1709
93.4337
93.4337
93.4337
93.4337
93.4337
93.4337
93.4337
93.4337
93.4337
93.4337
93.4337
93.4337
93.4337
93.4337
93.4337
93.4337
93.4337
93.4337
93.4337
93.4337
93.4337
93.4337
93.4337
93.4337
93.4337
93.4337
93.4337
93.4337
93.4337
93.4337
93.4337
93.4337
93.4337
93.4337
92.7009
93.4337
93.4337
93.4337
93.4337
93.4337
93.4337
93.4337
92.6987
92.7009
92.6987
92.6987
92.6987
92.6987
92.6987
92.6987
92.6987
92.6987
92.6987
92.6987
92.6987
92.6987
92.6987
92.6987
92.6987
92.6987
92.6987
92.6987
92.6987
92.6987
92.6987
92.6987
92.6987
92.6987
92.6987
91.9637
92.6987
92.6987
92.6987
92.6987
92.6987
92.6987
92.6987
92.6987
92.6987
92.6987
92.6987
91.9637
92.6987
91.9637
91.9637
92.6987
91.9637
91.9637
91.9637
91.9637
91.9637
91.9637
91.9637
91.9637
91.9637
91.9637
92.6987
91.9637
91.9637
91.9637
91.9637
91.9637
91.9637
91.9637
91.9637
91.9637
91.9637
91.9615
91.9637
91.9615
91.9637
91.9615
91.9637
91.9637
91.9637
91.2265
91.9637
91.9637
91.2265
91.2265
91.9637
91.2265
91.2265
91.2265
91.9637
91.2265
91.9637
91.9615
91.2265
91.2265
91.2265
91.2265
91.2265
91.9615
91.2265
91.2265
91.2265
91.2265
91.2265
91.2265
91.2265
91.2265
91.2265
91.2265
91.2265
91.2265
91.2265
91.2265
91.2265
91.2265
91.2265
91.2265
91.2265
91.2265
91.2265
91.2265
91.2265
91.2265
91.2265
91.2265
91.2265
91.2265
91.2265
90.4915
91.2265
90.4915
91.2265
90.4915
91.2265
91.2265
91.2265
91.2265
90.4915
90.4915
90.4915
90.4915
90.4915
91.2265
91.2265
91.2265
90.4915
91.2265
91.2265
90.4915
90.4915
90.4915
90.4915
90.4915
90.4915
90.4915
90.4915
91.2265
91.2265
90.4915
90.4915
90.4915
91.2265
90.4915
90.4915
90.4915
90.4915
90.4915
90.4915
90.4915
91.2265
90.4915
90.4915
90.4915
90.4915
90.4915
90.4915
90.4915
90.4915
90.4915
90.4915
90.4915
90.4915
90.4915
90.4915
90.4915
90.4915
90.4915
90.4915
90.4915
89.7565
89.7565
90.4915
89.7565
90.4915
89.7565
90.4915
89.7565
89.7565
89.7565
90.4915
90.4915
89.7565
89.7565
90.4915
90.4915
89.7565
89.7565
89.7565
90.4915
89.7565
89.7565
89.7565
89.7565
89.7565
89.7565
89.7565
89.7565
89.7565
89.7565
89.7565
89.7565
89.0215
89.7565
89.0215
89.0215
89.7565
89.7565
89.7565
89.7565
89.7565
89.7542
89.7542
89.7542
89.7565
89.0215
89.0215
89.0215
89.7542
89.0215
89.7542
89.7542
89.7565
89.0215
89.0215
89.0215
89.0215
89.0215
89.0215
89.0215
89.0215
89.7542
89.0215
89.0215
89.0215
89.0215
89.0215
89.7542
89.0215
89.0215
89.0215
89.0215
89.0215
89.0215
89.0215
89.0215
89.0215
89.0215
89.0215
89.0215
89.0215
89.0215
88.2843
89.0215
88.2843
88.2843
89.0215
89.0215
89.0215
89.0215
89.0215
89.0215
89.0215
88.2843
89.0215
89.0215
88.2843
88.2843
89.0215
89.0215
89.0215
89.0215
88.2843
88.2843
89.0215
88.2843
88.2843
88.2843
88.2843
88.2843
88.2843
88.2843
88.2843
88.2843
88.2843
88.2843
88.2843
88.2843
88.2843
88.2843
88.2843
88.2843
88.2843
88.2843
88.2843
88.2843
88.2843
88.2843
88.2843
88.2843
87.5470
88.2843
88.2843
88.2843
88.2843
88.2843
88.2843
88.2843
87.5493
87.5470
87.5493
88.2843
87.5493
87.5493
87.5470
88.2843
87.5493
87.5470
87.5470
87.5470
87.5470
87.5493
87.5470
87.5493
87.5470
87.5470
87.5470
87.5470
87.5470
87.5470
87.5470
87.5470
87.5470
87.5470
87.5470
87.5470
87.5470
87.5470
87.5470
87.5470
87.5470
87.5470
87.5470
87.5470
87.5470
87.5470
87.5470
87.5470
87.5470
87.5470
87.5470
87.5470
87.5470
86.8143
87.5470
86.8143
86.8143
87.5470
87.5470
86.8143
87.5470
87.5470
87.5470
86.8143
86.8143
86.8143
86.8143
86.8143
87.5470
87.5470
86.8143
86.8143
87.5470
86.8143
86.8143
86.8143
86.8143
86.8143
86.8143
86.8143
86.8143
87.5470
87.5470
86.8143
86.8143
86.8143
86.8143
86.8143
86.8143
86.8143
86.8143
86.8143
86.8143
86.8143
86.8143
86.8143
86.8143
86.8143
86.8143
86.0770
86.8143
86.8143
86.8143
86.0770
86.0770
86.0770
86.0770
86.8143
86.8143
86.0770
86.0770
86.0770
86.8120
86.8143
86.8143
86.8143
86.8143
86.0770
86.0770
86.0770
86.8120
86.8120
86.0770
86.8143
86.0770
86.0770
86.0770
86.0770
86.0770
86.0770
86.0770
86.0770
86.0770
86.0770
86.0770
86.0770
86.0770
86.0770
86.0770
86.0770
86.0770
86.0770
86.0770
86.0770
86.0770
86.0770
86.0770
86.0770
86.0770
85.3420
85.3420
86.0770
86.0770
86.0770
85.3420
86.0770
86.0770
86.0770
85.3420
86.0770
86.0770
85.3420
86.0770
86.0770
85.3420
85.3420
85.3420
85.3420
85.3420
86.0770
85.3420
85.3420
86.0770
86.0770
85.3420
85.3420
85.3420
86.0770
85.3420
85.3420
85.3420
85.3420
85.3420
85.3420
85.3420
85.3420
85.3420
85.3420
85.3420
85.3420
85.3420
85.3420
85.3420
85.3420
85.3420
85.3420
85.3420
85.3420
85.3420
85.3420
84.6070
85.3420
85.3420
85.3420
85.3420
85.3420
85.3420
84.6070
84.6070
85.3420
85.3420
85.3420
85.3420
85.3420
85.3420
85.3420
84.6070
84.6070
85.3420
84.6070
84.6070
84.6070
85.3420
85.3420
85.3420
84.6070
84.6070
84.6070
84.6070
85.3420
84.6070
84.6070
84.6070
84.6070
84.6070
84.6070
84.6070
84.6070
84.6070
84.6070
85.3420
84.6070
84.6070
84.6070
84.6070
84.6070
85.3420
84.6070
84.6070
84.6070
84.6070
84.6070
84.6070
84.6048
84.6070
84.6070
84.6070
84.6070
84.6070
83.8698
84.6048
84.6048
83.8698
83.8698
83.8698
83.8698
83.8698
84.6070
84.6048
84.6070
84.6048
83.8698
83.8698
84.6048
84.6048
84.6070
84.6070
83.8698
84.6070
83.8698
83.8698
83.8698
83.8698
83.8698
83.8698
84.6048
83.8698
83.8698
83.8698
83.8698
83.8698
83.8698
83.8698
83.8698
83.8698
83.8698
83.8698
83.1348
83.8698
83.8698
83.8698
83.8698
83.8698
83.8698
83.8698
83.1348
83.8698
83.8698
83.1348
83.1348
83.8698
83.8698
83.8698
83.1348
83.8698
83.1348
83.1348
83.1348
83.1348
83.1348
83.1348
83.1348
83.1348
83.1348
83.1348
83.1348
83.1348
83.1348
83.1348
83.1348
83.1348
83.1348
83.1348
83.1348
83.1348
83.1348
83.1348
83.1348
83.1348
83.1348
83.1348
83.8698
83.1348
83.1348
83.1348
83.1348
83.8698
83.1348
83.1348
83.1348
83.1348
83.1348
83.1348
83.1348
83.1348
83.1348
83.1348
83.1348
83.1348
83.1348
83.1348
83.1348
83.1348
83.1348
83.1348
82.3998
82.3998
83.1348
82.3998
83.1348
83.1348
82.3976
82.3998
83.1348
83.1348
83.1348
82.3976
83.1348
82.3976
82.3976
82.3998
82.3976
83.1348
82.3976
82.3976
82.3976
82.3976
82.3998
82.3976
82.3976
82.3998
82.3976
82.3976
82.3976
82.3976
82.3998
82.3976
82.3976
82.3976
82.3976
82.3976
82.3976
82.3976
82.3976
82.3976
82.3976
82.3976
82.3976
82.3976
82.3976
82.3976
82.3976
82.3976
82.3976
82.3976
82.3976
82.3976
82.3976
82.3976
82.3976
82.3976
82.3976
82.3976
82.3976
81.6648
81.6648
81.6648
81.6648
82.3976
81.6648
81.6648
81.6648
81.6648
82.3976
82.3976
81.6648
81.6648
81.6626
81.6648
81.6648
82.3976
81.6648
81.6648
81.6648
81.6648
81.6648
81.6648
81.6648
81.6648
81.6648
81.6648
81.6648
81.6626
81.6648
81.6648
81.6648
81.6648
81.6648
81.6648
81.6648
81.6648
81.6648
81.6648
81.6648
80.9276
80.9276
81.6648
81.6648
81.6648
81.6648
80.9276
81.6626
81.6648
81.6648
81.6626
80.9276
81.6626
81.6648
81.6626
80.9276
80.9276
80.9276
81.6626
80.9276
80.9276
80.9276
81.6626
80.9276
80.9276
80.9276
80.9276
80.9276
80.9276
80.9276
80.9276
80.9276
80.9276
80.9276
80.9276
80.9276
81.6626
80.9276
80.9276
80.9276
80.9276
80.9276
80.9276
80.9276
80.9276
80.9276
80.9276
80.1904
80.9276
80.9276
80.9276
80.9276
80.9276
80.9276
80.9276
80.9276
80.9276
80.9276
80.9276
80.9276
80.9276
80.9276
80.1904
80.9276
80.9276
80.9276
80.1904
80.9276
80.9276
80.9276
80.1904
80.9276
80.9276
80.1904
80.1904
80.1904
80.1904
80.1904
80.1904
80.9276
80.1904
80.1904
80.1904
80.1904
80.9276
80.1904
80.1904
80.1904
80.1904
80.1904
80.1904
80.1904
80.1904
80.1904
80.1904
80.9276
80.1904
80.1904
80.1904
80.1904
80.1904
80.1904
80.1904
80.1904
80.1904
80.1904
80.1904
80.1904
80.1904
80.1904
79.4576
80.1904
80.1904
80.1904
80.1904
80.1904
80.1904
80.1904
80.1904
80.1904
80.1904
80.1904
80.1904
80.1904
80.1904
80.1904
79.4576
80.1904
79.4576
80.1904
80.1904
80.1904
80.1904
80.1904
79.4576
79.4576
79.4576
79.4576
79.4576
79.4576
79.4576
79.4576
80.1904
80.1904
79.4576
79.4576
79.4576
79.4576
79.4576
79.4576
79.4576
79.4576
79.4576
79.4576
79.4576
80.1904
79.4576
79.4576
79.4576
79.4576
79.4576
79.4576
79.4576
79.4576
79.4576
79.4576
79.4576
79.4576
79.4554
79.4576
79.4576
79.4576
79.4554
79.4576
79.4576
79.4554
79.4576
79.4576
79.4554
79.4576
79.4576
79.4554
79.4576
79.4576
79.4554
79.4554
79.4554
79.4554
79.4576
79.4554
79.4576
79.4554
79.4554
78.7204
79.4554
78.7204
79.4554
78.7204
79.4554
78.7204
78.7204
79.4554
78.7204
78.7204
78.7204
78.7204
79.4554
79.4554
78.7204
78.7204
78.7204
78.7204
78.7204
78.7204
78.7204
78.7204
78.7204
78.7204
77.9832
78.7204
78.7204
78.7204
78.7204
78.7204
78.7204
77.9832
77.9832
78.7204
77.9832
77.9832
78.7204
78.7204
78.7204
78.7204
78.7204
77.9832
77.9832
78.7204
78.7204
77.9832
77.9832
77.9832
77.9832
77.9832
77.9832
77.9832
77.9832
77.9832
77.9832
78.7204
77.9832
77.9832
77.9832
77.9832
77.9832
77.9832
77.9832
77.9832
77.9832
77.9832
77.9832
77.9832
77.9832
77.9832
77.9832
77.2504
77.9832
77.9832
77.9832
77.9832
77.9832
77.9832
77.9832
77.9832
77.9832
77.9832
77.9832
77.9832
77.9832
77.9832
77.9832
77.9832
77.9832
77.9832
77.9832
77.9832
77.9832
77.9832
77.9832
77.2504
77.9832
77.9832
77.9832
77.2482
77.9832
77.9832
77.9832
77.2482
77.9832
77.9832
77.2482
77.9832
77.9832
77.2482
77.2482
77.2482
77.2504
77.2482
77.2482
77.2482
77.2482
77.2482
77.2482
77.2482
77.2482
77.2482
77.2482
77.2482
77.2482
77.2482
77.2504
77.2482
77.2482
77.2482
77.2482
77.2482
77.2482
77.2482
77.2482
77.2482
77.2504
77.2482
77.2482
77.2482
77.2482
77.2482
77.2482
77.2482
77.2482
77.2482
77.2482
76.5132
76.5132
76.5132
77.2482
76.5132
76.5132
76.5132
76.5132
76.5132
77.2482
76.5132
76.5132
76.5132
76.5132
77.2482
76.5132
77.2482
76.5132
76.5132
76.5132
76.5132
76.5132
76.5132
77.2482
76.5132
76.5132
77.2482
76.5132
76.5132
76.5132
76.5132
77.2482
76.5109
76.5132
76.5132
76.5132
76.5132
76.5132
76.5132
76.5132
76.5132
76.5132
76.5132
76.5132
76.5132
76.5132
76.5132
76.5132
76.5132
76.5132
76.5132
76.5132
76.5132
76.5109
76.5132
76.5132
76.5132
76.5109
75.7782
76.5132
75.7782
76.5109
75.7782
76.5132
76.5132
76.5109
76.5109
75.7782
75.7782
75.7782
76.5132
75.7782
76.5132
75.7782
76.5109
75.7782
75.7782
76.5109
76.5132
75.7782
75.7782
75.7782
75.7782
75.7782
75.7782
75.7782
75.7782
75.7782
75.7782
75.7782
75.7782
75.7782
75.7782
75.7782
75.7782
75.7782
75.7782
75.7782
75.7782
75.7782
75.7782
75.7782
75.7782
75.7782
75.7782
75.7782
75.7782
75.7782
75.7782
75.7782
75.7782
75.7782
75.7782
75.7782
75.7782
75.7782
75.7782
75.0409
75.7782
75.7782
75.7782
75.7782
75.7782
75.7782
75.0409
75.0409
75.7782
75.0409
75.0409
75.7782
75.0409
75.0409
75.0409
75.0409
75.0409
75.0409
75.7782
75.0409
75.0409
75.0409
75.0409
75.0409
75.0409
75.0409
75.0409
75.0409
75.0409
75.0409
75.0409
75.0409
75.0409
75.0409
75.0409
75.0409
75.0409
75.0409
75.0409
75.0409
75.0409
75.0409
75.0409
75.0409
75.0409
75.0409
74.3060
75.0409
75.0409
75.0409
75.0409
75.0409
75.0409
75.0409
75.0409
75.0409
74.3060
75.0409
74.3060
74.3060
75.0409
75.0409
74.3060
74.3060
75.0409
75.0409
75.0409
75.0409
74.3060
74.3060
74.3060
74.3060
74.3060
74.3060
74.3060
74.3060
75.0409
74.3060
75.0409
75.0409
74.3060
74.3060
74.3060
75.0409
74.3060
74.3060
74.3060
74.3060
74.3060
74.3060
74.3060
74.3060
74.3060
74.3060
74.3060
74.3060
74.3060
74.3060
74.3060
74.3060
74.3060
74.3060
74.3060
74.3060
74.3060
73.5710
74.3060
74.3060
74.3060
74.3037
74.3060
74.3060
74.3060
74.3060
74.3060
74.3037
74.3060
74.3060
74.3037
73.5710
74.3060
74.3060
74.3060
73.5710
73.5710
74.3060
73.5710
73.5710
74.3037
73.5710
74.3060
73.5710
74.3037
73.5710
73.5710
74.3060
74.3060
73.5710
73.5710
74.3060
74.3037
74.3060
73.5710
73.5710
73.5710
73.5710
73.5710
73.5710
73.5710
73.5710
73.5710
74.3037
73.5710
73.5710
73.5710
73.5710
73.5710
73.5710
73.5710
73.5710
73.5710
73.5710
73.5710
73.5710
73.5710
73.5710
73.5710
73.5710
73.5710
73.5710
73.5710
72.8337
73.5710
73.5710
73.5710
73.5710
73.5710
73.5710
73.5710
73.5710
73.5710
72.8337
73.5710
73.5710
73.5710
73.5710
72.8337
72.8337
73.5710
72.8337
73.5710
72.8337
73.5710
73.5710
73.5710
72.8337
73.5710
73.5710
73.5710
73.5710
72.8337
72.8337
72.8337
72.8337
72.8337
72.8337
72.8337
72.8337
72.8337
72.8337
72.8337
72.8337
72.8337
72.8337
72.8337
73.5710
72.8337
72.8337
72.8337
72.8337
72.8337
72.1010
72.8337
72.8337
72.8337
72.8337
72.8337
72.8337
72.8337
72.8337
72.8337
72.8337
72.8337
72.8337
72.8337
72.8337
72.1010
72.1010
72.8337
72.8337
72.8337
72.0987
72.0987
72.1010
72.8337
72.1010
72.1010
72.1010
72.0987
72.8337
72.1010
72.0987
72.0987
72.0987
72.8337
72.0987
72.8337
72.1010
72.1010
72.0987
72.0987
72.8337
72.0987
72.0987
72.0987
72.0987
72.8337
72.0987
72.0987
72.0987
72.0987
72.0987
72.0987
72.0987
72.0987
72.0987
72.0987
72.0987
72.0987
72.0987
72.0987
72.0987
72.8337
72.0987
72.0987
72.0987
72.0987
71.3637
72.0987
72.0987
72.0987
72.0987
72.0987
72.0987
72.0987
72.0987
71.3637
71.3637
71.3637
72.0987
72.0987
71.3637
72.0987
72.0987
72.0987
72.0987
71.3637
71.3637
72.0987
71.3637
71.3637
71.3637
71.3637
72.0987
72.0987
72.0987
71.3637
71.3637
72.0987
71.3637
71.3637
71.3637
71.3637
71.3637
71.3637
71.3637
71.3637
71.3637
71.3637
71.3637
71.3637
71.3637
71.3637
71.3637
71.3637
71.3637
71.3637
71.3637
71.3637
71.3637
72.0987
71.3637
72.0987
71.3615
71.3637
71.3637
71.3637
71.3637
71.3637
71.3637
71.3637
71.3637
70.6265
71.3637
71.3637
71.3637
71.3637
71.3637
71.3637
71.3637
71.3615
70.6265
71.3637
71.3615
71.3637
71.3615
71.3637
71.3615
70.6265
71.3637
71.3615
70.6265
71.3615
71.3637
71.3615
71.3637
70.6265
70.6265
70.6265
70.6265
70.6265
70.6265
70.6265
71.3637
70.6265
70.6265
70.6265
70.6265
70.6265
70.6265
70.6265
70.6265
70.6265
70.6265
71.3615
70.6265
70.6265
70.6265
70.6265
70.6265
70.6265
70.6265
70.6265
70.6265
70.6265
70.6265
71.3615
70.6265
70.6265
70.6265
70.6265
70.6265
70.6265
70.6265
70.6265
70.6265
70.6265
70.6265
70.6265
70.6265
70.6265
70.6265
70.6265
70.6265
69.8915
70.6265
70.6265
70.6265
70.6265
70.6265
70.6265
70.6265
70.6265
70.6265
70.6265
70.6265
69.8915
70.6265
69.8915
70.6265
70.6265
69.8915
69.8915
69.8915
69.8915
69.8915
70.6265
69.8915
70.6265
70.6265
70.6265
70.6265
70.6265
69.8915
69.8915
70.6265
69.8915
69.8915
70.6265
69.8915
69.8915
69.8915
69.8915
69.8915
69.8915
69.8915
70.6265
70.6265
69.8915
69.8915
69.8915
69.8915
69.8915
69.8915
69.8915
69.1565
69.8915
69.8915
69.8915
69.8915
69.8915
69.8915
69.8915
69.8915
69.8915
69.8915
69.1565
69.8915
69.8915
69.1565
69.8915
69.8915
69.8915
69.8915
69.8915
69.1565
69.8915
69.8915
69.8915
69.8915
69.1565
69.1565
69.8915
69.8915
69.8915
69.8915
69.8915
69.1565
69.1565
69.8915
69.1565
69.1565
69.8915
69.8915
69.8915
69.1565
69.8915
69.8915
69.1565
69.1565
69.1565
69.1565
69.8915
69.1565
69.1565
69.1565
69.1565
69.1565
69.1565
69.8915
69.8915
69.1543
69.1565
69.8915
69.1565
69.1565
69.1565
69.1565
69.1565
69.1565
69.1565
69.1565
69.1565
69.1565
69.1565
69.1565
69.1565
69.1565
68.4215
69.1543
69.1565
69.1565
69.1565
69.1565
69.1543
69.1543
69.1565
69.1565
68.4215
69.1543
69.1543
69.1565
69.1565
69.1543
69.1565
68.4215
68.4215
68.4215
69.1565
69.1565
68.4215
68.4215
69.1565
69.1565
68.4215
68.4215
68.4215
69.1543
69.1565
68.4215
68.4215
69.1543
68.4215
69.1565
69.1565
68.4215
68.4215
68.4215
68.4215
68.4215
68.4215
68.4215
68.4215
68.4215
68.4215
68.4215
68.4215
68.4215
68.4215
68.4215
68.4215
67.6843
68.4215
68.4215
68.4215
68.4215
68.4215
68.4215
68.4215
68.4215
67.6843
68.4215
67.6843
68.4215
68.4215
68.4215
68.4215
67.6843
68.4215
68.4215
67.6843
67.6843
68.4215
68.4215
68.4215
67.6843
67.6843
67.6843
68.4215
68.4215
67.6843
68.4215
68.4215
67.6843
68.4215
68.4215
67.6843
67.6843
68.4215
67.6843
67.6843
68.4215
68.4215
67.6843
67.6843
67.6843
68.4215
67.6843
68.4215
67.6843
68.4215
67.6843
67.6843
67.6843
68.4215
67.6843
67.6843
67.6843
67.6843
67.6843
67.6843
67.6843
67.6843
67.6843
67.6843
67.6843
67.6843
67.6843
67.6843
67.6843
67.6843
67.6843
67.6843
67.6843
67.6843
67.6843
67.6843
67.6843
67.6843
67.6843
67.6843
67.6843
67.6843
66.9493
67.6843
66.9493
66.9493
67.6843
67.6843
67.6843
67.6843
67.6843
66.9471
66.9493
66.9471
67.6843
67.6843
66.9493
67.6843
67.6843
66.9493
67.6843
67.6843
66.9471
66.9471
67.6843
67.6843
66.9493
66.9493
67.6843
66.9471
66.9493
66.9471
67.6843
66.9471
66.9471
66.9471
66.9471
66.9471
66.9471
66.9471
66.9471
66.9493
66.9471
66.9471
66.9471
66.9471
66.9471
66.9493
66.9471
67.6843
66.9471
66.9471
66.9471
66.9471
66.9471
66.9471
66.9471
66.9471
66.9471
66.9471
66.9471
66.9471
66.9471
66.9471
66.9471
66.9471
66.2143
66.9471
66.9471
66.9471
66.9471
66.2143
66.2143
66.2143
66.2143
66.9471
66.2143
66.9471
66.9471
66.2143
66.9471
66.2143
66.2143
66.2143
66.9471
66.2143
66.9471
66.9471
66.9471
66.2143
66.2143
66.2143
66.2143
66.2143
66.2143
66.2143
66.2143
66.9471
66.2143
66.2143
66.9471
66.9471
66.2143
66.2143
66.2143
66.9471
66.2143
66.2143
66.9471
66.9471
66.2143
66.2143
66.2143
66.2143
66.2143
66.2143
66.2143
66.2143
66.2143
66.2143
66.2143
66.2143
66.2143
66.2143
66.2143
66.2143
66.2143
66.2143
66.2143
66.2143
66.2143
66.2143
66.2143
66.2143
66.2143
65.4771
66.2121
66.2143
66.2143
66.2143
65.4771
66.2143
65.4771
66.2121
66.2143
66.2143
65.4771
66.2143
65.4771
66.2143
66.2121
65.4771
65.4771
66.2121
65.4771
65.4771
65.4771
66.2143
65.4771
66.2143
65.4771
66.2143
66.2143
65.4771
66.2121
66.2121
65.4771
65.4771
66.2143
65.4771
65.4771
65.4771
65.4771
66.2121
65.4771
65.4771
66.2121
66.2121
65.4771
65.4771
66.2121
65.4771
65.4771
65.4771
65.4771
66.2121
65.4771
65.4771
65.4771
65.4771
65.4771
65.4771
65.4771
65.4771
65.4771
65.4771
65.4771
65.4771
65.4771
65.4771
65.4771
65.4771
65.4771
65.4771
65.4771
65.4771
65.4771
65.4771
65.4771
65.4771
65.4771
65.4771
65.4771
65.4771
65.4771
65.4771
64.7421
65.4771
65.4771
65.4771
65.4771
64.7443
65.4771
64.7421
64.7421
65.4771
64.7421
65.4771
64.7421
64.7421
64.7443
64.7443
65.4771
65.4771
65.4771
64.7421
65.4771
64.7443
64.7421
64.7421
64.7421
65.4771
64.7421
65.4771
64.7421
64.7421
64.7421
64.7421
64.7421
65.4771
64.7421
64.7421
64.7421
65.4771
64.7421
64.7421
64.7421
64.7421
64.7421
64.7421
64.7421
64.7421
64.7421
64.7421
64.7421
64.7421
64.7421
65.4771
64.7421
64.7421
64.7421
64.7421
64.7421
64.7421
64.7421
64.7421
64.7421
64.7421
64.7421
64.7421
64.7421
64.7421
64.7421
64.7421
64.7421
64.0071
64.7421
64.7421
64.7421
64.7421
64.7421
64.7421
64.0071
64.7421
64.7421
64.0071
64.0071
64.7421
64.7421
64.0071
64.0071
64.7421
64.7421
64.0071
64.7421
64.7421
64.0071
64.0071
64.0071
64.0071
64.0071
64.0071
64.0071
64.7421
64.0071
64.0071
64.0071
64.7421
64.0071
64.0071
64.0071
64.0071
64.0071
64.0071
64.0071
64.0071
64.0049
64.0071
64.0071
64.0071
64.0071
64.7421
64.0071
64.0071
64.0071
64.0071
64.0071
64.0071
64.0071
64.0071
64.0071
64.0071
64.0071
63.2699
64.0071
64.0071
64.0071
63.2699
64.0071
64.0071
63.2699
63.2699
64.0049
63.2699
63.2699
63.2699
64.0071
63.2699
64.0049
64.0049
64.0049
64.0071
63.2699
64.0071
63.2699
63.2699
64.0049
64.0071
63.2699
63.2699
64.0071
63.2699
63.2699
63.2699
63.2699
63.2699
63.2699
63.2699
63.2699
64.0049
63.2699
63.2699
63.2699
63.2699
63.2699
63.2699
63.2699
64.0049
63.2699
63.2699
63.2699
63.2699
63.2699
63.2699
63.2699
63.2699
63.2699
63.2699
63.2699
63.2699
63.2699
63.2699
63.2699
63.2699
63.2699
63.2699
62.5349
63.2699
63.2699
63.2699
63.2699
63.2699
63.2699
63.2699
63.2699
63.2699
63.2699
63.2699
63.2699
62.5349
63.2699
63.2699
63.2699
63.2699
63.2699
63.2699
63.2699
62.5349
62.5349
62.5349
63.2699
63.2699
63.2699
63.2699
63.2699
63.2699
62.5349
63.2699
63.2699
62.5349
63.2699
63.2699
62.5349
63.2699
63.2699
62.5349
62.5349
62.5349
62.5349
62.5349
62.5349
63.2699
63.2699
62.5349
62.5349
63.2699
63.2699
62.5349
62.5349
62.5349
62.5349
62.5349
62.5349
62.5349
62.5349
62.5349
62.5349
62.5349
62.5349
62.5349
62.5349
62.5349
62.5349
62.5349
62.5349
62.5349
62.5349
62.5349
62.5349
62.5349
62.5349
61.7999
62.5349
62.5349
62.5349
62.5349
62.5349
62.5349
62.5349
62.5349
61.7999
62.5349
62.5349
61.7999
62.5349
61.7999
61.7999
62.5349
62.5349
62.5349
62.5349
61.7976
62.5349
61.7999
62.5349
62.5349
61.7976
61.7999
62.5349
61.7976
61.7999
61.7999
61.7976
62.5349
62.5349
62.5349
61.7999
62.5349
61.7976
61.7976
61.7976
61.7999
61.7976
61.7999
61.7976
61.7976
61.7976
61.7999
61.7999
61.7976
62.5349
61.7976
61.7976
61.7976
61.7976
61.7976
61.7976
61.7976
61.7976
61.7976
61.7976
61.7976
61.7976
61.7976
61.7976
61.7976
61.7976
62.5349
61.7976
61.7976
61.7976
61.7976
61.7976
61.7976
61.7976
61.7976
61.7976
61.7976
61.7976
61.7976
61.7976
61.7976
61.7976
61.7976
61.7976
61.7976
61.7976
61.7976
61.7976
61.7976
61.7976
61.7976
61.7976
61.7976
61.0626
61.0626
61.7976
61.7976
61.7976
61.0626
61.7976
61.0626
61.0626
61.7976
61.0626
61.0626
61.7976
61.0626
61.7976
61.0626
61.7976
61.0626
61.0626
61.0626
61.0626
61.0626
61.0626
61.0626
61.0626
61.0626
61.0626
61.0626
61.0626
61.0626
61.0626
61.0626
61.0626
61.0626
61.0626
61.0626
61.0626
61.0626
61.0626
61.0626
61.0626
61.0626
61.0626
61.0626
61.0626
61.0626
61.0626
61.0626
61.0626
61.0626
61.0626
61.0626
61.0626
61.0626
61.0626
61.0626
61.0626
61.0626
61.0626
61.0626
61.0626
61.0626
61.0626
60.3276
61.0626
61.0626
61.0626
61.0626
61.0626
61.0626
61.0626
60.3276
61.0626
61.0604
60.3276
61.0626
61.0626
60.3276
61.0626
60.3276
61.0626
61.0626
61.0626
61.0604
61.0604
60.3276
61.0604
61.0626
60.3276
61.0604
61.0604
61.0604
60.3276
61.0604
60.3276
60.3276
60.3276
61.0604
61.0626
60.3276
61.0604
60.3276
60.3276
60.3276
61.0604
60.3276
60.3276
60.3276
60.3276
61.0604
60.3276
60.3276
60.3276
60.3276
60.3276
60.3276
60.3276
60.3276
60.3276
60.3276
60.3276
60.3276
60.3276
60.3276
59.5927
60.3276
60.3276
60.3276
60.3276
60.3276
60.3276
60.3276
60.3276
60.3276
60.3276
60.3276
60.3276
60.3276
60.3276
60.3276
60.3276
59.5927
59.5927
60.3276
59.5927
59.5904
59.5904
60.3276
60.3276
60.3276
60.3276
59.5904
59.5927
59.5927
60.3276
59.5927
59.5904
59.5927
60.3276
60.3276
59.5927
60.3276
59.5904
59.5904
60.3276
59.5904
59.5927
60.3276
59.5904
59.5904
59.5904
59.5904
59.5927
59.5927
59.5904
60.3276
59.5927
59.5904
59.5904
59.5904
59.5904
59.5927
59.5904
59.5904
59.5927
59.5904
59.5904
59.5904
59.5904
59.5904
59.5904
59.5904
59.5904
59.5904
59.5904
59.5904
59.5904
59.5904
59.5904
59.5904
59.5904
59.5904
59.5904
59.5904
59.5904
59.5904
59.5904
59.5904
59.5904
59.5904
59.5904
59.5904
59.5904
59.5904
59.5904
59.5904
59.5904
59.5904
59.5904
59.5904
59.5904
59.5904
59.5904
59.5904
59.5904
59.5904
59.5904
58.8577
59.5904
59.5904
58.8577
58.8577
59.5904
59.5904
59.5904
59.5904
59.5904
58.8577
59.5904
59.5904
59.5904
59.5904
58.8577
59.5904
58.8577
58.8577
59.5904
58.8577
58.8577
59.5904
58.8577
59.5904
58.8577
58.8577
58.8577
58.8577
58.8577
58.8577
59.5904
58.8577
58.8577
58.8577
58.8577
58.8577
58.8577
59.5904
58.8577
58.8577
58.8577
58.8577
59.5904
59.5904
58.8577
58.8577
58.8577
58.8577
58.8577
59.5904
58.8577
58.8577
58.8577
58.8577
58.8577
58.8577
58.8577
58.8577
58.8577
58.8577
58.8577
58.8577
58.8577
58.8577
58.1204
58.8577
58.8577
58.8577
58.8554
58.8577
58.8577
58.8577
58.8577
58.8577
58.8577
58.8577
58.8577
58.8577
58.1204
58.8554
58.8554
58.8577
58.8577
58.1204
58.1204
58.8577
58.8554
58.1204
58.1204
58.8554
58.8554
58.8577
58.8577
58.1204
58.8554
58.8577
58.8554
58.1204
58.1204
58.1204
58.8577
58.1204
58.8577
58.1204
58.1204
58.1204
58.1204
58.8554
58.1204
58.1204
58.1204
57.3854
58.1204
58.1204
58.1204
58.1204
58.1204
58.1204
58.1204
58.1204
58.1204
58.1204
58.1204
58.1204
58.1204
58.1204
58.1204
58.1204
58.1204
58.1204
58.1204
57.3832
58.8554
58.1204
58.1204
58.1204
58.1204
58.1204
58.1204
58.1204
58.1204
58.1204
58.1204
57.3832
58.1204
58.1204
58.1204
58.1204
58.1204
57.3832
58.1204
58.1204
57.3832
58.1204
58.1204
57.3832
58.1204
57.3832
57.3832
58.1204
58.1204
58.1204
57.3832
58.1204
57.3832
57.3832
57.3832
57.3832
57.3832
57.3832
57.3832
57.3832
58.1204
57.3832
57.3832
58.1204
58.1204
57.3832
58.1204
58.1204
57.3832
57.3832
57.3832
58.1204
57.3832
57.3832
57.3832
57.3832
57.3832
57.3832
57.3832
57.3832
57.3832
57.3832
57.3832
57.3832
57.3832
57.3832
56.6504
57.3832
57.3832
57.3832
57.3832
57.3832
57.3832
57.3832
57.3832
57.3832
57.3832
57.3832
57.3832
57.3832
57.3832
57.3832
57.3832
57.3832
57.3832
57.3832
57.3832
57.3832
57.3832
57.3832
57.3832
56.6504
57.3832
57.3832
57.3832
57.3832
57.3832
57.3832
57.3832
56.6504
56.6504
57.3832
57.3832
56.6504
56.6504
57.3832
57.3832
56.6482
57.3832
57.3832
56.6504
57.3832
56.6482
56.6482
57.3832
57.3832
57.3832
57.3832
56.6504
56.6504
57.3832
56.6482
57.3832
57.3832
56.6504
56.6504
57.3832
56.6482
56.6482
56.6482
56.6482
56.6482
56.6482
56.6482
56.6482
56.6482
56.6482
56.6482
56.6482
56.6482
56.6482
56.6482
56.6482
56.6482
56.6482
56.6482
56.6482
56.6482
56.6482
56.6482
56.6482
56.6482
56.6482
56.6482
56.6482
55.9132
56.6482
56.6482
56.6482
56.6482
56.6482
56.6482
55.9132
56.6482
56.6482
56.6482
56.6482
56.6482
56.6482
56.6482
56.6482
56.6482
56.6482
56.6482
56.6482
56.6482
55.9132
56.6482
56.6482
56.6482
56.6482
56.6482
56.6482
56.6482
56.6482
55.9132
56.6482
55.9132
56.6482
56.6482
55.9132
56.6482
56.6482
56.6482
55.9132
55.9132
55.9132
56.6482
55.9132
56.6482
56.6482
56.6482
55.9132
55.9132
55.9132
56.6482
56.6482
56.6482
56.6482
55.9132
55.9132
56.6482
55.9132
55.9132
56.6482
55.9132
55.9132
56.6482
55.9132
55.9132
55.9132
55.9132
55.9132
55.9132
55.9132
55.9132
55.9132
55.9132
55.9132
55.9132
55.9132
55.9132
56.6482
56.6482
55.9132
55.9132
55.9132
55.9132
55.9132
55.9132
55.9132
55.9132
55.9132
55.9132
55.9132
55.9132
55.9132
55.1782
55.9132
55.9132
55.9132
55.9132
55.1782
55.1782
55.9132
55.9132
55.9132
55.9132
55.9132
55.9132
55.1782
55.1782
55.9132
55.9132
55.1782
55.9132
55.1782
55.9132
55.1782
55.9110
55.9132
55.9132
55.9110
55.1782
55.1782
55.9132
55.9132
55.1782
55.1782
55.9132
55.9110
55.1782
55.9110
55.1782
55.1782
55.1782
55.9132
55.1782
55.1782
55.9110
55.1782
55.9110
55.9110
55.9110
55.1782
55.1782
55.1782
55.1782
55.1782
55.1782
55.9110
55.1782
55.1782
55.1782
55.1782
55.1782
55.1782
55.1782
55.1782
55.1782
55.1782
55.1782
55.1782
55.1782
55.9110
55.1782
55.1782
55.1782
55.9110
55.1782
55.1782
55.1782
55.1782
55.1782
55.1782
55.1782
55.1782
55.1782
55.1782
55.1782
55.1782
55.1782
55.1782
55.1782
55.1782
55.1782
55.1782
55.1782
55.1782
55.1782
55.1782
55.1782
55.1782
55.1782
55.1782
55.1782
54.4432
55.1782
55.1782
55.1782
55.1782
55.1782
55.1782
55.1782
55.1782
55.1782
55.1782
55.1782
55.1782
54.4432
55.1782
55.1782
55.1782
55.1782
54.4432
54.4410
54.4432
54.4410
54.4410
54.4432
55.1782
55.1782
54.4432
54.4410
55.1782
54.4432
54.4410
54.4410
55.1782
54.4410
54.4432
54.4410
54.4432
54.4432
55.1782
54.4432
55.1782
55.1782
54.4432
54.4410
55.1782
54.4432
54.4410
54.4410
54.4410
54.4410
54.4410
54.4410
54.4410
54.4410
54.4410
55.1782
54.4410
54.4410
54.4410
54.4410
54.4410
54.4410
54.4410
54.4410
54.4410
54.4410
54.4410
54.4432
54.4410
54.4410
54.4410
54.4410
54.4410
54.4410
54.4410
54.4410
53.7060
54.4410
54.4410
54.4410
54.4410
53.7060
54.4410
54.4410
54.4410
54.4410
54.4410
54.4410
54.4410
53.7060
53.7060
53.7060
53.7060
54.4410
54.4410
54.4410
54.4410
54.4410
54.4410
54.4410
54.4410
54.4410
54.4410
54.4410
53.7060
54.4410
54.4410
54.4410
54.4410
53.7060
53.7060
54.4410
54.4410
53.7060
53.7060
53.7060
54.4410
53.7060
54.4410
54.4410
54.4410
53.7060
53.7060
53.7060
54.4410
53.7060
53.7060
54.4410
53.7060
53.7060
53.7060
53.7060
53.7060
53.7060
54.4410
53.7060
53.7060
54.4410
53.7060
53.7060
53.7060
53.7060
53.7060
53.7060
53.7060
53.7060
53.7060
53.7060
53.7060
53.7060
53.7060
53.7060
53.7060
53.7060
53.7060
53.7060
53.7060
53.7060
53.7060
52.9710
53.7060
53.7060
53.7060
53.7060
53.7060
53.7060
53.7060
53.7060
52.9710
53.7060
53.7060
53.7060
53.7060
53.7060
53.7060
53.7038
52.9710
53.7060
53.7060
53.7060
53.7060
52.9710
53.7060
53.7060
53.7060
53.7060
53.7038
53.7038
52.9710
53.7038
53.7060
53.7060
52.9710
52.9710
53.7060
53.7060
53.7060
53.7060
52.9710
52.9710
53.7060
53.7038
53.7060
53.7038
52.9710
52.9710
53.7060
52.9710
52.9710
52.9710
52.9710
52.9710
53.7038
52.9710
52.9710
52.9710
53.7038
52.9710
52.9710
52.9710
53.7060
52.9710
53.7038
53.7038
52.9710
52.9710
52.9710
52.9710
52.9710
53.7038
52.9710
52.9710
52.9710
52.9710
52.9710
52.9710
52.9710
52.9710
52.9710
52.9710
52.9710
52.9710
52.9710
52.9710
52.9710
52.9710
52.9710
52.9710
52.9710
52.9710
52.9710
52.9710
52.9710
52.9710
52.9710
52.9710
52.9710
52.9710
52.9710
52.9710
52.9710
52.9710
52.9710
52.9710
52.9710
52.9710
52.9710
52.9710
52.9710
52.9710
52.9710
52.9710
52.9710
52.9710
52.9710
52.9710
52.9710
52.9710
52.9710
52.9710
52.2338
52.9710
52.9710
52.2338
52.9710
52.9710
52.9710
52.9710
52.9710
52.9710
52.9710
52.9710
52.9710
52.9710
52.9710
52.9710
52.2338
52.9710
52.9710
52.2338
52.2338
52.9710
52.2338
52.2338
52.2338
52.9710
52.9710
52.9710
52.9710
52.2338
52.2338
52.9688
51.5010
52.2338
52.2338
52.2338
52.2338
52.2338
52.9710
52.2338
52.2338
52.2338
52.2338
52.2338
52.2338
52.2338
52.2338
52.2338
52.2338
52.2338
51.5010
52.2338
52.2338
52.2338
52.2338
52.2338
52.2338
52.2338
51.5010
51.5010
52.2338
52.2338
51.5010
51.5010
52.2338
52.2338
51.4988
52.2338
52.2338
51.4988
52.2338
52.2338
51.5010
51.4988
52.2338
52.2338
52.2338
52.2338
52.2338
51.5010
51.5010
52.2338
52.2338
51.5010
52.2338
51.4988
51.4988
51.4988
52.2338
51.4988
51.4988
52.2338
51.4988
52.2338
51.4988
51.5010
51.4988
51.4988
51.4988
51.4988
51.4988
51.4988
51.5010
51.4988
51.4988
51.4988
51.4988
51.4988
52.2338
51.4988
51.4988
51.4988
51.4988
51.4988
51.4988
51.4988
51.4988
51.4988
51.4988
51.4988
51.4988
51.4988
51.4988
51.4988
51.4988
52.2338
51.4988
51.4988
51.4988
51.4988
51.4988
51.4988
51.4988
51.4988
51.4988
51.4988
51.4988
51.4988
51.4988
51.4988
51.4988
51.4988
51.4988
51.4988
51.4988
51.4988
51.4988
51.4988
51.4988
51.4988
51.4988
51.4988
51.4988
51.4988
51.4988
51.4988
51.4988
51.4988
51.4988
50.7638
51.4988
51.4988
50.7638
51.4988
51.4988
51.4988
51.4988
51.4988
51.4988
50.7638
51.4988
51.4988
51.4988
51.4988
51.4988
51.4988
51.4988
50.7638
51.4988
51.4988
51.4988
50.7638
50.7638
50.7638
51.4988
50.7638
51.4988
50.7638
51.4988
50.7638
50.7638
51.4988
50.7638
50.7638
50.7638
50.7638
50.7638
50.7638
50.7638
50.7638
50.7638
51.4988
50.7638
50.7638
51.4988
50.7638
50.7638
50.7638
50.7638
50.7638
50.7638
50.7638
50.7638
50.7638
50.7638
50.7638
50.7638
50.7638
50.7638
50.7638
50.7638
50.7638
50.7638
50.7638
50.7638
50.7638
50.7638
50.7638
50.7638
50.7638
50.7638
50.7638
50.7638
50.7638
50.7638
50.7638
50.7638
50.7638
50.7638
50.7638
50.7638
50.7638
50.7638
50.7638
50.7638
50.7638
50.7638
50.7638
50.7615
50.7638
50.7638
50.7638
50.7638
50.7638
50.7615
50.7638
50.7638
50.7615
50.7638
50.0266
50.7638
50.7638
50.7615
50.0266
50.7638
50.0266
50.7638
50.0266
50.0266
50.7638
50.0266
50.0266
50.7638
50.7615
50.0266
50.7638
50.0266
50.7615
50.0266
50.7638
50.0266
50.0266
50.7638
50.7638
50.7638
50.7638
50.7638
50.7638
50.7615
50.0266
50.7615
50.0266
50.0266
50.0266
50.7638
50.7615
50.0266
50.0266
50.7638
50.7615
50.0266
50.0266
50.0266
50.0266
50.7615
50.7615
50.0266
50.0266
50.0266
50.0266
50.0266
50.0266
50.0266
50.7615
50.7638
50.7615
50.0266
50.0266
50.0266
50.0266
50.0266
50.0266
50.0266
50.0266
50.0266
50.0266
50.0266
50.0266
50.0266
50.0266
50.0266
49.2938
50.0266
50.0266
50.0266
50.0266
49.2938
50.0266
50.0266
50.0266
50.0266
50.0266
50.0266
50.0266
50.0266
50.0266
50.0266
50.0266
50.0266
50.0266
50.0266
49.2938
50.0266
50.0266
50.0266
50.0266
50.0266
50.0266
50.0266
49.2938
49.2938
50.0266
50.0266
49.2938
50.0266
49.2938
50.0266
50.0266
50.0266
49.2916
50.0266
50.0266
49.2916
50.0266
50.0266
49.2916
49.2916
49.2938
49.2916
50.0266
49.2916
49.2916
49.2916
49.2916
49.2916
49.2916
49.2916
49.2938
50.0266
49.2938
49.2916
49.2916
49.2916
49.2938
49.2916
49.2916
49.2916
49.2916
49.2916
49.2938
49.2916
50.0266
49.2938
50.0266
49.2916
49.2916
49.2916
49.2916
49.2916
49.2916
49.2916
49.2916
49.2916
49.2916
49.2916
49.2916
49.2916
49.2938
49.2916
49.2916
49.2916
49.2916
49.2916
49.2916
49.2916
49.2916
49.2916
49.2916
49.2916
49.2916
49.2916
49.2916
49.2916
49.2916
49.2916
49.2916
48.5566
49.2916
49.2916
49.2916
49.2916
49.2916
49.2916
49.2916
49.2916
49.2916
49.2916
49.2916
49.2916
48.5566
49.2916
49.2916
48.5566
49.2916
49.2916
49.2916
49.2916
48.5566
48.5566
48.5566
49.2916
48.5566
49.2916
49.2916
49.2916
49.2916
49.2916
48.5566
48.5566
48.5566
49.2916
48.5566
49.2916
49.2916
48.5566
48.5566
49.2916
49.2916
49.2916
49.2916
49.2916
48.5566
48.5566
49.2916
48.5566
48.5566
48.5566
49.2916
48.5566
49.2916
48.5566
48.5566
49.2916
48.5566
48.5566
48.5566
48.5566
48.5566
48.5566
48.5566
48.5566
49.2916
48.5566
48.5566
48.5566
49.2916
48.5566
48.5566
48.5566
48.5566
48.5566
48.5566
48.5566
48.5566
48.5566
48.5566
48.5566
48.5566
48.5566
48.5566
48.5566
48.5566
48.5566
48.5566
47.8216
48.5566
48.5566
48.5543
48.5543
48.5566
48.5543
48.5566
48.5566
47.8216
48.5566
48.5566
48.5566
47.8216
48.5566
48.5566
48.5566
48.5566
48.5566
48.5566
47.8216
48.5566
48.5566
48.5543
48.5566
48.5566
48.5566
47.8216
47.8216
48.5566
47.8216
47.8216
47.8216
48.5543
48.5543
48.5566
47.8216
47.8216
48.5543
48.5543
48.5566
47.8216
47.8216
48.5566
47.8216
47.8216
47.8216
47.8216
47.8216
47.8216
47.8216
47.8216
47.8216
47.8216
47.8216
48.5566
48.5543
47.8216
47.8216
47.8216
47.8216
47.8216
47.8216
48.5543
48.5543
47.8216
47.8216
47.8216
48.5543
47.8216
48.5566
47.8216
47.8216
47.8216
47.8216
47.8216
47.8216
47.8216
47.8216
47.8216
48.5543
47.8216
47.8216
47.8216
47.8216
47.8216
47.8216
47.8216
47.8216
47.8216
47.8216
48.5543
47.8216
47.8216
47.8216
47.8216
47.8216
47.8216
47.8216
47.8216
47.8193
47.8216
47.8216
47.8216
47.8216
47.8216
47.8216
47.8216
47.0843
47.8216
47.8216
47.8193
47.0843
47.0843
47.8216
47.8216
47.8193
47.8216
47.8193
47.0843
47.8216
47.8216
47.8216
47.8216
47.0843
47.8216
47.8216
47.8216
47.8216
47.8216
47.8216
47.0843
47.8216
47.8193
47.8193
47.8216
47.8193
47.8193
47.8193
47.8193
47.8193
47.0843
47.8193
47.8216
47.8216
47.0843
47.8193
47.8193
47.8216
47.0843
47.0843
47.0843
47.0843
47.0843
47.8216
47.0843
47.0843
47.0843
47.0843
47.0843
47.0843
47.0843
47.0843
47.0843
47.0843
47.0843
47.0843
47.8193
47.0843
47.8193
47.0843
47.8193
47.0843
47.0843
47.0843
47.0843
47.0843
47.0843
47.0843
47.0843
47.0843
47.8193
47.0843
47.0843
47.0843
47.0843
47.0843
47.0843
47.0843
47.0843
47.0843
47.0843
47.0843
47.0843
47.0843
47.0843
47.0843
47.0843
47.0843
47.0843
47.0843
47.0843
47.0843
47.0843
47.0843
47.0843
47.0843
47.0843
46.3493
46.3493
47.0843
46.3493
47.0843
47.0843
46.3493
47.0843
46.3493
47.0843
47.0843
47.0843
47.0843
47.0843
46.3471
46.3471
46.3493
47.0843
46.3471
47.0843
47.0843
47.0843
47.0843
46.3493
47.0843
47.0843
47.0843
46.3471
47.0843
46.3493
46.3493
47.0843
47.0843
47.0843
46.3493
47.0843
47.0843
46.3493
46.3493
47.0843
46.3471
46.3471
46.3471
46.3471
46.3493
46.3471
46.3493
47.0843
46.3471
46.3471
46.3471
46.3471
46.3493
46.3471
46.3471
46.3471
46.3471
47.0843
47.0843
46.3471
46.3471
46.3471
46.3471
46.3471
46.3471
46.3471
46.3471
46.3471
46.3471
46.3471
46.3471
47.0843
46.3471
46.3471
46.3471
46.3471
46.3471
46.3471
46.3471
46.3471
46.3471
46.3471
46.3471
46.3471
46.3471
46.3471
46.3471
46.3471
45.6144
46.3471
46.3471
46.3471
46.3471
46.3471
46.3471
47.0843
46.3471
46.3471
46.3471
46.3471
46.3471
46.3471
46.3471
46.3471
46.3471
46.3471
45.6144
46.3471
46.3471
46.3471
46.3471
46.3471
46.3471
47.0821
46.3471
46.3471
46.3471
45.6144
46.3471
46.3471
46.3471
45.6144
46.3471
46.3471
46.3471
45.6144
45.6144
46.3471
46.3471
45.6144
45.6144
46.3471
45.6144
45.6144
46.3471
46.3471
46.3471
45.6144
45.6144
46.3471
46.3471
45.6144
45.6144
45.6144
46.3471
45.6144
46.3471
45.6144
45.6144
46.3471
45.6144
45.6144
45.6144
45.6144
45.6144
45.6144
45.6144
45.6144
45.6144
45.6144
45.6144
45.6144
45.6144
45.6144
45.6144
45.6144
45.6144
45.6144
45.6144
45.6144
45.6144
45.6144
45.6144
45.6144
45.6144
45.6144
45.6144
45.6144
45.6144
45.6144
45.6144
45.6144
45.6144
45.6144
45.6144
45.6144
45.6144
45.6144
46.3471
45.6144
45.6144
45.6144
45.6144
45.6144
45.6144
45.6144
45.6144
45.6144
45.6144
45.6144
45.6144
45.6144
45.6144
45.6144
45.6144
45.6144
45.6144
45.6144
45.6144
45.6144
45.6144
45.6144
45.6144
45.6121
44.8771
45.6144
45.6144
45.6144
45.6121
45.6144
44.8771
44.8771
45.6144
45.6144
45.6121
45.6121
44.8771
44.8771
45.6144
44.8771
44.8771
44.8771
45.6144
45.6121
45.6121
45.6144
45.6144
44.8771
45.6144
44.8771
44.8771
44.8771
44.8771
44.8771
44.8771
45.6144
44.8771
45.6144
44.8771
45.6144
45.6121
45.6121
44.8771
44.8771
44.8771
44.8771
45.6121
44.8771
44.8771
44.8771
45.6121
44.8771
44.8771
45.6121
45.6144
44.8771
44.8771
45.6121
45.6121
44.8771
44.8771
44.8771
44.8771
45.6121
44.8771
44.8771
44.8771
45.6121
44.8771
44.8771
44.8771
45.6121
44.8771
44.8771
44.8771
44.8771
44.8771
44.8771
44.8771
44.8771
44.8771
44.8771
44.8771
44.8771
44.8771
44.8771
44.8771
44.8771
45.6121
44.8771
44.8771
44.8771
44.8771
44.8771
44.8771
44.8771
44.8771
44.8771
44.8771
44.8771
44.8771
44.8771
44.8771
44.8771
44.8771
44.8771
44.8771
44.8771
44.8771
44.8771
44.8771
44.8771
44.8771
44.8771
44.8771
44.8771
44.8771
44.8771
44.8771
44.8771
44.8771
44.8771
44.8771
44.8771
44.1444
44.8771
44.8771
44.1421
44.8771
44.8771
44.8771
44.8771
44.8771
44.8771
44.8771
44.8771
44.8771
44.8771
44.8771
44.1421
44.8771
44.1421
44.1421
44.8771
44.8771
44.1421
44.8771
44.8771
44.8771
44.1421
44.1444
44.8771
44.8771
44.1421
44.8771
44.1421
44.8771
44.8771
44.1421
44.1421
44.1421
44.1421
44.1421
44.1421
44.1421
44.1421
44.8771
44.1444
44.1421
44.8771
44.8771
44.1421
44.1421
44.1444
44.1421
44.1444
44.1421
44.1421
43.4071
44.1421
44.1421
43.4071
44.1421
44.8771
44.1421
44.1421
44.1444
44.1421
44.1421
44.1421
44.1444
44.1421
44.1421
44.1421
44.1444
44.8771
44.1421
44.1421
44.1421
44.1421
44.1421
43.4071
44.1421
44.1421
44.1421
44.1421
44.1421
44.1421
44.1421
43.4071
44.1421
44.1421
44.1421
44.1421
44.1421
44.1421
44.1421
44.1421
44.1421
44.1421
44.1421
43.4071
44.1421
44.1421
44.1421
43.4071
44.1421
44.1421
44.1421
43.4071
44.1421
44.1421
44.1421
43.4071
43.4071
44.1421
43.4071
43.4071
44.1421
43.4071
44.1421
44.1421
43.4071
44.1421
44.1421
43.4071
43.4071
43.4071
44.1421
43.4071
44.1421
43.4071
43.4071
44.1421
44.1421
43.4071
44.1421
43.4071
43.4071
43.4071
44.1421
43.4071
43.4071
43.4071
43.4071
44.1421
43.4071
44.1421
43.4071
43.4071
43.4071
44.1421
43.4071
43.4071
43.4071
43.4071
44.1421
43.4071
43.4071
43.4071
43.4071
43.4071
43.4071
43.4071
43.4071
43.4071
43.4071
43.4071
43.4071
43.4071
43.4071
43.4071
43.4071
43.4071
44.1421
43.4071
43.4071
43.4071
43.4071
43.4071
43.4071
43.4071
43.4071
43.4071
43.4071
43.4071
43.4071
43.4071
43.4071
43.4071
43.4071
43.4071
43.4071
43.4071
43.4071
43.4071
43.4071
43.4071
43.4071
43.4071
43.4071
43.4071
42.6699
43.4071
43.4071
43.4071
43.4049
43.4071
43.4071
43.4071
42.6699
43.4071
42.6699
43.4071
43.4071
43.4071
43.4071
43.4071
43.4071
42.6699
43.4071
43.4071
43.4071
42.6699
43.4071
43.4049
43.4049
43.4071
43.4071
42.6699
43.4071
43.4071
42.6699
43.4071
43.4071
43.4071
43.4071
43.4071
43.4071
43.4071
43.4071
43.4049
43.4071
43.4071
42.6699
43.4071
43.4049
42.6699
42.6699
42.6699
42.6699
42.6699
42.6699
42.6699
43.4049
42.6699
42.6699
43.4049
42.6699
42.6699
43.4049
43.4049
42.6699
43.4049
43.4049
42.6699
42.6699
42.6699
42.6699
42.6699
42.6699
43.4049
42.6699
42.6699
42.6699
43.4049
42.6699
42.6699
42.6699
42.6699
42.6699
42.6699
42.6699
42.6699
42.6699
42.6699
42.6699
42.6699
42.6677
42.6699
42.6699
43.4049
42.6699
42.6699
42.6699
42.6699
42.6699
42.6699
42.6699
42.6699
42.6699
42.6699
42.6699
42.6699
42.6699
42.6699
42.6699
42.6699
42.6699
42.6699
42.6699
42.6699
42.6699
42.6699
42.6699
42.6677
41.9371
42.6699
42.6699
42.6699
42.6699
42.6677
42.6699
42.6677
42.6699
42.6677
41.9371
42.6699
41.9349
41.9371
41.9349
42.6699
42.6699
42.6677
42.6677
42.6699
42.6699
42.6699
42.6677
42.6699
41.9371
42.6699
41.9349
41.9371
41.9371
41.9371
42.6699
42.6677
42.6677
41.9349
41.9371
41.9349
41.9349
42.6677
41.9371
41.9349
41.9349
42.6677
41.9349
41.9349
41.9371
41.9349
41.9371
41.9349
41.9349
41.9349
41.9349
41.9349
41.9349
41.9371
41.9349
41.9349
41.9349
41.9349
41.9371
41.9349
41.9349
41.9349
41.9349
41.9349
41.9349
41.9349
41.9349
41.9349
41.9349
41.9349
41.9349
41.9349
41.9349
41.9349
41.9349
41.9349
42.6677
41.9349
41.9349
41.9349
41.9349
41.9349
41.9349
41.9349
41.9349
41.9349
41.9349
41.9349
41.9349
41.9349
41.9349
41.9349
41.9349
41.9349
41.9349
41.9349
41.9349
41.9349
41.9349
41.9349
41.9349
41.9349
41.9349
41.9349
41.9349
41.9349
41.9349
41.9349
41.9349
41.9349
41.9349
41.9349
41.9349
41.9349
41.9349
41.9349
41.9349
41.1999
41.9349
41.9349
41.9349
41.9349
41.9349
41.9349
41.9349
41.9349
41.1999
41.9349
41.9349
41.9349
41.9349
41.9349
41.1999
41.9349
41.1999
41.1999
41.9349
41.9349
41.9349
41.9349
41.9349
41.9349
41.9349
41.9349
41.9349
41.9349
41.9349
41.9349
41.9349
41.9349
41.9349
41.9349
41.9349
41.1999
41.9349
41.9349
41.9349
41.9349
41.9349
41.9349
41.9349
41.1977
41.9349
41.9349
41.9349
41.9349
41.9349
41.9349
41.1999
41.9349
41.9349
41.9349
41.1999
41.9349
41.9349
41.1999
41.1999
41.1999
41.9349
41.1999
41.1977
41.9349
41.1977
41.9349
41.1999
41.1999
41.1999
41.1999
41.9349
41.1977
41.9349
41.1977
41.9349
41.1977
41.9349
41.1977
41.1977
41.1999
41.1977
41.1977
41.1977
41.1999
41.1977
41.1977
41.9349
41.1977
41.1977
41.9349
41.1999
41.1977
41.9349
41.1999
41.9349
41.1977
41.9349
41.1977
41.1977
41.1977
41.1977
41.1977
41.1977
41.1977
41.9349
41.1977
41.9349
41.1977
41.1977
41.1977
41.1977
41.1977
41.9327
41.1977
41.1977
41.1999
41.1977
41.1977
41.1999
41.1977
41.1977
41.1977
41.1977
41.1977
41.9349
41.1977
41.1977
41.1977
41.1977
41.1977
41.1977
41.1977
40.4627
41.1977
41.1977
41.1977
41.1977
41.1977
41.1977
41.1977
41.1977
41.1977
41.1977
40.4627
41.1977
41.1977
41.1977
40.4627
40.4627
40.4627
41.1977
40.4627
41.1977
40.4627
41.1977
41.1977
41.1977
40.4627
41.1977
40.4627
40.4627
41.1977
41.1977
40.4627
41.1977
40.4627
41.1977
41.1977
40.4627
40.4627
40.4627
41.1977
40.4627
40.4627
41.1977
40.4627
40.4627
41.1977
40.4627
40.4627
41.1977
41.1977
40.4627
41.1977
40.4627
41.1977
40.4627
40.4627
40.4627
40.4627
40.4627
40.4627
40.4627
40.4627
40.4627
41.1977
39.7277
40.4627
40.4627
41.1977
40.4627
40.4627
41.1977
40.4627
40.4627
41.1977
40.4627
40.4627
40.4627
40.4627
39.7277
40.4627
40.4627
40.4627
40.4627
40.4605
40.4627
40.4627
40.4627
40.4627
40.4627
40.4627
40.4627
40.4627
39.7277
41.1977
40.4627
40.4627
40.4627
40.4627
40.4605
40.4627
40.4627
40.4605
39.7277
40.4627
40.4627
40.4627
40.4627
39.7277
40.4627
39.7277
40.4627
40.4627
40.4627
39.7277
39.7277
39.7277
40.4627
39.7277
39.7277
40.4605
40.4627
40.4627
40.4627
39.7277
39.7277
39.7277
40.4605
40.4627
39.7277
39.7277
40.4605
39.7277
39.7277
39.7277
39.7277
39.7277
40.4605
39.7277
39.7277
40.4605
39.7277
39.7277
39.7277
39.7277
39.7277
39.7277
39.7277
39.7277
39.7277
39.7277
39.7277
39.7277
39.7277
39.7277
39.7277
40.4605
39.7277
39.7277
39.7277
39.7277
39.7277
39.7277
39.7277
39.7277
39.7277
39.7277
39.7277
39.7277
39.7277
39.7277
39.7277
39.7277
40.4605
39.7277
39.7277
39.7277
39.7277
39.7277
39.7277
39.7277
39.7277
39.7277
39.7277
39.7277
39.7277
39.7277
39.7277
39.7277
39.7277
39.7277
39.7277
39.7277
39.7277
39.7277
39.7277
39.7277
38.9927
39.7277
39.7277
39.7277
39.7277
39.7277
39.7277
39.7277
39.7277
39.7277
39.7277
39.7277
39.7277
39.7277
39.7277
39.7277
39.7277
39.7277
39.7277
39.7277
39.7277
39.7277
39.7277
39.7277
39.7277
39.7277
39.7277
39.7277
39.7277
39.7277
39.7277
39.7277
39.7277
38.9927
39.7277
39.7277
39.7277
39.7277
39.7277
39.7277
39.7277
39.7277
39.7277
39.7277
39.7277
39.7277
39.7277
39.7277
39.7277
39.7277
39.7277
39.7277
39.7277
39.7277
39.7277
38.9905
38.9927
39.7277
39.7277
39.7277
39.7277
39.7277
38.9927
38.9927
38.9927
39.7277
38.9927
38.9927
38.9905
39.7277
38.9927
39.7277
38.9905
39.7277
38.9905
39.7277
38.9905
38.9927
39.7277
39.7277
38.9905
38.9905
38.9905
38.9905
38.9905
38.9905
39.7277
38.9905
39.7277
39.7277
39.7277
39.7277
39.7277
39.7277
38.9927
39.7277
38.9927
39.7277
38.9905
38.9905
38.9927
38.9927
38.9905
38.9905
38.9905
38.9905
38.9905
38.9905
39.7277
38.9905
38.9905
39.7277
38.9927
38.9905
38.9905
38.9905
38.9905
38.9905
38.9905
38.9905
38.9905
38.9905
38.9905
38.9905
39.7277
38.9905
38.9905
38.9905
38.9905
38.9905
38.9905
38.9905
38.9905
38.9905
38.9905
38.9905
38.9905
38.9905
38.9927
38.9905
38.9905
38.9905
38.9905
38.9905
38.9905
38.9905
39.7277
39.7277
38.9905
38.9905
38.9905
38.9905
38.9905
38.9905
38.9905
38.9905
38.9905
38.9905
38.9905
38.9905
38.9905
38.9905
38.9905
38.9905
38.9905
38.9905
38.9905
38.9905
38.9905
38.9905
38.9905
38.9905
38.9905
38.9905
38.9905
38.9905
38.9905
38.9905
38.2577
38.9905
38.9905
38.9905
38.9905
38.9905
38.9905
38.9905
38.9905
38.2577
38.9905
38.9905
38.9905
38.9905
38.9905
38.9905
38.2577
38.2577
38.9905
38.9905
38.2577
38.9905
38.2577
38.9905
38.9905
38.9905
38.9905
38.2577
38.9905
38.9905
38.2577
38.2577
38.9905
38.9905
38.9905
38.2577
38.9905
38.9905
38.9905
38.9905
38.2577
38.9905
38.9905
38.2577
38.9905
38.9905
38.2577
38.9905
38.9905
38.9905
38.9905
38.2577
38.9905
38.9905
38.2577
38.2577
38.9905
38.2577
38.9905
38.2577
38.2577
38.9905
38.2577
38.9905
38.9905
38.2577
38.2577
38.2577
38.2577
38.2577
38.2577
38.9905
38.2577
38.9905
38.9905
38.2577
38.9905
38.2577
38.9905
38.9905
38.2577
38.2577
38.9905
38.2577
38.2577
38.2577
38.2577
38.2577
38.2577
38.2577
37.5205
38.2577
38.2577
38.2577
38.2577
38.2577
38.2577
38.9905
38.2577
38.2577
38.2577
38.2577
38.2577
38.2577
38.2577
38.2577
38.2577
38.2577
38.2577
38.2577
38.2577
38.2555
38.2577
38.2577
38.2577
38.2577
38.2577
38.2577
38.2555
38.9905
38.2555
38.2577
38.2555
38.2577
38.2577
37.5205
38.2577
38.2577
38.2577
38.2577
38.2577
38.2577
37.5205
37.5205
38.2555
37.5205
37.5205
38.2577
38.2577
37.5205
37.5205
38.2577
38.2555
37.5205
38.2577
38.2577
37.5205
38.2577
37.5205
37.5205
37.5205
37.5205
37.5205
38.2577
37.5205
37.5205
37.5205
38.2555
37.5205
37.5205
38.2577
38.2577
37.5205
37.5205
38.2555
38.2555
38.2577
37.5205
37.5205
38.2555
37.5205
37.5205
38.2555
37.5205
37.5205
37.5205
37.5205
37.5205
37.5205
38.2555
37.5205
37.5205
37.5205
37.5205
37.5205
37.5205
37.5205
37.5205
37.5205
37.5205
37.5205
37.5205
37.5205
37.5205
37.5205
37.5205
37.5205
37.5205
37.5205
37.5205
37.5205
37.5205
37.5205
37.5205
37.5205
37.5205
37.5205
37.5205
37.5205
37.5205
37.5205
37.5205
37.5205
37.5205
38.2577
37.5205
37.5205
37.5205
37.5205
37.5205
37.5205
37.5205
37.5205
37.5205
38.2555
37.5205
37.5205
37.5205
37.5205
37.5205
37.5205
37.5205
37.5205
37.5182
37.5205
37.5205
37.5205
37.5205
37.5205
36.7855
37.5182
37.5205
37.5205
37.5205
37.5205
37.5205
37.5205
37.5205
37.5205
37.5205
37.5205
37.5205
37.5205
37.5205
37.5205
37.5205
36.7855
37.5205
37.5205
37.5205
36.7855
37.5205
36.7855
37.5182
36.7855
37.5205
37.5205
37.5205
37.5205
37.5182
36.7855
37.5205
37.5182
37.5182
36.7832
36.7832
37.5205
37.5205
37.5182
36.7832
37.5182
36.7855
36.7855
36.7855
37.5182
36.7832
36.7855
36.7832
37.5182
36.7855
36.7855
36.7832
36.7832
36.7832
36.7855
36.7832
36.7832
37.5205
37.5205
36.7832
37.5205
36.7855
37.5205
37.5205
36.7855
36.7855
36.7855
36.7832
37.5205
36.7832
36.7832
36.7832
36.7855
37.5205
36.7832
36.7855
36.7832
36.7832
36.7855
37.5182
36.7832
36.7832
36.7832
37.5205
37.5182
36.7832
36.7832
36.7832
37.5182
36.7832
36.7832
36.7832
36.7832
36.7832
37.5182
37.5205
36.7832
36.7832
36.7832
36.7832
36.7832
36.7832
36.7832
