IEC 61083-2 TDG Version 2.1.0
Data File Version  2.1.0
33 LIC-M3
16 bits, 1000 samples at 10ns
1.000000e-008
374.2381
372.7147
372.7147
372.7147
374.2381
374.2381
374.2381
374.2381
372.7147
374.2381
374.2381
374.2381
372.7147
374.2381
374.2381
372.7147
372.7147
374.2381
372.7147
374.2381
374.2381
372.7147
372.7147
372.7147
374.2381
374.2381
374.2381
372.7147
374.2381
374.2381
374.2381
372.7147
372.7147
372.7147
372.7147
371.1913
374.2381
374.2381
372.7147
372.7147
374.2381
374.2381
372.7147
372.7147
372.7147
374.2381
374.2381
372.7147
372.7147
374.2381
374.2381
374.2381
374.2381
372.7147
374.2381
374.2381
372.7147
374.2381
372.7147
374.2381
374.2381
374.2381
374.2381
374.2381
372.7147
374.2381
374.2381
374.2381
374.2381
374.2381
372.7147
374.2381
371.1913
372.7147
372.7147
372.7147
372.7147
372.7147
372.7147
372.7147
372.7147
374.2381
374.2381
374.2381
372.7147
372.7147
374.2381
374.2381
372.7147
372.7147
374.2381
374.2381
372.7147
374.2381
374.2381
374.2381
374.2381
372.7147
374.2381
374.2381
374.2381
374.2381
374.2381
374.2381
374.2381
372.7147
372.7147
374.2381
372.7147
372.7147
374.2381
374.2381
374.2381
374.2381
374.2381
374.2381
372.7147
372.7147
374.2381
374.2381
374.2381
372.7147
372.7147
372.7147
372.7147
374.2381
372.7147
374.2381
372.7147
374.2381
374.2381
372.7147
372.7147
372.7147
372.7147
372.7147
374.2381
372.7147
372.7147
374.2381
374.2381
374.2381
374.2381
372.7147
374.2381
372.7147
374.2381
374.2381
374.2381
374.2381
374.2381
374.2381
372.7147
374.2381
372.7147
372.7147
372.7147
374.2381
372.7147
374.2381
374.2381
374.2381
372.7147
374.2381
374.2381
374.2381
372.7147
372.7147
374.2381
374.2381
374.2381
372.7147
372.7147
374.2381
374.2381
372.7147
372.7147
374.2381
374.2381
374.2381
372.7147
372.7147
374.2381
374.2381
374.2381
374.2381
374.2381
374.2381
372.7147
374.2381
372.7147
372.7147
372.7147
374.2381
374.2381
374.2381
374.2381
372.7147
374.2381
374.2381
374.2381
374.2381
372.7147
372.7147
372.7147
374.2381
372.7147
374.2381
372.7147
372.7147
374.2381
374.2381
374.2381
374.2381
374.2381
372.7147
374.2381
372.7147
374.2381
374.2381
372.7147
372.7147
372.7147
372.7147
374.2381
372.7147
374.2381
374.2381
372.7147
374.2381
374.2381
372.7147
372.7147
374.2381
372.7147
372.7147
374.2381
374.2381
374.2381
372.7147
372.7147
374.2381
372.7147
374.2381
374.2381
374.2381
374.2381
371.1913
374.2381
374.2381
372.7147
372.7147
374.2381
374.2381
374.2381
374.2381
374.2381
374.2381
374.2381
374.2381
374.2381
374.2381
372.7147
374.2381
372.7147
374.2381
372.7147
374.2381
374.2381
372.7147
374.2381
372.7147
372.7147
374.2381
374.2381
374.2381
372.7147
374.2381
374.2381
374.2381
372.7147
374.2381
374.2381
372.7147
374.2381
374.2381
374.2381
372.7147
372.7147
374.2381
374.2381
374.2381
374.2381
372.7147
372.7147
374.2381
372.7147
374.2381
372.7147
374.2381
372.7147
374.2381
374.2381
372.7147
374.2381
372.7147
374.2381
374.2381
374.2381
374.2381
372.7147
374.2381
372.7147
374.2381
372.7147
374.2381
372.7147
372.7147
372.7147
374.2381
372.7147
372.7147
374.2381
374.2381
374.2381
374.2381
374.2381
372.7147
374.2381
374.2381
374.2381
372.7147
372.7147
374.2381
372.7147
372.7147
372.7147
372.7147
374.2381
374.2381
374.2381
374.2381
372.7147
374.2381
372.7147
372.7147
374.2381
374.2381
374.2381
374.2381
374.2381
374.2381
372.7147
374.2381
374.2381
372.7147
372.7147
374.2381
374.2381
374.2381
374.2381
372.7147
371.1913
372.7147
372.7147
371.1913
371.1913
369.6727
371.1913
369.6727
369.6727
369.6727
369.6727
369.6727
369.6727
369.6727
369.6727
369.6727
368.1493
366.6259
365.1074
365.1074
363.5840
363.5840
362.0654
362.0654
362.0654
359.0186
359.0186
357.5001
354.4581
352.9347
349.8928
343.8089
336.2015
327.0757
314.9030
302.7352
290.5625
281.4366
272.3108
261.6567
252.5308
243.4049
232.7557
220.5830
212.9757
205.3732
202.3313
196.2473
194.7239
190.1586
185.5932
179.5093
173.4206
165.8181
158.2108
150.6035
144.5196
139.9590
135.3937
129.3049
126.2678
121.7025
117.1371
114.0951
109.5298
104.9693
101.9225
97.3571
94.3152
91.2781
88.2313
85.1893
85.1893
82.1473
77.5868
76.0586
73.0215
69.9795
71.4981
80.6239
101.9225
138.4356
181.0327
223.6298
263.1801
299.6932
330.1176
351.4162
365.1074
377.2801
387.9245
387.9245
387.9245
387.9245
387.9245
387.9245
387.9245
387.9245
387.9245
387.9245
387.9245
387.9245
384.8825
383.3640
381.8454
380.3172
378.7986
378.7986
378.7986
375.7567
374.2381
372.7098
371.1913
366.6259
363.5840
362.0654
360.5469
360.5469
360.5469
360.5469
362.0654
362.0654
362.0654
365.1074
365.1074
366.6259
369.6727
368.1542
369.6727
371.1913
371.1913
371.1913
371.1913
372.7147
372.7147
374.2381
374.2381
375.7567
374.2381
375.7567
375.7567
375.7567
374.2381
372.7147
371.1913
371.1913
369.6727
368.1542
368.1493
368.1493
366.6259
366.6259
366.6259
368.1493
366.6259
368.1493
368.1493
368.1542
369.6727
369.6727
369.6727
369.6727
371.1913
372.7147
372.7147
372.7147
372.7147
374.2381
372.7147
372.7147
372.7147
371.1913
372.7147
372.7147
372.7098
371.1913
372.7098
371.1913
371.1913
371.1913
371.1913
371.1913
371.1913
371.1913
371.1913
371.1913
371.1913
372.7147
371.1913
371.1913
371.1913
371.1913
371.1913
371.1913
371.1913
371.1913
371.1913
371.1913
371.1913
371.1913
372.7098
372.7147
371.1913
372.7147
374.2381
372.7147
374.2381
374.2381
374.2381
372.7147
374.2381
372.7147
372.7147
372.7098
372.7147
372.7147
372.7147
372.7098
372.7098
371.1913
371.1913
371.1913
371.1913
371.1913
371.1913
371.1913
372.7147
371.1913
372.7098
372.7147
372.7147
371.1913
372.7147
372.7098
371.1913
372.7098
371.1913
371.1913
372.7098
372.7098
371.1913
372.7098
371.1913
371.1913
371.1913
371.1913
371.1913
372.7147
372.7147
371.1913
372.7147
372.7147
372.7147
371.1913
372.7147
371.1913
372.7147
371.1913
371.1913
372.7147
371.1913
371.1913
371.1913
371.1913
372.7098
371.1913
371.1913
371.1913
371.1913
372.7147
371.1913
372.7147
372.7147
374.2381
374.2381
372.7147
372.7147
374.2381
374.2381
372.7147
372.7147
371.1913
372.7147
371.1913
372.7147
372.7147
371.1913
371.1913
372.7098
371.1913
372.7147
371.1913
372.7147
372.7147
372.7147
372.7147
372.7147
372.7147
372.7098
372.7147
372.7147
372.7147
372.7147
372.7147
372.7098
372.7147
372.7147
372.7098
371.1913
371.1913
372.7147
372.7147
372.7147
371.1913
372.7147
372.7147
372.7147
374.2381
372.7098
372.7147
372.7147
372.7147
372.7147
372.7098
372.7147
372.7147
372.7147
371.1913
372.7098
371.1913
372.7147
371.1913
371.1913
372.7098
372.7147
372.7147
371.1913
372.7147
372.7147
372.7147
374.2381
372.7147
372.7147
374.2381
372.7147
372.7147
372.7147
372.7147
372.7147
372.7147
371.1913
371.1913
371.1913
372.7098
372.7147
372.7147
371.1913
372.7147
372.7147
374.2381
372.7147
374.2381
374.2381
374.2381
372.7147
372.7147
372.7147
374.2381
371.1913
372.7147
372.7147
372.7147
371.1913
371.1913
372.7147
372.7098
372.7098
372.7147
372.7147
372.7147
374.2381
374.2381
372.7147
374.2381
372.7147
372.7147
372.7147
372.7147
372.7147
372.7098
372.7147
372.7147
374.2381
372.7147
372.7147
372.7147
372.7147
372.7147
371.1913
372.7147
372.7147
372.7147
372.7147
372.7147
372.7147
374.2381
372.7147
372.7147
372.7147
374.2381
372.7147
372.7147
372.7147
372.7098
372.7147
372.7147
372.7147
372.7147
372.7147
372.7147
372.7147
372.7147
372.7098
374.2381
372.7147
374.2381
374.2381
372.7147
374.2381
374.2381
372.7147
372.7147
372.7147
372.7147
372.7147
372.7098
371.1913
372.7098
372.7098
372.7147
372.7147
372.7147
372.7147
372.7147
372.7147
372.7147
372.7147
372.7147
372.7147
372.7147
372.7147
374.2381
374.2381
372.7147
372.7098
374.2381
372.7147
372.7147
372.7147
371.1913
372.7147
372.7147
372.7147
372.7147
372.7147
372.7147
374.2381
372.7147
372.7147
372.7147
372.7147
372.7147
372.7147
372.7147
372.7147
372.7147
372.7147
372.7147
372.7147
371.1913
372.7147
372.7147
372.7147
372.7147
374.2381
372.7098
372.7098
372.7098
372.7147
372.7147
371.1913
374.2381
372.7147
374.2381
372.7147
372.7147
374.2381
374.2381
374.2381
374.2381
374.2381
372.7147
372.7147
371.1913
372.7147
372.7147
372.7147
372.7098
372.7147
374.2381
372.7147
372.7147
374.2381
372.7147
372.7147
372.7147
374.2381
372.7147
372.7147
372.7147
372.7147
372.7147
374.2381
372.7147
372.7147
371.1913
372.7147
371.1913
372.7147
372.7147
372.7147
372.7147
374.2381
372.7147
374.2381
372.7147
374.2381
372.7147
372.7147
372.7147
374.2381
372.7147
372.7147
372.7147
372.7147
374.2381
372.7147
372.7147
372.7147
372.7147
372.7147
372.7147
372.7098
372.7147
372.7147
374.2381
372.7147
372.7147
374.2381
372.7147
374.2381
372.7147
372.7147
372.7147
371.1913
372.7147
372.7098
372.7147
372.7147
372.7147
372.7098
372.7147
372.7147
372.7098
372.7147
372.7147
372.7147
372.7147
374.2381
372.7147
372.7147
372.7147
372.7147
372.7147
372.7147
372.7147
372.7147
372.7147
372.7147
372.7147
374.2381
372.7147
372.7147
374.2381
372.7147
372.7147
372.7147
372.7147
374.2381
372.7147
372.7147
374.2381
372.7147
374.2381
372.7147
372.7147
374.2381
372.7147
372.7147
372.7147
372.7147
374.2381
371.1913
371.1913
372.7147
372.7147
372.7147
372.7147
372.7147
372.7147
372.7147
374.2381
372.7147
372.7098
374.2381
372.7147
372.7147
374.2381
374.2381
374.2381
372.7147
372.7147
374.2381
372.7147
374.2381
372.7147
372.7147
372.7147
